u	GluePotFac	MesonPotFac
0.001	4.19613	1.15233
0.011	5.40075	1.07697
0.021	5.92824	1.05319
0.031	6.29157	1.03524
0.041	6.55778	1.01866
0.051	6.75178	1.00206
0.061	6.88647	0.984894
0.071	6.97005	0.966954
0.081	7.00862	0.948172
0.091	7.00724	0.928562
0.101	6.97042	0.908189
0.111	6.90236	0.887144
0.121	6.80704	0.865533
0.131	6.68828	0.843472
0.141	6.54969	0.821081
0.151	6.39474	0.798476
0.161	6.22664	0.775774
0.171	6.04841	0.753082
0.181	5.8628	0.730505
0.191	5.67233	0.708134
0.201	5.47922	0.686057
0.211	5.28546	0.664347
0.221	5.09277	0.643072
0.231	4.9026	0.622288
0.241	4.7162	0.602043
0.251	4.53456	0.582377
0.261	4.35852	0.563319
0.271	4.18868	0.544894
0.281	4.02551	0.527117
0.291	3.86934	0.509998
0.301	3.72036	0.493541
0.311	3.57866	0.477745
0.321	3.44425	0.462605
0.331	3.31704	0.44811
0.341	3.1969	0.43425
0.351	3.08365	0.421008
0.361	2.97707	0.408366
0.371	2.8769	0.396306
0.381	2.78287	0.384806
0.391	2.6947	0.373845
0.401	2.61208	0.3634
0.411	2.53474	0.353448
0.421	2.46235	0.343965
0.431	2.39463	0.334928
0.441	2.33128	0.326314
0.451	2.27203	0.318101
0.461	2.21659	0.310265
0.471	2.16469	0.302784
0.481	2.1161	0.295638
0.491	2.07054	0.288806
0.501	2.0278	0.282267
0.511	1.98764	0.276003
0.521	1.94985	0.269995
0.531	1.91423	0.264225
0.541	1.88057	0.258677
0.551	1.84871	0.253335
0.561	1.81845	0.248184
0.571	1.78963	0.243208
0.581	1.7621	0.238395
0.591	1.7357	0.233732
0.601	1.7103	0.229206
0.611	1.68575	0.224807
0.621	1.66193	0.220523
0.631	1.63871	0.216344
0.641	1.61599	0.212261
0.651	1.59365	0.208264
0.661	1.5716	0.204347
0.671	1.54973	0.200501
0.681	1.52797	0.19672
0.691	1.50622	0.192995
0.701	1.48441	0.189323
0.711	1.46247	0.185697
0.721	1.44034	0.182112
0.731	1.41795	0.178563
0.741	1.39525	0.175047
0.751	1.3722	0.17156
0.761	1.34875	0.168098
0.771	1.32488	0.164659
0.781	1.30055	0.161241
0.791	1.27574	0.15784
0.801	1.25043	0.154456
0.811	1.22462	0.151087
0.821	1.1983	0.147731
0.831	1.17148	0.144389
0.841	1.14416	0.141059
0.851	1.11637	0.137741
0.861	1.08811	0.134436
0.871	1.05942	0.131144
0.881	1.03033	0.127865
0.891	1.00087	0.1246
0.901	0.971087	0.121351
0.911	0.941026	0.118117
0.921	0.910736	0.114901
0.931	0.880269	0.111705
0.941	0.849682	0.108529
0.951	0.819033	0.105376
0.961	0.788383	0.102247
0.971	0.757793	0.0991443
0.981	0.727326	0.0960702
0.991	0.697045	0.0930265
1.001	0.667013	0.0900154
1.011	0.637293	0.087039
1.021	0.607945	0.0840995
1.031	0.57903	0.0811989
1.041	0.550603	0.0783394
1.051	0.522719	0.075523
1.061	0.495431	0.0727517
1.071	0.468785	0.0700275
1.081	0.442825	0.0673522
1.091	0.417593	0.0647276
1.101	0.393123	0.0621554
1.111	0.369448	0.059637
1.121	0.346594	0.0571741
1.131	0.324583	0.0547678
1.141	0.303434	0.0524195
1.151	0.283159	0.0501301
1.161	0.263767	0.0479005
1.171	0.245263	0.0457316
1.181	0.227646	0.043624
1.191	0.210912	0.0415782
1.201	0.195053	0.0395946
1.211	0.180059	0.0376733
1.221	0.165913	0.0358145
1.231	0.152599	0.0340181
1.241	0.140095	0.0322839
1.251	0.12838	0.0306116
1.261	0.117428	0.0290008
1.271	0.107212	0.0274509
1.281	0.0977046	0.0259612
1.291	0.0888757	0.0245309
1.301	0.0806952	0.0231593
1.311	0.0731324	0.0218452
1.321	0.0661559	0.0205877
1.331	0.0597343	0.0193857
1.341	0.0538365	0.0182379
1.351	0.0484314	0.017143
1.361	0.0434886	0.0160998
1.371	0.0389783	0.0151069
1.381	0.0348714	0.0141628
1.391	0.0311398	0.0132661
1.401	0.0277565	0.0124153
1.411	0.0246954	0.011609
1.421	0.0219316	0.0108456
1.431	0.0194415	0.0101236
1.441	0.0172027	0.00944139
1.451	0.0151939	0.00879754
1.461	0.0133953	0.00819047
1.471	0.0117881	0.00761869
1.481	0.010355	0.0070807
1.491	0.00907962	0.00657501
1.501	0.00794697	0.00610017
1.511	0.00694308	0.00565475
1.521	0.0060551	0.00523734
1.531	0.00527122	0.00484659
1.541	0.00458061	0.00448114
1.551	0.00397337	0.00413971
1.561	0.0034405	0.00382102
1.571	0.00297379	0.00352386
1.581	0.00256584	0.00324705
1.591	0.00220994	0.00298945
1.601	0.00190005	0.00274995
1.611	0.00163074	0.0025275
1.621	0.00139714	0.00232108
1.631	0.00119491	0.00212973
1.641	0.00102017	0.00195251
1.651	0.000869469	0.00178854
1.661	0.00073974	0.00163697
1.671	0.000628278	0.00149699
1.681	0.000532688	0.00136784
1.691	0.000450864	0.0012488
1.701	0.000380953	0.00113917
1.711	0.00032133	0.0010383
1.721	0.000270576	0.000945587
1.731	0.00022745	0.000860442
1.741	0.000190873	0.000782321
1.751	0.000159906	0.000710709
1.761	0.000133736	0.000645125
1.771	0.000111661	0.000585115
1.781	9.3073e-05	0.000530256
1.791	7.7449e-05	0.00048015
1.801	6.434e-05	0.000434426
1.811	5.33606e-05	0.000392739
1.821	4.41812e-05	0.000354766
1.831	3.65202e-05	0.000320207
1.841	3.01376e-05	0.000288782
1.851	2.48294e-05	0.000260233
1.861	2.04225e-05	0.000234319
1.871	1.67702e-05	0.000210818
1.881	1.37486e-05	0.000189522
1.891	1.12529e-05	0.000170243
1.901	9.19527e-06	0.000152804
1.911	7.50168e-06	0.000137043
1.921	6.1101e-06	0.000122811
1.931	4.96862e-06	0.000109971
1.941	4.03388e-06	9.83961e-05
1.951	3.26973e-06	8.79705e-05
1.961	2.64608e-06	7.85883e-05
1.971	2.13796e-06	7.01521e-05
1.981	1.72466e-06	6.25729e-05
1.991	1.38904e-06	5.57694e-05
2.001	1.11696e-06	4.96671e-05
2.011	8.96754e-07	4.41985e-05
2.021	7.18824e-07	3.93018e-05
2.031	5.75291e-07	3.49208e-05
2.041	4.59695e-07	3.10044e-05
2.051	3.66751e-07	2.75062e-05
2.061	2.92142e-07	2.43841e-05
2.071	2.32348e-07	2.16e-05
2.081	1.84506e-07	1.91192e-05
2.091	1.46287e-07	1.69106e-05
2.101	1.15805e-07	1.49458e-05
2.111	9.15277e-08	1.31994e-05
2.121	7.22312e-08	1.16483e-05
2.131	5.69192e-08	1.02718e-05
2.141	4.47859e-08	9.05122e-06
2.151	3.51836e-08	7.96971e-06
2.161	2.75955e-08	7.01217e-06
2.171	2.16118e-08	6.1651e-06
2.181	1.69007e-08	5.41635e-06
2.191	1.31972e-08	4.75504e-06
2.201	1.02901e-08	4.1714e-06
2.211	8.00985e-09	3.65666e-06
2.221	6.22564e-09	3.20309e-06
2.231	4.83192e-09	2.80373e-06
2.241	3.74484e-09	2.45238e-06
2.251	2.89816e-09	2.1435e-06
2.261	2.23917e-09	1.87214e-06
2.271	1.72741e-09	1.63394e-06
2.281	1.33074e-09	1.42502e-06
2.291	1.02374e-09	1.24193e-06
2.301	7.86452e-10	1.08158e-06
2.311	6.0313e-10	9.41239e-07
2.321	4.6186e-10	8.1852e-07
2.331	3.53199e-10	7.11296e-07
2.341	2.69736e-10	6.17679e-07
2.351	2.05709e-10	5.36003e-07
2.361	1.56593e-10	4.64785e-07
2.371	1.19046e-10	4.02745e-07
2.381	9.03822e-11	3.48741e-07
2.391	6.85295e-11	3.01768e-07
2.401	5.18764e-11	2.60934e-07
2.411	3.92066e-11	2.25463e-07
2.421	2.95933e-11	1.94679e-07
2.431	2.23088e-11	1.67982e-07
2.441	1.67949e-11	1.44846e-07
2.451	1.26194e-11	1.24804e-07
2.461	9.47017e-12	1.07461e-07
2.471	7.09819e-12	9.24654e-08
2.481	5.31366e-12	7.95077e-08
2.491	3.97034e-12	6.83164e-08
2.501	2.96247e-12	5.86596e-08
2.511	2.20787e-12	5.03338e-08
2.521	1.64351e-12	4.31605e-08
2.531	1.22125e-12	3.69832e-08
2.541	9.06066e-13	3.16678e-08
2.551	6.71481e-13	2.70983e-08
2.561	4.97062e-13	2.31726e-08
2.571	3.67314e-13	1.98017e-08
2.581	2.70989e-13	1.69093e-08
2.591	1.99714e-13	1.44298e-08
2.601	1.47025e-13	1.23058e-08
2.611	1.08044e-13	1.04871e-08
2.621	7.92689e-14	8.93095e-09
2.631	5.80998e-14	7.60075e-09
2.641	4.25396e-14	6.46445e-09
2.651	3.10862e-14	5.49413e-09
2.661	2.26825e-14	4.66626e-09
2.671	1.65354e-14	3.96059e-09
2.681	1.2042e-14	3.35947e-09
2.691	8.75005e-15	2.84752e-09
2.701	6.35033e-15	2.41199e-09
2.711	4.60479e-15	2.04177e-09
2.721	3.33559e-15	1.72728e-09
2.731	2.40994e-15	1.46013e-09
2.741	1.73981e-15	1.23353e-09
2.751	1.255e-15	1.04144e-09
2.761	9.03842e-16	8.7867e-10
2.771	6.49594e-16	7.40814e-10
2.781	4.66547e-16	6.24201e-10
2.791	3.34812e-16	5.25618e-10
2.801	2.39707e-16	4.42286e-10
2.811	1.71399e-16	3.71921e-10
2.821	1.22481e-16	3.12561e-10
2.831	8.74279e-17	2.62509e-10
2.841	6.22351e-17	2.20307e-10
2.851	4.42797e-17	1.84778e-10
2.861	3.14852e-17	1.54886e-10
2.871	2.23365e-17	1.29738e-10
2.881	1.58221e-17	1.08601e-10
2.891	1.12029e-17	9.08536e-11
2.901	7.92452e-18	7.59597e-11
2.911	5.58843e-18	6.3459e-11
2.921	3.93988e-18	5.29848e-11
2.931	2.77636e-18	4.42136e-11
2.941	1.95124e-18	3.68676e-11
2.951	1.36963e-18	3.07223e-11
2.961	9.61162e-19	2.55868e-11
2.971	6.73522e-19	2.1296e-11
2.981	4.70686e-19	1.77118e-11
2.991	3.28919e-19	1.47225e-11
3.001	2.29763e-19	1.22308e-11
3.011	1.59916e-19	1.01528e-11
3.021	1.11273e-19	8.42305e-12
3.031	7.74173e-20	6.98411e-12
3.041	5.37161e-20	5.78684e-12
3.051	3.7216e-20	4.79167e-12
3.061	2.57875e-20	3.96551e-12
3.071	1.78397e-20	3.2797e-12
3.081	1.23064e-20	2.71049e-12
3.091	8.49229e-21	2.23889e-12
3.101	5.85809e-21	1.84831e-12
3.111	4.02364e-21	1.52462e-12
3.121	2.76511e-21	1.25696e-12
3.131	1.90039e-21	1.03574e-12
3.141	1.30079e-21	8.5278e-13
3.151	8.90212e-22	7.01739e-13
3.161	6.09447e-22	5.77156e-13
3.171	4.15828e-22	4.74337e-13
3.181	2.83394e-22	3.8959e-13
3.191	1.93259e-22	3.19826e-13
3.201	1.31446e-22	2.62373e-13
3.211	8.92119e-23	2.15093e-13
3.221	6.06007e-23	1.76248e-13
3.231	4.10888e-23	1.44326e-13
3.241	2.77718e-23	1.18097e-13
3.251	1.8792e-23	9.65902e-14
3.261	1.27014e-23	7.89537e-14
3.271	8.54973e-24	6.44853e-14
3.281	5.76293e-24	5.26444e-14
3.291	3.88278e-24	4.29547e-14
3.301	2.60304e-24	3.50184e-14
3.311	1.74788e-24	2.85359e-14
3.321	1.17383e-24	2.32418e-14
3.331	7.83799e-25	1.89128e-14
3.341	5.24319e-25	1.53836e-14
3.351	3.50959e-25	1.25072e-14
3.361	2.3342e-25	1.0159e-14
3.371	1.55567e-25	8.2483e-15
3.381	1.03777e-25	6.69401e-15
3.391	6.87541e-26	5.42735e-15
3.401	4.56555e-26	4.39863e-15
3.411	3.035e-26	3.56337e-15
3.421	2.00309e-26	2.88388e-15
3.431	1.3254e-26	2.33307e-15
3.441	8.77881e-27	1.88665e-15
3.451	5.7725e-27	1.52414e-15
3.461	3.80629e-27	1.23084e-15
3.471	2.51159e-27	9.93544e-16
3.481	1.64554e-27	8.01207e-16
3.491	1.08138e-27	6.45882e-16
3.501	7.10743e-28	5.20422e-16
3.511	4.64042e-28	4.18931e-16
3.521	3.03951e-28	3.37122e-16
3.531	1.98952e-28	2.71147e-16
3.541	1.2946e-28	2.17885e-16
3.551	8.4528e-29	1.75031e-16
3.561	5.50902e-29	1.40522e-16
3.571	3.5733e-29	1.12722e-16
3.581	2.32593e-29	9.03946e-17
3.591	1.5091e-29	7.24409e-17
3.601	9.75873e-30	5.80088e-17
3.611	6.33312e-30	4.64389e-17
3.621	4.0899e-30	3.71476e-17
3.631	2.63717e-30	2.96958e-17
3.641	1.70643e-30	2.37324e-17
3.651	1.09671e-30	1.89493e-17
3.661	7.05243e-31	1.51223e-17
3.671	4.55019e-31	1.2065e-17
3.681	2.91001e-31	9.61573e-18
3.691	1.86651e-31	7.66084e-18
3.701	1.20077e-31	6.10171e-18
3.711	7.64132e-32	4.85407e-18
3.721	4.88928e-32	3.86079e-18
3.731	3.12829e-32	3.06937e-18
3.741	1.98592e-32	2.43767e-18
3.751	1.26769e-32	1.93565e-18
3.761	8.0644e-33	1.536e-18
3.771	5.10885e-33	1.21786e-18
3.781	3.25358e-33	9.65463e-19
3.791	2.05759e-33	7.64691e-19
3.801	1.30107e-33	6.05321e-19
3.811	8.2661e-34	4.79086e-19
3.821	5.19678e-34	3.78745e-19
3.831	3.28043e-34	2.99328e-19
3.841	2.07717e-34	2.36506e-19
3.851	1.29948e-34	1.86631e-19
3.861	8.18933e-35	1.47262e-19
3.871	5.14966e-35	1.16133e-19
3.881	3.21762e-35	9.14968e-20
3.891	2.02426e-35	7.2082e-20
3.901	1.26402e-35	5.67358e-20
3.911	7.89003e-36	4.46299e-20
3.921	4.95431e-36	3.51043e-20
3.931	3.07258e-36	2.75775e-20
3.941	1.9162e-36	2.16597e-20
3.951	1.19788e-36	1.70074e-20
3.961	7.39803e-37	1.33371e-20
3.971	4.6093e-37	1.04591e-20
3.981	2.8579e-37	8.19641e-21
3.991	1.76468e-37	6.41782e-21
4.001	1.09811e-37	5.02528e-21
4.011	6.75447e-38	3.93033e-21
4.021	4.17054e-38	3.07289e-21
4.031	2.5896e-38	2.40236e-21
4.041	1.58188e-38	1.87528e-21
4.051	9.76559e-39	1.46402e-21
4.061	6.0066e-39	1.14224e-21
4.071	3.67183e-39	8.90331e-22
4.081	2.26539e-39	6.9405e-22
4.091	1.38077e-39	5.40407e-22
4.101	8.44791e-40	4.20623e-22
4.111	5.20293e-40	3.27395e-22
4.121	3.14681e-40	2.54414e-22
4.131	1.92642e-40	1.97743e-22
4.141	1.17375e-40	1.53594e-22
4.151	7.11154e-41	1.19189e-22
4.161	4.35311e-41	9.25076e-23
4.171	2.62576e-41	7.1704e-23
4.181	1.5937e-41	5.55666e-23
4.191	9.71711e-42	4.30574e-23
4.201	5.82712e-42	3.3312e-23
4.211	3.54098e-42	2.578e-23
4.221	2.1334e-42	1.99334e-23
4.231	1.28302e-42	1.54014e-23
4.241	7.79732e-43	1.19026e-23
4.251	4.64818e-43	9.18361e-24
4.261	2.80242e-43	7.08649e-24
4.271	1.68777e-43	5.46607e-24
4.281	1.00533e-43	4.21081e-24
4.291	6.06987e-44	3.245e-24
4.301	3.60969e-44	2.49745e-24
4.311	2.15835e-44	1.92154e-24
4.321	1.29996e-44	1.47858e-24
4.331	7.66783e-45	1.13567e-24
4.341	4.59778e-45	8.72706e-25
4.351	2.729e-45	6.69995e-25
4.361	1.6179e-45	5.13998e-25
4.371	9.71122e-46	3.94472e-25
4.381	5.69304e-46	3.02166e-25
4.391	3.38946e-46	2.31541e-25
4.401	2.00839e-46	1.7732e-25
4.411	1.18049e-46	1.35641e-25
4.421	7.04458e-47	1.03812e-25
4.431	4.1145e-47	7.93165e-26
4.441	2.43214e-47	6.06066e-26
4.451	1.43865e-47	4.6299e-26
4.461	8.38449e-48	3.53152e-26
4.471	4.97417e-48	2.69541e-26
4.481	2.89449e-48	2.05412e-26
4.491	1.6989e-48	1.56518e-26
4.501	1.00295e-48	1.19271e-26
4.511	5.79705e-49	9.07179e-27
4.521	3.41932e-49	6.9051e-27
4.531	1.98193e-49	5.24873e-27
4.541	1.15535e-49	3.9883e-27
4.551	6.80398e-50	3.03157e-27
4.561	3.9018e-50	2.29935e-27
4.571	2.28861e-50	1.74545e-27
4.581	1.32083e-50	1.32332e-27
4.591	7.65002e-51	1.00279e-27
4.601	4.49129e-51	7.60301e-28
4.611	2.5566e-51	5.75068e-28
4.621	1.49169e-51	4.35373e-28
4.631	8.56702e-52	3.29216e-28
4.641	4.93241e-52	2.488e-28
4.651	2.88449e-52	1.88152e-28
4.661	1.63089e-52	1.41924e-28
4.671	9.46945e-53	1.07165e-28
4.681	5.40809e-53	8.08201e-29
4.691	3.0971e-53	6.09164e-29
4.701	1.80235e-53	4.59469e-29
4.711	1.01295e-53	3.45649e-29
4.721	5.85561e-54	2.6032e-29
4.731	3.32283e-54	1.95795e-29
4.741	1.89414e-54	1.47191e-29
4.751	1.09567e-54	1.10725e-29
4.761	6.12642e-55	8.30767e-30
4.771	3.5277e-55	6.24087e-30
4.781	1.98732e-55	4.68108e-30
4.791	1.12851e-55	3.51008e-30
4.801	6.48068e-56	2.63329e-30
4.811	3.60881e-56	1.97066e-30
4.821	2.07089e-56	1.47669e-30
4.831	1.15717e-56	1.10453e-30
4.841	6.55124e-57	8.26158e-31
4.851	3.73005e-57	6.18066e-31
4.861	2.07089e-57	4.61375e-31
4.871	1.18478e-57	3.44877e-31
4.881	6.56151e-58	2.57226e-31
4.891	3.70649e-58	1.9193e-31
4.901	2.08958e-58	1.43178e-31
4.911	1.158e-58	1.06618e-31
4.921	6.607e-59	7.95045e-32
4.931	3.62433e-59	5.91271e-32
4.941	2.04419e-59	4.40131e-32
4.951	1.13971e-59	3.27373e-32
4.961	6.31186e-60	2.43204e-32
4.971	3.59175e-60	1.80923e-32
4.981	1.95093e-60	1.34158e-32
4.991	1.09924e-60	9.96329e-33
5.001	6.05503e-61	7.38865e-33
5.011	3.35461e-61	5.4764e-33
5.021	1.8915e-61	4.06282e-33
5.031	1.02385e-61	3.00493e-33
5.041	5.76441e-62	2.22654e-33
5.051	3.13515e-62	1.64614e-33
5.061	1.739e-62	1.2174e-33
5.071	9.65839e-63	9.00372e-34
5.081	5.24107e-63	6.64454e-34
5.091	2.94816e-63	4.9123e-34
5.101	1.58304e-63	3.62061e-34
5.111	8.79502e-64	2.67183e-34
5.121	4.80669e-64	1.96978e-34
5.131	2.61805e-64	1.45057e-34
5.141	1.47028e-64	1.07e-34
5.151	7.80009e-65	7.86209e-35
5.161	4.3403e-65	5.78958e-35
5.171	2.33347e-65	4.25451e-35
5.181	1.27662e-65	3.1267e-35
5.191	7.0286e-66	2.29878e-35
5.201	3.75271e-66	1.68566e-35
5.211	2.09002e-66	1.2387e-35
5.221	1.10602e-66	9.07303e-36
5.231	6.07806e-67	6.65473e-36
5.241	3.2785e-67	4.87606e-36
5.251	1.76374e-67	3.56869e-36
5.261	9.79567e-68	2.61654e-36
5.271	5.12258e-68	1.91057e-36
5.281	2.82542e-68	1.3986e-36
5.291	1.49401e-68	1.02127e-36
5.301	8.1e-69	7.46077e-37
5.311	4.3882e-69	5.45085e-37
5.321	2.31983e-69	3.97299e-37
5.331	1.28207e-69	2.90265e-37
5.341	6.65872e-70	2.11228e-37
5.351	3.63482e-70	1.54034e-37
5.361	1.9218e-70	1.12131e-37
5.371	1.02755e-70	8.15921e-38
5.381	5.59163e-71	5.94373e-38
5.391	2.90503e-71	4.31466e-38
5.401	1.59321e-71	3.14071e-38
5.411	8.24055e-72	2.27807e-38
5.421	4.45144e-72	1.65493e-38
5.431	2.35295e-72	1.20099e-38
5.441	1.24108e-72	8.70486e-39
5.451	6.77816e-73	6.32233e-39
5.461	3.46335e-73	4.5712e-39
5.471	1.88502e-73	3.31535e-39
5.481	9.70633e-74	2.39682e-39
5.491	5.19106e-74	1.73469e-39
5.501	2.74049e-74	1.25489e-39
5.511	1.42729e-74	9.06067e-40
5.521	7.79537e-75	6.55989e-40
5.531	3.93056e-75	4.72498e-40
5.541	2.12416e-75	3.41463e-40
5.551	1.08781e-75	2.4603e-40
5.561	5.76573e-76	1.77412e-40
5.571	3.03488e-76	1.27923e-40
5.581	1.56313e-76	9.20195e-41
5.591	8.49244e-77	6.63926e-41
5.601	4.24617e-77	4.76528e-41
5.611	2.28052e-77	3.43171e-41
5.621	1.15972e-77	2.46407e-41
5.631	6.10105e-78	1.77053e-41
5.641	3.19435e-78	1.27233e-41
5.651	1.63045e-78	9.11919e-42
5.661	8.81655e-79	6.55737e-42
5.671	4.36658e-79	4.68952e-42
5.681	2.33344e-79	3.36567e-42
5.691	1.176e-79	2.40804e-42
5.701	6.15225e-80	1.72432e-42
5.711	3.19489e-80	1.23477e-42
5.721	1.62017e-80	8.81916e-43
5.731	8.72521e-81	6.32075e-43
5.741	4.27533e-81	4.50357e-43
5.751	2.27626e-81	3.22158e-43
5.761	1.13442e-81	2.29642e-43
5.771	5.91422e-82	1.63897e-43
5.781	3.03643e-82	1.16934e-43
5.791	1.53432e-82	8.32403e-44
5.801	8.21573e-83	5.94599e-44
5.811	3.98698e-83	4.22099e-44
5.821	2.11768e-83	3.00985e-44
5.831	1.04136e-83	2.13727e-44
5.841	5.4222e-84	1.52056e-44
5.851	2.74306e-84	1.08069e-44
5.861	1.38544e-84	7.66864e-45
5.871	7.30454e-85	5.45689e-45
5.881	3.54337e-85	3.86138e-45
5.891	1.87955e-85	2.74498e-45
5.901	9.10262e-86	1.94145e-45
5.911	4.7431e-86	1.37709e-45
5.921	2.35694e-86	9.74778e-46
5.931	1.19354e-86	6.89649e-46
5.941	6.16841e-87	4.88761e-46
5.951	3.00342e-87	3.44819e-46
5.961	1.5919e-87	2.44396e-46
5.971	7.58346e-88	1.72149e-46
5.981	3.96041e-88	1.21756e-46
5.991	1.92816e-88	8.58237e-47
6.001	9.81595e-89	6.05496e-47
6.011	4.95243e-89	4.27293e-47
6.021	2.43009e-89	3.00615e-47
6.031	1.28678e-89	2.12446e-47
6.041	6.02834e-90	1.4902e-47
6.051	3.15754e-90	1.05107e-47
6.061	1.50388e-90	7.37664e-48
6.071	7.71121e-91	5.19058e-48
6.081	3.78596e-91	3.64657e-48
6.091	1.87853e-91	2.55891e-48
6.101	9.64333e-92	1.80027e-48
6.111	4.57826e-92	1.25952e-48
6.121	2.40406e-92	8.85989e-49
6.131	1.12012e-92	6.19043e-49
6.141	5.78863e-93	4.345e-49
6.151	2.76118e-93	3.03835e-49
6.161	1.38843e-93	2.12705e-49
6.171	6.87998e-94	1.4893e-49
6.181	3.32574e-94	1.03956e-49
6.191	1.73626e-94	7.29049e-50
6.201	7.98074e-95	5.07295e-50
6.211	4.1527e-95	3.55201e-50
6.221	1.92552e-95	2.47204e-50
6.231	9.81574e-96	1.72675e-50
6.241	4.68779e-96	1.20301e-50
6.251	2.31287e-96	8.37984e-51
6.261	1.155e-96	5.84682e-51
6.271	5.44749e-97	4.06019e-51
6.281	2.84613e-97	2.83597e-51
6.291	1.28678e-97	1.96433e-51
6.301	6.63743e-98	1.36916e-51
6.311	3.05966e-98	9.49031e-52
6.321	1.54045e-98	6.59806e-52
6.331	7.34925e-99	4.57908e-52
6.341	3.56576e-99	3.17427e-52
6.351	1.78806e-99	2.20659e-52
6.361	8.25555e-100	1.52472e-52
6.371	4.2904e-100	1.06042e-52
6.381	1.91831e-100	7.31317e-53
6.391	9.82312e-101	5.07497e-53
6.401	4.49048e-101	3.50293e-53
6.411	2.23864e-101	2.42441e-53
6.421	1.06265e-101	1.6757e-53
6.431	5.0895e-102	1.15626e-53
6.441	2.54871e-102	8.006e-54
6.451	1.15765e-102	5.50592e-54
6.461	5.991e-103	3.81339e-54
6.471	2.64363e-103	2.61807e-54
6.481	1.34696e-103	1.80915e-54
6.491	6.08388e-104	1.24322e-54
6.501	3.01425e-104	8.56766e-55
6.511	1.41597e-104	5.89606e-55
6.521	6.7286e-105	4.05066e-55
6.531	3.34138e-105	2.79276e-55
6.541	1.50258e-105	1.91214e-55
6.551	7.75403e-106	1.31905e-55
6.561	3.36837e-106	9.01343e-56
6.571	1.71236e-106	6.20359e-56
6.581	7.6089e-107	4.24305e-56
6.591	3.76283e-107	2.91236e-56
6.601	1.73827e-107	1.99488e-56
6.611	8.245e-108	1.36496e-56
6.621	4.02707e-108	9.36739e-57
6.631	1.80642e-108	6.38733e-57
6.641	9.307e-109	4.38927e-57
6.651	3.97071e-109	2.98464e-57
6.661	2.01947e-109	2.04645e-57
6.671	8.78994e-110	1.39277e-57
6.681	4.35824e-110	9.52403e-58
6.691	1.967e-110	6.49105e-58
6.701	9.37254e-111	4.42489e-58
6.711	4.46316e-111	3.02148e-58
6.721	2.01364e-111	2.05257e-58
6.731	1.02837e-111	1.40473e-58
6.741	4.3359e-112	9.50725e-59
6.751	2.2106e-112	6.49555e-59
6.761	9.3922e-113	4.39764e-59
6.771	4.68693e-113	2.99681e-59
6.781	2.05462e-113	2.03154e-59
6.791	9.89378e-114	1.38022e-59
6.801	4.55468e-114	9.37349e-60
6.811	2.08405e-114	6.34646e-60
6.821	1.02539e-114	4.31971e-60
6.831	4.3934e-115	2.91381e-60
6.841	2.24678e-115	1.98403e-60
6.851	9.30202e-116	1.33592e-60
6.861	4.6828e-116	9.07462e-61
6.871	1.9858e-116	6.11693e-61
6.881	9.70775e-117	4.14315e-61
6.891	4.29061e-117	2.79736e-61
6.901	2.00546e-117	1.88844e-61
6.911	9.41012e-118	1.27774e-61
6.921	4.139e-118	8.59407e-62
6.931	2.09759e-118	5.82936e-62
6.941	8.56158e-119	3.90537e-62
6.951	4.34787e-119	2.64482e-62
6.961	1.78166e-119	1.7723e-62
6.971	8.85943e-120	1.19709e-62
6.981	3.74488e-120	8.03265e-63
6.991	1.79642e-120	5.40879e-63
7.001	7.97913e-121	3.63628e-63
7.011	3.63222e-121	2.43985e-63
7.021	1.72759e-121	1.64416e-63
7.031	7.34308e-122	1.09891e-63
7.041	3.75051e-122	7.42023e-64
7.051	1.48936e-122	4.9425e-64
7.061	7.5206e-123	3.3297e-64
7.071	3.04248e-123	2.22001e-64
7.081	1.49874e-123	1.49142e-64
7.091	6.28494e-124	9.95918e-65
7.101	2.97282e-124	6.66878e-65
7.111	1.31742e-124	4.46247e-65
7.121	5.88163e-125	2.9771e-65
7.131	2.8082e-125	1.99721e-65
7.141	1.16393e-125	1.32705e-65
7.151	5.93404e-126	8.91693e-66
7.161	2.31189e-126	5.90704e-66
7.171	1.16414e-126	3.95975e-66
7.181	4.62743e-127	2.62594e-66
7.191	2.26962e-127	1.75522e-66
7.201	9.37134e-128	1.16591e-66
7.211	4.40385e-128	7.76692e-67
7.221	1.92687e-128	5.17053e-67
7.231	8.5221e-129	3.43138e-67
7.241	4.03086e-129	2.29038e-67
7.251	1.64928e-129	1.51369e-67
7.261	8.40662e-130	1.01238e-67
7.271	3.20311e-130	6.66798e-68
7.281	1.61438e-130	4.44911e-68
7.291	6.26778e-131	2.93349e-68
7.301	3.08016e-131	1.95168e-68
7.311	1.24082e-131	1.28896e-68
7.321	5.84667e-132	8.54663e-69
7.331	2.49415e-132	5.65701e-69
7.341	1.10623e-132	3.7366e-69
7.351	5.10222e-133	2.47994e-69
7.361	2.09179e-133	1.63117e-69
7.371	1.06258e-133	1.08593e-69
7.381	3.96604e-134	7.11057e-70
7.391	2.00748e-134	4.72403e-70
7.401	7.56955e-135	3.09553e-70
7.411	3.75027e-135	2.05082e-70
7.421	1.46043e-135	1.34594e-70
7.431	6.96582e-136	8.88749e-71
7.441	2.85942e-136	5.84528e-71
7.451	1.28856e-136	3.84515e-71
7.461	5.69745e-137	2.53567e-71
7.471	2.37935e-137	1.66101e-71
7.481	1.15642e-137	1.09874e-71
7.491	4.39895e-138	7.16476e-72
7.501	2.2398e-138	4.74105e-72
7.511	8.17319e-139	3.08632e-72
7.521	4.1002e-139	2.03695e-72
7.531	1.53253e-139	1.32778e-72
7.541	7.45714e-140	8.73582e-73
7.551	2.9122e-140	5.70549e-73
7.561	1.34923e-140	3.74014e-73
7.571	5.62779e-141	2.44886e-73
7.581	2.43314e-141	1.59873e-73
7.591	1.10818e-141	1.04991e-73
7.601	4.38467e-142	6.82354e-74
7.611	2.22315e-142	4.49634e-74
7.621	7.92211e-143	2.90824e-74
7.631	4.02687e-143	1.91275e-74
7.641	1.44081e-143	1.23788e-74
7.651	7.17903e-144	8.1184e-75
7.661	2.64922e-144	5.26245e-75
7.671	1.27179e-144	3.43966e-75
7.681	4.94498e-145	2.23455e-75
7.691	2.24197e-145	1.4549e-75
7.701	9.39937e-146	9.47776e-76
7.711	3.94076e-146	6.14421e-76
7.721	1.82179e-146	4.01556e-76
7.731	6.92543e-147	2.59093e-76
7.741	3.55114e-147	1.69841e-76
7.751	1.22107e-147	1.09104e-76
7.761	6.21477e-148	7.13466e-77
7.771	2.16895e-148	4.5884e-77
7.781	1.07971e-148	2.9916e-77
7.791	3.89857e-149	1.92731e-77
7.801	1.86386e-149	1.25219e-77
7.811	7.12023e-150	8.08608e-78
7.821	3.20137e-150	5.23255e-78
7.831	1.32531e-150	3.38879e-78
7.841	5.48195e-151	2.1831e-78
7.851	2.51683e-151	1.41867e-78
7.861	9.38384e-152	9.09478e-79
7.871	4.83168e-152	5.93036e-79
7.881	1.61132e-152	3.78361e-79
7.891	8.24801e-153	2.46116e-79
7.901	2.78704e-153	1.57201e-79
7.911	1.39744e-153	1.01952e-79
7.921	4.8779e-154	6.52339e-80
7.931	2.35178e-154	4.21582e-80
7.941	8.6758e-155	2.70389e-80
7.951	3.9361e-155	1.74037e-80
7.961	1.57314e-155	1.1195e-80
7.971	6.56329e-156	7.17315e-81
7.981	2.91201e-156	4.63012e-81
7.991	1.09306e-156	2.95208e-81
8.001	5.49744e-157	1.91292e-81
8.011	1.82414e-157	1.2132e-81
8.021	9.42599e-158	7.8537e-82
8.031	3.06281e-158	4.97925e-82
8.041	1.55893e-158	3.21414e-82
8.051	5.19776e-159	2.04106e-82
8.061	2.55966e-159	1.31303e-82
8.071	8.95624e-160	8.35672e-83
8.081	4.17647e-160	5.35479e-83
8.091	1.57283e-160	3.41769e-83
8.101	6.7818e-161	2.18024e-83
8.111	2.82095e-161	1.39625e-83
8.121	1.09825e-161	8.86333e-84
8.131	5.16634e-162	5.69814e-84
8.141	1.77881e-162	3.59799e-84
8.151	9.28223e-163	2.31896e-84
8.161	2.89223e-163	1.45858e-84
8.171	1.50043e-163	9.37642e-85
8.181	4.74168e-164	5.90529e-85
8.191	2.40654e-164	3.78427e-85
8.201	7.87599e-165	2.38797e-85
8.211	3.83233e-165	1.52462e-85
8.221	1.33134e-165	9.64535e-86
8.231	6.06564e-166	6.13211e-86
8.241	2.29775e-166	3.89165e-86
8.251	9.55686e-167	2.46243e-86
8.261	4.0539e-167	1.56852e-86
8.271	1.5023e-167	9.87327e-87
8.281	7.30249e-168	6.31527e-87
8.291	2.36339e-168	3.95309e-87
8.301	1.24586e-168	2.53177e-87
8.311	3.7355e-169	1.58062e-87
8.321	1.95519e-169	1.00955e-87
8.331	5.9596e-170	6.31201e-88
8.341	3.04417e-170	4.01827e-88
8.351	9.64466e-171	2.51761e-88
8.361	4.70509e-171	1.59657e-88
8.371	1.59042e-171	1.00304e-88
8.381	7.22624e-172	6.33298e-89
8.391	2.68064e-172	3.99186e-89
8.401	1.10448e-172	2.50804e-89
8.411	4.62227e-173	1.58701e-89
8.421	1.68365e-173	9.91755e-90
8.431	8.14052e-174	6.30278e-90
8.441	2.56748e-174	3.91607e-90
8.451	1.37086e-174	2.49357e-90
8.461	3.93209e-175	1.54422e-90
8.471	2.09136e-175	9.80626e-91
8.481	6.07645e-176	6.08157e-91
8.491	3.16457e-176	3.84934e-91
8.501	9.52393e-177	2.3922e-91
8.511	4.75169e-177	1.50835e-91
8.521	1.52127e-177	9.39909e-92
8.531	7.08552e-178	5.90041e-92
8.541	2.48506e-178	3.68894e-92
8.551	1.05059e-178	2.3044e-92
8.561	4.15682e-179	1.44631e-92
8.571	1.55186e-179	8.986e-93
8.581	7.11035e-180	5.66467e-93
8.591	2.2898e-180	3.49897e-93
8.601	1.23858e-180	2.21632e-93
8.611	3.38719e-181	1.36054e-93
8.621	1.83973e-181	8.5963e-94
8.631	5.04612e-182	5.28346e-94
8.641	2.70961e-182	3.32797e-94
8.651	7.61062e-183	2.04922e-94
8.661	3.95815e-183	1.28607e-94
8.671	1.16824e-183	7.93874e-95
8.681	5.73754e-184	4.96134e-95
8.691	1.83318e-184	3.07208e-95
8.701	8.26015e-185	1.91078e-95
8.711	2.94792e-185	1.18755e-95
8.721	1.18272e-185	7.34735e-96
8.731	4.8571e-186	4.58589e-96
8.741	1.68776e-186	2.82095e-96
8.751	8.17606e-187	1.7691e-96
8.761	2.40747e-187	1.08152e-96
8.771	1.33161e-187	6.80293e-97
8.781	3.44631e-188	4.14079e-97
8.791	1.91262e-188	2.59761e-97
8.801	4.9755e-189	1.58333e-97
8.811	2.72355e-189	9.90029e-98
8.821	7.28507e-190	6.0469e-98
8.831	3.84575e-190	3.76655e-98
8.841	1.08776e-190	2.3067e-98
8.851	5.38708e-191	1.43051e-98
8.861	1.66346e-191	8.78965e-99
8.871	7.49199e-192	5.42397e-99
8.881	2.61067e-192	3.34575e-99
8.891	1.0358e-192	2.05331e-99
8.901	4.2012e-193	1.27225e-99
8.911	1.42647e-193	7.76129e-100
8.921	6.9074e-194	4.83292e-100
8.931	1.96249e-194	2.92946e-100
8.941	1.11152e-194	1.83106e-100
8.951	2.70791e-195	1.1042e-100
8.961	1.54661e-195	6.88341e-101
8.971	3.76651e-196	4.15664e-101
8.981	2.1331e-196	2.58283e-101
8.991	5.31212e-197	1.5628e-101
9.001	2.9163e-197	9.67397e-102
9.011	7.64202e-198	5.86894e-102
9.021	3.95327e-198	3.61707e-102
9.031	1.12691e-198	2.20157e-102
9.041	5.31646e-199	1.35014e-102
9.051	1.70779e-199	8.24978e-103
9.061	7.09998e-200	5.03155e-103
9.071	2.65841e-200	3.0882e-103
9.081	9.43088e-201	1.87221e-103
9.091	4.23571e-201	1.15487e-103
9.101	1.249e-201	6.95611e-104
9.111	6.86949e-202	4.31441e-104
9.121	1.65503e-202	2.58088e-104
9.131	9.75222e-203	1.60024e-104
9.141	2.20456e-203	9.56294e-105
9.151	1.3056e-203	5.91173e-105
9.161	2.96928e-204	3.53886e-105
9.171	1.73213e-204	2.17995e-105
9.181	4.07026e-205	1.30802e-105
9.191	2.27729e-205	8.02423e-106
9.201	5.71342e-206	4.8291e-106
9.211	2.9677e-206	2.94858e-106
9.221	8.24832e-207	1.78092e-106
9.231	3.83532e-207	1.08168e-106
9.241	1.22629e-207	6.56092e-107
9.251	4.92016e-208	3.9618e-107
9.261	1.87338e-208	2.41459e-107
9.271	6.27545e-209	1.44884e-107
9.281	2.92592e-209	8.87742e-108
9.291	7.97778e-210	5.29067e-108
9.301	4.64137e-210	3.26059e-108
9.311	1.01456e-210	1.92927e-108
9.321	6.24745e-211	1.18765e-108
9.331	1.29724e-211	7.02583e-109
9.341	8.06534e-212	4.31191e-109
9.351	1.67826e-212	2.55535e-109
9.361	1.03155e-212	1.56262e-109
9.371	2.21262e-213	9.28281e-110
9.381	1.30696e-213	5.65275e-110
9.391	2.99307e-214	3.36828e-110
9.401	1.6404e-214	2.04134e-110
9.411	4.1742e-215	1.22084e-110
9.421	2.04023e-215	7.35941e-111
9.431	6.00964e-216	4.42031e-111
9.441	2.51613e-216	2.64893e-111
9.451	8.90841e-217	1.59883e-111
9.461	3.08062e-217	9.51967e-112
9.471	1.35184e-217	5.77716e-112
9.481	3.75215e-218	3.41607e-112
9.491	2.08478e-218	2.08543e-112
9.501	4.56081e-219	1.22409e-112
9.511	2.93494e-219	7.4893e-113
9.521	5.5583e-220	4.38032e-113
9.531	3.66368e-220	2.67239e-113
9.541	6.83457e-221	1.56543e-113
9.551	4.53025e-221	9.51808e-114
9.561	8.54457e-222	5.58758e-114
9.571	5.54748e-222	3.38385e-114
9.581	1.095e-222	1.99205e-114
9.591	6.72595e-223	1.2009e-114
9.601	1.44827e-223	7.09388e-115
9.611	8.07362e-224	4.25459e-115
9.621	1.98387e-224	2.52347e-115
9.631	9.59646e-225	1.50483e-115
9.641	2.81144e-225	8.9672e-116
9.651	1.13008e-225	5.31401e-116
9.661	4.10004e-226	3.18327e-116
9.671	1.31993e-226	1.87364e-116
9.681	6.10509e-227	1.12891e-116
9.691	1.53213e-227	6.59638e-117
9.701	9.20507e-228	3.99954e-117
9.711	1.77324e-228	2.31903e-117
9.721	1.22531e-228	1.40807e-117
9.731	2.05648e-229	8.1417e-118
9.741	1.46975e-229	4.92915e-118
9.751	2.40664e-230	2.85468e-118
9.761	1.74591e-230	1.72231e-118
9.771	2.86729e-231	9.99671e-119
9.781	2.05312e-231	6.00705e-119
9.791	3.51154e-232	3.49655e-119
9.801	2.38927e-232	2.09142e-119
9.811	4.45719e-233	1.22159e-119
9.821	2.75069e-233	7.26893e-120
9.831	5.88795e-234	4.2632e-120
9.841	3.13241e-234	2.52216e-120
9.851	8.08227e-235	1.48623e-120
9.861	3.52868e-235	8.73717e-121
9.871	1.14518e-235	5.17597e-121
9.881	3.93431e-236	3.02195e-121
9.891	1.65917e-236	1.80077e-121
9.901	4.3469e-237	1.04363e-121
9.911	2.43449e-237	6.25885e-122
9.921	4.77054e-238	3.59891e-122
9.931	3.50895e-238	2.17127e-122
9.941	5.22136e-239	1.23934e-122
9.951	4.05862e-239	7.45735e-123
9.961	5.73573e-240	4.2621e-123
9.971	4.64918e-240	2.55645e-123
9.981	6.38175e-241	1.46385e-123
9.991	5.2718e-241	8.7476e-124
