W	Pred
1.5	781.667
1.6	746.494
1.7	715.404
1.8	687.732
1.9	662.952
2	640.637
2.1	620.445
2.2	602.09
2.3	585.339
2.4	569.995
2.5	555.892
2.6	542.89
2.7	530.869
2.8	519.725
2.9	509.37
3	499.726
3.1	490.725
3.2	482.308
3.3	474.422
3.4	467.022
3.5	460.067
3.6	453.519
3.7	447.346
3.8	441.519
3.9	436.012
4	430.8
4.1	425.863
4.2	421.182
4.3	416.737
4.4	412.514
4.5	408.498
4.6	404.675
4.7	401.033
4.8	397.561
4.9	394.249
5	391.086
5.1	388.065
5.2	385.176
5.3	382.413
5.4	379.769
5.5	377.237
5.6	374.811
5.7	372.485
5.8	370.255
5.9	368.115
6	366.061
6.1	364.088
6.2	362.194
6.3	360.373
6.4	358.623
6.5	356.94
6.6	355.321
6.7	353.763
6.8	352.264
6.9	350.82
7	349.43
7.1	348.092
7.2	346.802
7.3	345.56
7.4	344.362
7.5	343.208
7.6	342.095
7.7	341.022
7.8	339.987
7.9	338.989
8	338.027
8.1	337.099
8.2	336.203
8.3	335.339
8.4	334.505
8.5	333.701
8.6	332.925
8.7	332.176
8.8	331.454
8.9	330.756
9	330.084
9.1	329.435
9.2	328.809
9.3	328.205
9.4	327.623
9.5	327.061
9.6	326.519
9.7	325.997
9.8	325.493
9.9	325.007
10	324.54
10.1	324.089
10.2	323.655
10.3	323.236
10.4	322.834
10.5	322.446
10.6	322.073
10.7	321.714
10.8	321.369
10.9	321.038
11	320.719
11.1	320.413
11.2	320.12
11.3	319.838
11.4	319.568
11.5	319.309
11.6	319.061
11.7	318.824
11.8	318.597
11.9	318.381
12	318.174
12.1	317.976
12.2	317.788
12.3	317.61
12.4	317.44
12.5	317.278
12.6	317.125
12.7	316.98
12.8	316.844
12.9	316.714
13	316.593
13.1	316.479
13.2	316.372
13.3	316.272
13.4	316.179
13.5	316.093
13.6	316.013
13.7	315.94
13.8	315.873
13.9	315.812
14	315.757
14.1	315.708
14.2	315.664
14.3	315.626
14.4	315.593
14.5	315.566
14.6	315.544
14.7	315.527
14.8	315.514
14.9	315.507
15	315.504
15.1	315.506
15.2	315.513
15.3	315.524
15.4	315.539
15.5	315.559
15.6	315.582
15.7	315.61
15.8	315.641
15.9	315.677
16	315.716
16.1	315.759
16.2	315.806
16.3	315.856
16.4	315.91
16.5	315.967
16.6	316.027
16.7	316.091
16.8	316.158
16.9	316.228
17	316.301
17.1	316.377
17.2	316.457
17.3	316.539
17.4	316.623
17.5	316.711
17.6	316.802
17.7	316.895
17.8	316.99
17.9	317.089
18	317.189
18.1	317.293
18.2	317.398
18.3	317.506
18.4	317.617
18.5	317.729
18.6	317.844
18.7	317.962
18.8	318.081
18.9	318.202
19	318.326
19.1	318.451
19.2	318.579
19.3	318.708
19.4	318.84
19.5	318.973
19.6	319.108
19.7	319.245
19.8	319.384
19.9	319.525
20	319.667
20.1	319.811
20.2	319.957
20.3	320.104
20.4	320.253
20.5	320.403
20.6	320.555
20.7	320.709
20.8	320.864
20.9	321.021
21	321.178
21.1	321.338
21.2	321.499
21.3	321.661
21.4	321.824
21.5	321.989
21.6	322.155
21.7	322.322
21.8	322.491
21.9	322.661
22	322.832
22.1	323.004
22.2	323.177
22.3	323.352
22.4	323.528
22.5	323.704
22.6	323.882
22.7	324.061
22.8	324.241
22.9	324.422
23	324.604
23.1	324.787
23.2	324.971
23.3	325.156
23.4	325.342
23.5	325.529
23.6	325.717
23.7	325.905
23.8	326.095
23.9	326.285
24	326.476
24.1	326.669
24.2	326.861
24.3	327.055
24.4	327.25
24.5	327.445
24.6	327.641
24.7	327.838
24.8	328.036
24.9	328.234
25	328.433
25.1	328.633
25.2	328.833
25.3	329.035
25.4	329.236
25.5	329.439
25.6	329.642
25.7	329.846
25.8	330.05
25.9	330.256
26	330.461
26.1	330.668
26.2	330.874
26.3	331.082
26.4	331.29
26.5	331.499
26.6	331.708
26.7	331.917
26.8	332.128
26.9	332.338
27	332.55
27.1	332.762
27.2	332.974
27.3	333.187
27.4	333.4
27.5	333.614
27.6	333.828
27.7	334.043
27.8	334.258
27.9	334.473
28	334.689
28.1	334.906
28.2	335.123
28.3	335.34
28.4	335.558
28.5	335.776
28.6	335.994
28.7	336.213
28.8	336.433
28.9	336.652
29	336.872
29.1	337.093
29.2	337.313
29.3	337.535
29.4	337.756
29.5	337.978
29.6	338.2
29.7	338.422
29.8	338.645
29.9	338.868
30	339.092
30.1	339.315
30.2	339.54
30.3	339.764
30.4	339.989
30.5	340.213
30.6	340.439
30.7	340.664
30.8	340.89
30.9	341.116
31	341.342
31.1	341.569
31.2	341.796
31.3	342.023
31.4	342.25
31.5	342.477
31.6	342.705
31.7	342.933
31.8	343.161
31.9	343.39
32	343.619
32.1	343.847
32.2	344.077
32.3	344.306
32.4	344.535
32.5	344.765
32.6	344.995
32.7	345.225
32.8	345.456
32.9	345.686
33	345.917
33.1	346.148
33.2	346.379
33.3	346.61
33.4	346.841
33.5	347.073
33.6	347.305
33.7	347.537
33.8	347.769
33.9	348.001
34	348.233
34.1	348.466
34.2	348.698
34.3	348.931
34.4	349.164
34.5	349.397
34.6	349.63
34.7	349.864
34.8	350.097
34.9	350.331
35	350.564
35.1	350.798
35.2	351.032
35.3	351.266
35.4	351.5
35.5	351.735
35.6	351.969
35.7	352.204
35.8	352.438
35.9	352.673
36	352.908
36.1	353.143
36.2	353.378
36.3	353.613
36.4	353.848
36.5	354.083
36.6	354.319
36.7	354.554
36.8	354.79
36.9	355.025
37	355.261
37.1	355.497
37.2	355.733
37.3	355.969
37.4	356.205
37.5	356.441
37.6	356.677
37.7	356.913
37.8	357.149
37.9	357.386
38	357.622
38.1	357.859
38.2	358.095
38.3	358.332
38.4	358.568
38.5	358.805
38.6	359.042
38.7	359.278
38.8	359.515
38.9	359.752
39	359.989
39.1	360.226
39.2	360.463
39.3	360.7
39.4	360.937
39.5	361.174
39.6	361.411
39.7	361.648
39.8	361.886
39.9	362.123
40	362.36
40.1	362.597
40.2	362.835
40.3	363.072
40.4	363.309
40.5	363.547
40.6	363.784
40.7	364.022
40.8	364.259
40.9	364.497
41	364.734
41.1	364.972
41.2	365.209
41.3	365.447
41.4	365.684
41.5	365.922
41.6	366.159
41.7	366.397
41.8	366.635
41.9	366.872
42	367.11
42.1	367.347
42.2	367.585
42.3	367.823
42.4	368.06
42.5	368.298
42.6	368.536
42.7	368.773
42.8	369.011
42.9	369.248
43	369.486
43.1	369.724
43.2	369.961
43.3	370.199
43.4	370.436
43.5	370.674
43.6	370.912
43.7	371.149
43.8	371.387
43.9	371.624
44	371.862
44.1	372.099
44.2	372.337
44.3	372.574
44.4	372.812
44.5	373.049
44.6	373.287
44.7	373.524
44.8	373.762
44.9	373.999
45	374.236
45.1	374.474
45.2	374.711
45.3	374.948
45.4	375.186
45.5	375.423
45.6	375.66
45.7	375.897
45.8	376.135
45.9	376.372
46	376.609
46.1	376.846
46.2	377.083
46.3	377.32
46.4	377.557
46.5	377.794
46.6	378.031
46.7	378.268
46.8	378.505
46.9	378.742
47	378.979
47.1	379.216
47.2	379.453
47.3	379.689
47.4	379.926
47.5	380.163
47.6	380.399
47.7	380.636
47.8	380.873
47.9	381.109
48	381.346
48.1	381.582
48.2	381.819
48.3	382.055
48.4	382.291
48.5	382.528
48.6	382.764
48.7	383
48.8	383.236
48.9	383.472
49	383.709
49.1	383.945
49.2	384.181
49.3	384.417
49.4	384.653
49.5	384.889
49.6	385.124
49.7	385.36
49.8	385.596
49.9	385.832
50	386.067
50.1	386.303
50.2	386.539
50.3	386.774
50.4	387.01
50.5	387.245
50.6	387.48
50.7	387.716
50.8	387.951
50.9	388.186
51	388.422
51.1	388.657
51.2	388.892
51.3	389.127
51.4	389.362
51.5	389.597
51.6	389.832
51.7	390.067
51.8	390.301
51.9	390.536
52	390.771
52.1	391.005
52.2	391.24
52.3	391.475
52.4	391.709
52.5	391.944
52.6	392.178
52.7	392.412
52.8	392.647
52.9	392.881
53	393.115
53.1	393.349
53.2	393.583
53.3	393.817
53.4	394.051
53.5	394.285
53.6	394.519
53.7	394.752
53.8	394.986
53.9	395.22
54	395.453
54.1	395.687
54.2	395.92
54.3	396.154
54.4	396.387
54.5	396.621
54.6	396.854
54.7	397.087
54.8	397.32
54.9	397.553
55	397.786
55.1	398.019
55.2	398.252
55.3	398.485
55.4	398.718
55.5	398.951
55.6	399.183
55.7	399.416
55.8	399.648
55.9	399.881
56	400.113
56.1	400.346
56.2	400.578
56.3	400.81
56.4	401.042
56.5	401.274
56.6	401.506
56.7	401.738
56.8	401.97
56.9	402.202
57	402.434
57.1	402.666
57.2	402.897
57.3	403.129
57.4	403.361
57.5	403.592
57.6	403.824
57.7	404.055
57.8	404.286
57.9	404.517
58	404.749
58.1	404.98
58.2	405.211
58.3	405.442
58.4	405.673
58.5	405.903
58.6	406.134
58.7	406.365
58.8	406.596
58.9	406.826
59	407.057
59.1	407.287
59.2	407.518
59.3	407.748
59.4	407.978
59.5	408.208
59.6	408.439
59.7	408.669
59.8	408.899
59.9	409.129
60	409.358
60.1	409.588
60.2	409.818
60.3	410.048
60.4	410.277
60.5	410.507
60.6	410.736
60.7	410.966
60.8	411.195
60.9	411.424
61	411.654
61.1	411.883
61.2	412.112
61.3	412.341
61.4	412.57
61.5	412.799
61.6	413.027
61.7	413.256
61.8	413.485
61.9	413.714
62	413.942
62.1	414.171
62.2	414.399
62.3	414.627
62.4	414.856
62.5	415.084
62.6	415.312
62.7	415.54
62.8	415.768
62.9	415.996
63	416.224
63.1	416.452
63.2	416.679
63.3	416.907
63.4	417.135
63.5	417.362
63.6	417.59
63.7	417.817
63.8	418.044
63.9	418.272
64	418.499
64.1	418.726
64.2	418.953
64.3	419.18
64.4	419.407
64.5	419.634
64.6	419.86
64.7	420.087
64.8	420.314
64.9	420.54
65	420.767
65.1	420.993
65.2	421.22
65.3	421.446
65.4	421.672
65.5	421.898
65.6	422.125
65.7	422.351
65.8	422.577
65.9	422.802
66	423.028
66.1	423.254
66.2	423.48
66.3	423.705
66.4	423.931
66.5	424.156
66.6	424.382
66.7	424.607
66.8	424.832
66.9	425.058
67	425.283
67.1	425.508
67.2	425.733
67.3	425.958
67.4	426.183
67.5	426.407
67.6	426.632
67.7	426.857
67.8	427.081
67.9	427.306
68	427.53
68.1	427.755
68.2	427.979
68.3	428.203
68.4	428.427
68.5	428.651
68.6	428.875
68.7	429.099
68.8	429.323
68.9	429.547
69	429.771
69.1	429.995
69.2	430.218
69.3	430.442
69.4	430.665
69.5	430.889
69.6	431.112
69.7	431.335
69.8	431.558
69.9	431.782
70	432.005
70.1	432.228
70.2	432.451
70.3	432.674
70.4	432.896
70.5	433.119
70.6	433.342
70.7	433.564
70.8	433.787
70.9	434.009
71	434.232
71.1	434.454
71.2	434.676
71.3	434.898
71.4	435.12
71.5	435.343
71.6	435.564
71.7	435.786
71.8	436.008
71.9	436.23
72	436.452
72.1	436.673
72.2	436.895
72.3	437.116
72.4	437.338
72.5	437.559
72.6	437.78
72.7	438.002
72.8	438.223
72.9	438.444
73	438.665
73.1	438.886
73.2	439.107
73.3	439.328
73.4	439.548
73.5	439.769
73.6	439.99
73.7	440.21
73.8	440.431
73.9	440.651
74	440.871
74.1	441.092
74.2	441.312
74.3	441.532
74.4	441.752
74.5	441.972
74.6	442.192
74.7	442.412
74.8	442.632
74.9	442.851
75	443.071
75.1	443.29
75.2	443.51
75.3	443.729
75.4	443.949
75.5	444.168
75.6	444.387
75.7	444.607
75.8	444.826
75.9	445.045
76	445.264
76.1	445.483
76.2	445.701
76.3	445.92
76.4	446.139
76.5	446.358
76.6	446.576
76.7	446.795
76.8	447.013
76.9	447.231
77	447.45
77.1	447.668
77.2	447.886
77.3	448.104
77.4	448.322
77.5	448.54
77.6	448.758
77.7	448.976
77.8	449.194
77.9	449.412
78	449.629
78.1	449.847
78.2	450.064
78.3	450.282
78.4	450.499
78.5	450.716
78.6	450.934
78.7	451.151
78.8	451.368
78.9	451.585
79	451.802
79.1	452.019
79.2	452.236
79.3	452.452
79.4	452.669
79.5	452.886
79.6	453.102
79.7	453.319
79.8	453.535
79.9	453.752
80	453.968
80.1	454.184
80.2	454.4
80.3	454.616
80.4	454.833
80.5	455.049
80.6	455.264
80.7	455.48
80.8	455.696
80.9	455.912
81	456.127
81.1	456.343
81.2	456.559
81.3	456.774
81.4	456.989
81.5	457.205
81.6	457.42
81.7	457.635
81.8	457.85
81.9	458.065
82	458.28
82.1	458.495
82.2	458.71
82.3	458.925
82.4	459.14
82.5	459.354
82.6	459.569
82.7	459.784
82.8	459.998
82.9	460.212
83	460.427
83.1	460.641
83.2	460.855
83.3	461.069
83.4	461.284
83.5	461.498
83.6	461.712
83.7	461.925
83.8	462.139
83.9	462.353
84	462.567
84.1	462.78
84.2	462.994
84.3	463.208
84.4	463.421
84.5	463.634
84.6	463.848
84.7	464.061
84.8	464.274
84.9	464.487
85	464.7
85.1	464.913
85.2	465.126
85.3	465.339
85.4	465.552
85.5	465.765
85.6	465.977
85.7	466.19
85.8	466.403
85.9	466.615
86	466.827
86.1	467.04
86.2	467.252
86.3	467.464
86.4	467.677
86.5	467.889
86.6	468.101
86.7	468.313
86.8	468.525
86.9	468.737
87	468.948
87.1	469.16
87.2	469.372
87.3	469.583
87.4	469.795
87.5	470.006
87.6	470.218
87.7	470.429
87.8	470.641
87.9	470.852
88	471.063
88.1	471.274
88.2	471.485
88.3	471.696
88.4	471.907
88.5	472.118
88.6	472.329
88.7	472.539
88.8	472.75
88.9	472.961
89	473.171
89.1	473.382
89.2	473.592
89.3	473.803
89.4	474.013
89.5	474.223
89.6	474.433
89.7	474.643
89.8	474.853
89.9	475.063
90	475.273
90.1	475.483
90.2	475.693
90.3	475.903
90.4	476.113
90.5	476.322
90.6	476.532
90.7	476.741
90.8	476.951
90.9	477.16
91	477.369
91.1	477.579
91.2	477.788
91.3	477.997
91.4	478.206
91.5	478.415
91.6	478.624
91.7	478.833
91.8	479.042
91.9	479.251
92	479.459
92.1	479.668
92.2	479.877
92.3	480.085
92.4	480.294
92.5	480.502
92.6	480.711
92.7	480.919
92.8	481.127
92.9	481.335
93	481.543
93.1	481.751
93.2	481.959
93.3	482.167
93.4	482.375
93.5	482.583
93.6	482.791
93.7	482.999
93.8	483.206
93.9	483.414
94	483.621
94.1	483.829
94.2	484.036
94.3	484.244
94.4	484.451
94.5	484.658
94.6	484.865
94.7	485.072
94.8	485.279
94.9	485.486
95	485.693
95.1	485.9
95.2	486.107
95.3	486.314
95.4	486.521
95.5	486.727
95.6	486.934
95.7	487.14
95.8	487.347
95.9	487.553
96	487.759
96.1	487.966
96.2	488.172
96.3	488.378
96.4	488.584
96.5	488.79
96.6	488.996
96.7	489.202
96.8	489.408
96.9	489.614
97	489.82
97.1	490.025
97.2	490.231
97.3	490.437
97.4	490.642
97.5	490.848
97.6	491.053
97.7	491.259
97.8	491.464
97.9	491.669
98	491.874
98.1	492.079
98.2	492.285
98.3	492.49
98.4	492.695
98.5	492.899
98.6	493.104
98.7	493.309
98.8	493.514
98.9	493.718
99	493.923
99.1	494.128
99.2	494.332
99.3	494.537
99.4	494.741
99.5	494.945
99.6	495.15
99.7	495.354
99.8	495.558
99.9	495.762
100	495.966
100.1	496.17
100.2	496.374
100.3	496.578
100.4	496.782
100.5	496.986
100.6	497.189
100.7	497.393
100.8	497.597
100.9	497.8
101	498.004
101.1	498.207
101.2	498.41
101.3	498.614
101.4	498.817
101.5	499.02
101.6	499.223
101.7	499.427
101.8	499.63
101.9	499.833
102	500.036
102.1	500.238
102.2	500.441
102.3	500.644
102.4	500.847
102.5	501.049
102.6	501.252
102.7	501.455
102.8	501.657
102.9	501.86
103	502.062
103.1	502.264
103.2	502.467
103.3	502.669
103.4	502.871
103.5	503.073
103.6	503.275
103.7	503.477
103.8	503.679
103.9	503.881
104	504.083
104.1	504.285
104.2	504.486
104.3	504.688
104.4	504.89
104.5	505.091
104.6	505.293
104.7	505.494
104.8	505.696
104.9	505.897
105	506.098
105.1	506.299
105.2	506.501
105.3	506.702
105.4	506.903
105.5	507.104
105.6	507.305
105.7	507.506
105.8	507.707
105.9	507.907
106	508.108
106.1	508.309
106.2	508.51
106.3	508.71
106.4	508.911
106.5	509.111
106.6	509.312
106.7	509.512
106.8	509.712
106.9	509.913
107	510.113
107.1	510.313
107.2	510.513
107.3	510.713
107.4	510.913
107.5	511.113
107.6	511.313
107.7	511.513
107.8	511.713
107.9	511.913
108	512.112
108.1	512.312
108.2	512.511
108.3	512.711
108.4	512.911
108.5	513.11
108.6	513.309
108.7	513.509
108.8	513.708
108.9	513.907
109	514.106
109.1	514.305
109.2	514.505
109.3	514.704
109.4	514.903
109.5	515.101
109.6	515.3
109.7	515.499
109.8	515.698
109.9	515.897
110	516.095
110.1	516.294
110.2	516.492
110.3	516.691
110.4	516.889
110.5	517.088
110.6	517.286
110.7	517.484
110.8	517.683
110.9	517.881
111	518.079
111.1	518.277
111.2	518.475
111.3	518.673
111.4	518.871
111.5	519.069
111.6	519.267
111.7	519.465
111.8	519.662
111.9	519.86
112	520.058
112.1	520.255
112.2	520.453
112.3	520.65
112.4	520.848
112.5	521.045
112.6	521.242
112.7	521.44
112.8	521.637
112.9	521.834
113	522.031
113.1	522.228
113.2	522.425
113.3	522.622
113.4	522.819
113.5	523.016
113.6	523.213
113.7	523.41
113.8	523.606
113.9	523.803
114	524
114.1	524.196
114.2	524.393
114.3	524.589
114.4	524.786
114.5	524.982
114.6	525.178
114.7	525.375
114.8	525.571
114.9	525.767
115	525.963
115.1	526.159
115.2	526.355
115.3	526.551
115.4	526.747
115.5	526.943
115.6	527.139
115.7	527.335
115.8	527.531
115.9	527.726
116	527.922
116.1	528.117
116.2	528.313
116.3	528.508
116.4	528.704
116.5	528.899
116.6	529.095
116.7	529.29
116.8	529.485
116.9	529.68
117	529.876
117.1	530.071
117.2	530.266
117.3	530.461
117.4	530.656
117.5	530.851
117.6	531.045
117.7	531.24
117.8	531.435
117.9	531.63
118	531.824
118.1	532.019
118.2	532.214
118.3	532.408
118.4	532.603
118.5	532.797
118.6	532.991
118.7	533.186
118.8	533.38
118.9	533.574
119	533.768
119.1	533.963
119.2	534.157
119.3	534.351
119.4	534.545
119.5	534.739
119.6	534.933
119.7	535.126
119.8	535.32
119.9	535.514
120	535.708
120.1	535.901
120.2	536.095
120.3	536.289
120.4	536.482
120.5	536.676
120.6	536.869
120.7	537.062
120.8	537.256
120.9	537.449
121	537.642
121.1	537.835
121.2	538.029
121.3	538.222
121.4	538.415
121.5	538.608
121.6	538.801
121.7	538.994
121.8	539.186
121.9	539.379
122	539.572
122.1	539.765
122.2	539.957
122.3	540.15
122.4	540.343
122.5	540.535
122.6	540.728
122.7	540.92
122.8	541.113
122.9	541.305
123	541.497
123.1	541.69
123.2	541.882
123.3	542.074
123.4	542.266
123.5	542.458
123.6	542.65
123.7	542.842
123.8	543.034
123.9	543.226
124	543.418
124.1	543.61
124.2	543.801
124.3	543.993
124.4	544.185
124.5	544.376
124.6	544.568
124.7	544.76
124.8	544.951
124.9	545.142
125	545.334
125.1	545.525
125.2	545.717
125.3	545.908
125.4	546.099
125.5	546.29
125.6	546.481
125.7	546.672
125.8	546.863
125.9	547.054
126	547.245
126.1	547.436
126.2	547.627
126.3	547.818
126.4	548.009
126.5	548.199
126.6	548.39
126.7	548.581
126.8	548.771
126.9	548.962
127	549.152
127.1	549.343
127.2	549.533
127.3	549.724
127.4	549.914
127.5	550.104
127.6	550.294
127.7	550.485
127.8	550.675
127.9	550.865
128	551.055
128.1	551.245
128.2	551.435
128.3	551.625
128.4	551.815
128.5	552.004
128.6	552.194
128.7	552.384
128.8	552.574
128.9	552.763
129	552.953
129.1	553.142
129.2	553.332
129.3	553.521
129.4	553.711
129.5	553.9
129.6	554.09
129.7	554.279
129.8	554.468
129.9	554.657
130	554.847
130.1	555.036
130.2	555.225
130.3	555.414
130.4	555.603
130.5	555.792
130.6	555.981
130.7	556.17
130.8	556.358
130.9	556.547
131	556.736
131.1	556.925
131.2	557.113
131.3	557.302
131.4	557.491
131.5	557.679
131.6	557.868
131.7	558.056
131.8	558.244
131.9	558.433
132	558.621
132.1	558.809
132.2	558.998
132.3	559.186
132.4	559.374
132.5	559.562
132.6	559.75
132.7	559.938
132.8	560.126
132.9	560.314
133	560.502
133.1	560.69
133.2	560.878
133.3	561.065
133.4	561.253
133.5	561.441
133.6	561.628
133.7	561.816
133.8	562.003
133.9	562.191
134	562.378
134.1	562.566
134.2	562.753
134.3	562.941
134.4	563.128
134.5	563.315
134.6	563.502
134.7	563.69
134.8	563.877
134.9	564.064
135	564.251
135.1	564.438
135.2	564.625
135.3	564.812
135.4	564.999
135.5	565.185
135.6	565.372
135.7	565.559
135.8	565.746
135.9	565.932
136	566.119
136.1	566.306
136.2	566.492
136.3	566.679
136.4	566.865
136.5	567.051
136.6	567.238
136.7	567.424
136.8	567.611
136.9	567.797
137	567.983
137.1	568.169
137.2	568.355
137.3	568.541
137.4	568.727
137.5	568.913
137.6	569.099
137.7	569.285
137.8	569.471
137.9	569.657
138	569.843
138.1	570.029
138.2	570.214
138.3	570.4
138.4	570.586
138.5	570.771
138.6	570.957
138.7	571.143
138.8	571.328
138.9	571.513
139	571.699
139.1	571.884
139.2	572.07
139.3	572.255
139.4	572.44
139.5	572.625
139.6	572.81
139.7	572.996
139.8	573.181
139.9	573.366
140	573.551
140.1	573.736
140.2	573.921
140.3	574.105
140.4	574.29
140.5	574.475
140.6	574.66
140.7	574.845
140.8	575.029
140.9	575.214
141	575.399
141.1	575.583
141.2	575.768
141.3	575.952
141.4	576.137
141.5	576.321
141.6	576.505
141.7	576.69
141.8	576.874
141.9	577.058
142	577.242
142.1	577.427
142.2	577.611
142.3	577.795
142.4	577.979
142.5	578.163
142.6	578.347
142.7	578.531
142.8	578.715
142.9	578.899
143	579.082
143.1	579.266
143.2	579.45
143.3	579.634
143.4	579.817
143.5	580.001
143.6	580.184
143.7	580.368
143.8	580.551
143.9	580.735
144	580.918
144.1	581.102
144.2	581.285
144.3	581.468
144.4	581.652
144.5	581.835
144.6	582.018
144.7	582.201
144.8	582.384
144.9	582.568
145	582.751
145.1	582.934
145.2	583.117
145.3	583.299
145.4	583.482
145.5	583.665
145.6	583.848
145.7	584.031
145.8	584.214
145.9	584.396
146	584.579
146.1	584.761
146.2	584.944
146.3	585.127
146.4	585.309
146.5	585.492
146.6	585.674
146.7	585.856
146.8	586.039
146.9	586.221
147	586.403
147.1	586.586
147.2	586.768
147.3	586.95
147.4	587.132
147.5	587.314
147.6	587.496
147.7	587.678
147.8	587.86
147.9	588.042
148	588.224
148.1	588.406
148.2	588.588
148.3	588.77
148.4	588.951
148.5	589.133
148.6	589.315
148.7	589.496
148.8	589.678
148.9	589.86
149	590.041
149.1	590.223
149.2	590.404
149.3	590.585
149.4	590.767
149.5	590.948
149.6	591.129
149.7	591.311
149.8	591.492
149.9	591.673
150	591.854
150.1	592.035
150.2	592.216
150.3	592.398
150.4	592.579
150.5	592.76
150.6	592.94
150.7	593.121
150.8	593.302
150.9	593.483
151	593.664
151.1	593.845
151.2	594.025
151.3	594.206
151.4	594.387
151.5	594.567
151.6	594.748
151.7	594.928
151.8	595.109
151.9	595.289
152	595.47
152.1	595.65
152.2	595.83
152.3	596.011
152.4	596.191
152.5	596.371
152.6	596.551
152.7	596.732
152.8	596.912
152.9	597.092
153	597.272
153.1	597.452
153.2	597.632
153.3	597.812
153.4	597.992
153.5	598.172
153.6	598.352
153.7	598.531
153.8	598.711
153.9	598.891
154	599.071
154.1	599.25
154.2	599.43
154.3	599.609
154.4	599.789
154.5	599.969
154.6	600.148
154.7	600.327
154.8	600.507
154.9	600.686
155	600.866
155.1	601.045
155.2	601.224
155.3	601.403
155.4	601.583
155.5	601.762
155.6	601.941
155.7	602.12
155.8	602.299
155.9	602.478
156	602.657
156.1	602.836
156.2	603.015
156.3	603.194
156.4	603.373
156.5	603.551
156.6	603.73
156.7	603.909
156.8	604.088
156.9	604.266
157	604.445
157.1	604.624
157.2	604.802
157.3	604.981
157.4	605.159
157.5	605.338
157.6	605.516
157.7	605.694
157.8	605.873
157.9	606.051
158	606.229
158.1	606.408
158.2	606.586
158.3	606.764
158.4	606.942
158.5	607.12
158.6	607.298
158.7	607.476
158.8	607.655
158.9	607.832
159	608.01
159.1	608.188
159.2	608.366
159.3	608.544
159.4	608.722
159.5	608.9
159.6	609.077
159.7	609.255
159.8	609.433
159.9	609.61
160	609.788
160.1	609.965
160.2	610.143
160.3	610.321
160.4	610.498
160.5	610.675
160.6	610.853
160.7	611.03
160.8	611.207
160.9	611.385
161	611.562
161.1	611.739
161.2	611.916
161.3	612.094
161.4	612.271
161.5	612.448
161.6	612.625
161.7	612.802
161.8	612.979
161.9	613.156
162	613.333
162.1	613.51
162.2	613.686
162.3	613.863
162.4	614.04
162.5	614.217
162.6	614.394
162.7	614.57
162.8	614.747
162.9	614.923
163	615.1
163.1	615.277
163.2	615.453
163.3	615.63
163.4	615.806
163.5	615.982
163.6	616.159
163.7	616.335
163.8	616.511
163.9	616.688
164	616.864
164.1	617.04
164.2	617.216
164.3	617.393
164.4	617.569
164.5	617.745
164.6	617.921
164.7	618.097
164.8	618.273
164.9	618.449
165	618.625
165.1	618.801
165.2	618.976
165.3	619.152
165.4	619.328
165.5	619.504
165.6	619.679
165.7	619.855
165.8	620.031
165.9	620.206
166	620.382
166.1	620.558
166.2	620.733
166.3	620.909
166.4	621.084
166.5	621.259
166.6	621.435
166.7	621.61
166.8	621.785
166.9	621.961
167	622.136
167.1	622.311
167.2	622.486
167.3	622.662
167.4	622.837
167.5	623.012
167.6	623.187
167.7	623.362
167.8	623.537
167.9	623.712
168	623.887
168.1	624.062
168.2	624.237
168.3	624.411
168.4	624.586
168.5	624.761
168.6	624.936
168.7	625.11
168.8	625.285
168.9	625.46
169	625.634
169.1	625.809
169.2	625.984
169.3	626.158
169.4	626.333
169.5	626.507
169.6	626.681
169.7	626.856
169.8	627.03
169.9	627.204
170	627.379
170.1	627.553
170.2	627.727
170.3	627.901
170.4	628.076
170.5	628.25
170.6	628.424
170.7	628.598
170.8	628.772
170.9	628.946
171	629.12
171.1	629.294
171.2	629.468
171.3	629.642
171.4	629.816
171.5	629.989
171.6	630.163
171.7	630.337
171.8	630.511
171.9	630.684
172	630.858
172.1	631.032
172.2	631.205
172.3	631.379
172.4	631.552
172.5	631.726
172.6	631.899
172.7	632.073
172.8	632.246
172.9	632.419
173	632.593
173.1	632.766
173.2	632.939
173.3	633.113
173.4	633.286
173.5	633.459
173.6	633.632
173.7	633.805
173.8	633.978
173.9	634.152
174	634.325
174.1	634.498
174.2	634.671
174.3	634.843
174.4	635.016
174.5	635.189
174.6	635.362
174.7	635.535
174.8	635.708
174.9	635.881
175	636.053
175.1	636.226
175.2	636.399
175.3	636.571
175.4	636.744
175.5	636.916
175.6	637.089
175.7	637.261
175.8	637.434
175.9	637.606
176	637.779
176.1	637.951
176.2	638.124
176.3	638.296
176.4	638.468
176.5	638.64
176.6	638.813
176.7	638.985
176.8	639.157
176.9	639.329
177	639.501
177.1	639.673
177.2	639.845
177.3	640.018
177.4	640.19
177.5	640.361
177.6	640.533
177.7	640.705
177.8	640.877
177.9	641.049
178	641.221
178.1	641.393
178.2	641.564
178.3	641.736
178.4	641.908
178.5	642.079
178.6	642.251
178.7	642.423
178.8	642.594
178.9	642.766
179	642.937
179.1	643.109
179.2	643.28
179.3	643.452
179.4	643.623
179.5	643.794
179.6	643.966
179.7	644.137
179.8	644.308
179.9	644.48
180	644.651
180.1	644.822
180.2	644.993
180.3	645.164
180.4	645.335
180.5	645.506
180.6	645.678
180.7	645.849
180.8	646.02
180.9	646.19
181	646.361
181.1	646.532
181.2	646.703
181.3	646.874
181.4	647.045
181.5	647.216
181.6	647.386
181.7	647.557
181.8	647.728
181.9	647.898
182	648.069
182.1	648.24
182.2	648.41
182.3	648.581
182.4	648.751
182.5	648.922
182.6	649.092
182.7	649.263
182.8	649.433
182.9	649.603
183	649.774
183.1	649.944
183.2	650.114
183.3	650.284
183.4	650.455
183.5	650.625
183.6	650.795
183.7	650.965
183.8	651.135
183.9	651.305
184	651.475
184.1	651.645
184.2	651.815
184.3	651.985
184.4	652.155
184.5	652.325
184.6	652.495
184.7	652.665
184.8	652.835
184.9	653.004
185	653.174
185.1	653.344
185.2	653.514
185.3	653.683
185.4	653.853
185.5	654.023
185.6	654.192
185.7	654.362
185.8	654.531
185.9	654.701
186	654.87
186.1	655.04
186.2	655.209
186.3	655.378
186.4	655.548
186.5	655.717
186.6	655.886
186.7	656.056
186.8	656.225
186.9	656.394
187	656.563
187.1	656.732
187.2	656.902
187.3	657.071
187.4	657.24
187.5	657.409
187.6	657.578
187.7	657.747
187.8	657.916
187.9	658.085
188	658.254
188.1	658.422
188.2	658.591
188.3	658.76
188.4	658.929
188.5	659.098
188.6	659.266
188.7	659.435
188.8	659.604
188.9	659.772
189	659.941
189.1	660.11
189.2	660.278
189.3	660.447
189.4	660.615
189.5	660.784
189.6	660.952
189.7	661.121
189.8	661.289
189.9	661.457
190	661.626
190.1	661.794
190.2	661.962
190.3	662.131
190.4	662.299
190.5	662.467
190.6	662.635
190.7	662.803
190.8	662.971
190.9	663.14
191	663.308
191.1	663.476
191.2	663.644
191.3	663.812
191.4	663.98
191.5	664.148
191.6	664.315
191.7	664.483
191.8	664.651
191.9	664.819
192	664.987
192.1	665.155
192.2	665.322
192.3	665.49
192.4	665.658
192.5	665.825
192.6	665.993
192.7	666.161
192.8	666.328
192.9	666.496
193	666.663
193.1	666.831
193.2	666.998
193.3	667.166
193.4	667.333
193.5	667.5
193.6	667.668
193.7	667.835
193.8	668.002
193.9	668.17
194	668.337
194.1	668.504
194.2	668.671
194.3	668.838
194.4	669.006
194.5	669.173
194.6	669.34
194.7	669.507
194.8	669.674
194.9	669.841
195	670.008
195.1	670.175
195.2	670.342
195.3	670.509
195.4	670.675
195.5	670.842
195.6	671.009
195.7	671.176
195.8	671.343
195.9	671.509
196	671.676
196.1	671.843
196.2	672.009
196.3	672.176
196.4	672.343
196.5	672.509
196.6	672.676
196.7	672.842
196.8	673.009
196.9	673.175
197	673.342
197.1	673.508
197.2	673.674
197.3	673.841
197.4	674.007
197.5	674.173
197.6	674.34
197.7	674.506
197.8	674.672
197.9	674.838
198	675.005
198.1	675.171
198.2	675.337
198.3	675.503
198.4	675.669
198.5	675.835
198.6	676.001
198.7	676.167
198.8	676.333
198.9	676.499
199	676.665
199.1	676.831
199.2	676.997
199.3	677.163
199.4	677.328
199.5	677.494
199.6	677.66
199.7	677.826
199.8	677.991
199.9	678.157
200	678.323
200.1	678.488
200.2	678.654
200.3	678.819
200.4	678.985
200.5	679.151
200.6	679.316
200.7	679.481
200.8	679.647
200.9	679.812
201	679.978
201.1	680.143
201.2	680.308
201.3	680.474
201.4	680.639
201.5	680.804
201.6	680.97
201.7	681.135
201.8	681.3
201.9	681.465
202	681.63
202.1	681.795
202.2	681.96
202.3	682.125
202.4	682.291
202.5	682.456
202.6	682.62
202.7	682.785
202.8	682.95
202.9	683.115
203	683.28
203.1	683.445
203.2	683.61
203.3	683.775
203.4	683.939
203.5	684.104
203.6	684.269
203.7	684.434
203.8	684.598
203.9	684.763
204	684.928
204.1	685.092
204.2	685.257
204.3	685.421
204.4	685.586
204.5	685.75
204.6	685.915
204.7	686.079
204.8	686.244
204.9	686.408
205	686.572
205.1	686.737
205.2	686.901
205.3	687.065
205.4	687.23
205.5	687.394
205.6	687.558
205.7	687.722
205.8	687.886
205.9	688.051
206	688.215
206.1	688.379
206.2	688.543
206.3	688.707
206.4	688.871
206.5	689.035
206.6	689.199
206.7	689.363
206.8	689.527
206.9	689.691
207	689.854
207.1	690.018
207.2	690.182
207.3	690.346
207.4	690.51
207.5	690.673
207.6	690.837
207.7	691.001
207.8	691.164
207.9	691.328
208	691.492
208.1	691.655
208.2	691.819
208.3	691.982
208.4	692.146
208.5	692.309
208.6	692.473
208.7	692.636
208.8	692.8
208.9	692.963
209	693.127
209.1	693.29
209.2	693.453
209.3	693.617
209.4	693.78
209.5	693.943
209.6	694.106
209.7	694.269
209.8	694.433
209.9	694.596
210	694.759
210.1	694.922
210.2	695.085
210.3	695.248
210.4	695.411
210.5	695.574
210.6	695.737
210.7	695.9
210.8	696.063
210.9	696.226
211	696.389
211.1	696.552
211.2	696.715
211.3	696.877
211.4	697.04
211.5	697.203
211.6	697.366
211.7	697.528
211.8	697.691
211.9	697.854
212	698.016
212.1	698.179
212.2	698.342
212.3	698.504
212.4	698.667
212.5	698.829
212.6	698.992
212.7	699.154
212.8	699.317
212.9	699.479
213	699.641
213.1	699.804
213.2	699.966
213.3	700.128
213.4	700.291
213.5	700.453
213.6	700.615
213.7	700.777
213.8	700.94
213.9	701.102
214	701.264
214.1	701.426
214.2	701.588
214.3	701.75
214.4	701.912
214.5	702.074
214.6	702.236
214.7	702.398
214.8	702.56
214.9	702.722
215	702.884
215.1	703.046
215.2	703.208
215.3	703.37
215.4	703.532
215.5	703.693
215.6	703.855
215.7	704.017
215.8	704.179
215.9	704.34
216	704.502
216.1	704.664
216.2	704.825
216.3	704.987
216.4	705.149
216.5	705.31
216.6	705.472
216.7	705.633
216.8	705.795
216.9	705.956
217	706.118
217.1	706.279
217.2	706.44
217.3	706.602
217.4	706.763
217.5	706.925
217.6	707.086
217.7	707.247
217.8	707.408
217.9	707.57
218	707.731
218.1	707.892
218.2	708.053
218.3	708.214
218.4	708.375
218.5	708.537
218.6	708.698
218.7	708.859
218.8	709.02
218.9	709.181
219	709.342
219.1	709.503
219.2	709.664
219.3	709.824
219.4	709.985
219.5	710.146
219.6	710.307
219.7	710.468
219.8	710.629
219.9	710.789
220	710.95
220.1	711.111
220.2	711.272
220.3	711.432
220.4	711.593
220.5	711.754
220.6	711.914
220.7	712.075
220.8	712.235
220.9	712.396
221	712.556
221.1	712.717
221.2	712.877
221.3	713.038
221.4	713.198
221.5	713.359
221.6	713.519
221.7	713.679
221.8	713.84
221.9	714
222	714.16
222.1	714.321
222.2	714.481
222.3	714.641
222.4	714.801
222.5	714.961
222.6	715.121
222.7	715.282
222.8	715.442
222.9	715.602
223	715.762
223.1	715.922
223.2	716.082
223.3	716.242
223.4	716.402
223.5	716.562
223.6	716.722
223.7	716.882
223.8	717.042
223.9	717.201
224	717.361
224.1	717.521
224.2	717.681
224.3	717.841
224.4	718
224.5	718.16
224.6	718.32
224.7	718.479
224.8	718.639
224.9	718.799
225	718.958
225.1	719.118
225.2	719.277
225.3	719.437
225.4	719.597
225.5	719.756
225.6	719.916
225.7	720.075
225.8	720.234
225.9	720.394
226	720.553
226.1	720.713
226.2	720.872
226.3	721.031
226.4	721.19
226.5	721.35
226.6	721.509
226.7	721.668
226.8	721.827
226.9	721.987
227	722.146
227.1	722.305
227.2	722.464
227.3	722.623
227.4	722.782
227.5	722.941
227.6	723.1
227.7	723.259
227.8	723.418
227.9	723.577
228	723.736
228.1	723.895
228.2	724.054
228.3	724.213
228.4	724.372
228.5	724.531
228.6	724.689
228.7	724.848
228.8	725.007
228.9	725.166
229	725.324
229.1	725.483
229.2	725.642
229.3	725.8
229.4	725.959
229.5	726.118
229.6	726.276
229.7	726.435
229.8	726.593
229.9	726.752
230	726.91
230.1	727.069
230.2	727.227
230.3	727.386
230.4	727.544
230.5	727.703
230.6	727.861
230.7	728.019
230.8	728.178
230.9	728.336
231	728.494
231.1	728.653
231.2	728.811
231.3	728.969
231.4	729.127
231.5	729.285
231.6	729.444
231.7	729.602
231.8	729.76
231.9	729.918
232	730.076
232.1	730.234
232.2	730.392
232.3	730.55
232.4	730.708
232.5	730.866
232.6	731.024
232.7	731.182
232.8	731.34
232.9	731.498
233	731.655
233.1	731.813
233.2	731.971
233.3	732.129
233.4	732.287
233.5	732.444
233.6	732.602
233.7	732.76
233.8	732.917
233.9	733.075
234	733.233
234.1	733.39
234.2	733.548
234.3	733.706
234.4	733.863
234.5	734.021
234.6	734.178
234.7	734.336
234.8	734.493
234.9	734.651
235	734.808
235.1	734.965
235.2	735.123
235.3	735.28
235.4	735.438
235.5	735.595
235.6	735.752
235.7	735.909
235.8	736.067
235.9	736.224
236	736.381
236.1	736.538
236.2	736.695
236.3	736.853
236.4	737.01
236.5	737.167
236.6	737.324
236.7	737.481
236.8	737.638
236.9	737.795
237	737.952
237.1	738.109
237.2	738.266
237.3	738.423
237.4	738.58
237.5	738.737
237.6	738.894
237.7	739.051
237.8	739.207
237.9	739.364
238	739.521
238.1	739.678
238.2	739.835
238.3	739.991
238.4	740.148
238.5	740.305
238.6	740.461
238.7	740.618
238.8	740.775
238.9	740.931
239	741.088
239.1	741.244
239.2	741.401
239.3	741.557
239.4	741.714
239.5	741.87
239.6	742.027
239.7	742.183
239.8	742.34
239.9	742.496
240	742.653
240.1	742.809
240.2	742.965
240.3	743.122
240.4	743.278
240.5	743.434
240.6	743.59
240.7	743.747
240.8	743.903
240.9	744.059
241	744.215
241.1	744.371
241.2	744.528
241.3	744.684
241.4	744.84
241.5	744.996
241.6	745.152
241.7	745.308
241.8	745.464
241.9	745.62
242	745.776
242.1	745.932
242.2	746.088
242.3	746.244
242.4	746.4
242.5	746.555
242.6	746.711
242.7	746.867
242.8	747.023
242.9	747.179
243	747.334
243.1	747.49
243.2	747.646
243.3	747.802
243.4	747.957
243.5	748.113
243.6	748.269
243.7	748.424
243.8	748.58
243.9	748.735
244	748.891
244.1	749.047
244.2	749.202
244.3	749.358
244.4	749.513
244.5	749.669
244.6	749.824
244.7	749.979
244.8	750.135
244.9	750.29
245	750.446
245.1	750.601
245.2	750.756
245.3	750.911
245.4	751.067
245.5	751.222
245.6	751.377
245.7	751.532
245.8	751.688
245.9	751.843
246	751.998
246.1	752.153
246.2	752.308
246.3	752.463
246.4	752.618
246.5	752.774
246.6	752.929
246.7	753.084
246.8	753.239
246.9	753.394
247	753.549
247.1	753.703
247.2	753.858
247.3	754.013
247.4	754.168
247.5	754.323
247.6	754.478
247.7	754.633
247.8	754.788
247.9	754.942
248	755.097
248.1	755.252
248.2	755.407
248.3	755.561
248.4	755.716
248.5	755.871
248.6	756.025
248.7	756.18
248.8	756.334
248.9	756.489
249	756.644
249.1	756.798
249.2	756.953
249.3	757.107
249.4	757.262
249.5	757.416
249.6	757.571
249.7	757.725
249.8	757.879
249.9	758.034
250	758.188
250.1	758.343
250.2	758.497
250.3	758.651
250.4	758.806
250.5	758.96
250.6	759.114
250.7	759.268
250.8	759.422
250.9	759.577
251	759.731
251.1	759.885
251.2	760.039
251.3	760.193
251.4	760.347
251.5	760.501
251.6	760.655
251.7	760.81
251.8	760.964
251.9	761.118
252	761.272
252.1	761.425
252.2	761.579
252.3	761.733
252.4	761.887
252.5	762.041
252.6	762.195
252.7	762.349
252.8	762.503
252.9	762.656
253	762.81
253.1	762.964
253.2	763.118
253.3	763.272
253.4	763.425
253.5	763.579
253.6	763.733
253.7	763.886
253.8	764.04
253.9	764.193
254	764.347
254.1	764.501
254.2	764.654
254.3	764.808
254.4	764.961
254.5	765.115
254.6	765.268
254.7	765.422
254.8	765.575
254.9	765.729
255	765.882
255.1	766.035
255.2	766.189
255.3	766.342
255.4	766.495
255.5	766.649
255.6	766.802
255.7	766.955
255.8	767.109
255.9	767.262
256	767.415
256.1	767.568
256.2	767.721
256.3	767.875
256.4	768.028
256.5	768.181
256.6	768.334
256.7	768.487
256.8	768.64
256.9	768.793
257	768.946
257.1	769.099
257.2	769.252
257.3	769.405
257.4	769.558
257.5	769.711
257.6	769.864
257.7	770.017
257.8	770.17
257.9	770.322
258	770.475
258.1	770.628
258.2	770.781
258.3	770.934
258.4	771.086
258.5	771.239
258.6	771.392
258.7	771.545
258.8	771.697
258.9	771.85
259	772.003
259.1	772.155
259.2	772.308
259.3	772.46
259.4	772.613
259.5	772.766
259.6	772.918
259.7	773.071
259.8	773.223
259.9	773.376
260	773.528
260.1	773.681
260.2	773.833
260.3	773.985
260.4	774.138
260.5	774.29
260.6	774.442
260.7	774.595
260.8	774.747
260.9	774.899
261	775.052
261.1	775.204
261.2	775.356
261.3	775.508
261.4	775.661
261.5	775.813
261.6	775.965
261.7	776.117
261.8	776.269
261.9	776.421
262	776.573
262.1	776.725
262.2	776.878
262.3	777.03
262.4	777.182
262.5	777.334
262.6	777.486
262.7	777.638
262.8	777.789
262.9	777.941
263	778.093
263.1	778.245
263.2	778.397
263.3	778.549
263.4	778.701
263.5	778.853
263.6	779.004
263.7	779.156
263.8	779.308
263.9	779.46
264	779.611
264.1	779.763
264.2	779.915
264.3	780.066
264.4	780.218
264.5	780.37
264.6	780.521
264.7	780.673
264.8	780.825
264.9	780.976
265	781.128
265.1	781.279
265.2	781.431
265.3	781.582
265.4	781.734
265.5	781.885
265.6	782.037
265.7	782.188
265.8	782.339
265.9	782.491
266	782.642
266.1	782.793
266.2	782.945
266.3	783.096
266.4	783.247
266.5	783.399
266.6	783.55
266.7	783.701
266.8	783.852
266.9	784.004
267	784.155
267.1	784.306
267.2	784.457
267.3	784.608
267.4	784.759
267.5	784.91
267.6	785.061
267.7	785.212
267.8	785.363
267.9	785.515
268	785.666
268.1	785.817
268.2	785.967
268.3	786.118
268.4	786.269
268.5	786.42
268.6	786.571
268.7	786.722
268.8	786.873
268.9	787.024
269	787.175
269.1	787.325
269.2	787.476
269.3	787.627
269.4	787.778
269.5	787.928
269.6	788.079
269.7	788.23
269.8	788.381
269.9	788.531
270	788.682
270.1	788.832
270.2	788.983
270.3	789.134
270.4	789.284
270.5	789.435
270.6	789.585
270.7	789.736
270.8	789.886
270.9	790.037
271	790.187
271.1	790.338
271.2	790.488
271.3	790.639
271.4	790.789
271.5	790.939
271.6	791.09
271.7	791.24
271.8	791.39
271.9	791.541
272	791.691
272.1	791.841
272.2	791.992
272.3	792.142
272.4	792.292
272.5	792.442
272.6	792.592
272.7	792.743
272.8	792.893
272.9	793.043
273	793.193
273.1	793.343
273.2	793.493
273.3	793.643
273.4	793.793
273.5	793.943
273.6	794.093
273.7	794.243
273.8	794.393
273.9	794.543
274	794.693
274.1	794.843
274.2	794.993
274.3	795.143
274.4	795.293
274.5	795.443
274.6	795.593
274.7	795.742
274.8	795.892
274.9	796.042
275	796.192
275.1	796.342
275.2	796.491
275.3	796.641
275.4	796.791
275.5	796.94
275.6	797.09
275.7	797.24
275.8	797.389
275.9	797.539
276	797.689
276.1	797.838
276.2	797.988
276.3	798.137
276.4	798.287
276.5	798.436
276.6	798.586
276.7	798.735
276.8	798.885
276.9	799.034
277	799.184
277.1	799.333
277.2	799.482
277.3	799.632
277.4	799.781
277.5	799.93
277.6	800.08
277.7	800.229
277.8	800.378
277.9	800.528
278	800.677
278.1	800.826
278.2	800.975
278.3	801.125
278.4	801.274
278.5	801.423
278.6	801.572
278.7	801.721
278.8	801.87
278.9	802.019
279	802.169
279.1	802.318
279.2	802.467
279.3	802.616
279.4	802.765
279.5	802.914
279.6	803.063
279.7	803.212
279.8	803.361
279.9	803.51
280	803.658
280.1	803.807
280.2	803.956
280.3	804.105
280.4	804.254
280.5	804.403
280.6	804.552
280.7	804.7
280.8	804.849
280.9	804.998
281	805.147
281.1	805.295
281.2	805.444
281.3	805.593
281.4	805.742
281.5	805.89
281.6	806.039
281.7	806.188
281.8	806.336
281.9	806.485
282	806.633
282.1	806.782
282.2	806.93
282.3	807.079
282.4	807.227
282.5	807.376
282.6	807.524
282.7	807.673
282.8	807.821
282.9	807.97
283	808.118
283.1	808.267
283.2	808.415
283.3	808.563
283.4	808.712
283.5	808.86
283.6	809.008
283.7	809.157
283.8	809.305
283.9	809.453
284	809.601
284.1	809.75
284.2	809.898
284.3	810.046
284.4	810.194
284.5	810.342
284.6	810.491
284.7	810.639
284.8	810.787
284.9	810.935
285	811.083
285.1	811.231
285.2	811.379
285.3	811.527
285.4	811.675
285.5	811.823
285.6	811.971
285.7	812.119
285.8	812.267
285.9	812.415
286	812.563
286.1	812.711
286.2	812.859
286.3	813.007
286.4	813.154
286.5	813.302
286.6	813.45
286.7	813.598
286.8	813.746
286.9	813.893
287	814.041
287.1	814.189
287.2	814.337
287.3	814.484
287.4	814.632
287.5	814.78
287.6	814.927
287.7	815.075
287.8	815.223
287.9	815.37
288	815.518
288.1	815.665
288.2	815.813
288.3	815.961
288.4	816.108
288.5	816.256
288.6	816.403
288.7	816.551
288.8	816.698
288.9	816.845
289	816.993
289.1	817.14
289.2	817.288
289.3	817.435
289.4	817.582
289.5	817.73
289.6	817.877
289.7	818.024
289.8	818.172
289.9	818.319
290	818.466
290.1	818.614
290.2	818.761
290.3	818.908
290.4	819.055
290.5	819.202
290.6	819.35
290.7	819.497
290.8	819.644
290.9	819.791
291	819.938
291.1	820.085
291.2	820.232
291.3	820.379
291.4	820.526
291.5	820.673
291.6	820.82
291.7	820.967
291.8	821.114
291.9	821.261
292	821.408
292.1	821.555
292.2	821.702
292.3	821.849
292.4	821.996
292.5	822.143
292.6	822.29
292.7	822.436
292.8	822.583
292.9	822.73
293	822.877
293.1	823.024
293.2	823.17
293.3	823.317
293.4	823.464
293.5	823.611
293.6	823.757
293.7	823.904
293.8	824.051
293.9	824.197
294	824.344
294.1	824.491
294.2	824.637
294.3	824.784
294.4	824.93
294.5	825.077
294.6	825.223
294.7	825.37
294.8	825.516
294.9	825.663
295	825.809
295.1	825.956
295.2	826.102
295.3	826.249
295.4	826.395
295.5	826.541
295.6	826.688
295.7	826.834
295.8	826.981
295.9	827.127
296	827.273
296.1	827.419
296.2	827.566
296.3	827.712
296.4	827.858
296.5	828.004
296.6	828.151
296.7	828.297
296.8	828.443
296.9	828.589
297	828.735
297.1	828.882
297.2	829.028
297.3	829.174
297.4	829.32
297.5	829.466
297.6	829.612
297.7	829.758
297.8	829.904
297.9	830.05
298	830.196
298.1	830.342
298.2	830.488
298.3	830.634
298.4	830.78
298.5	830.926
298.6	831.072
298.7	831.218
298.8	831.364
298.9	831.509
299	831.655
299.1	831.801
299.2	831.947
299.3	832.093
299.4	832.239
299.5	832.384
299.6	832.53
299.7	832.676
299.8	832.822
299.9	832.967
300	833.113
