W	Pred
1.5	781.445
1.6	746.295
1.7	715.225
1.8	687.571
1.9	662.806
2	640.505
2.1	620.324
2.2	601.98
2.3	585.238
2.4	569.902
2.5	555.807
2.6	542.812
2.7	530.797
2.8	519.659
2.9	509.309
3	499.669
3.1	490.673
3.2	482.259
3.3	474.377
3.4	466.98
3.5	460.028
3.6	453.482
3.7	447.312
3.8	441.488
3.9	435.983
4	430.773
4.1	425.838
4.2	421.158
4.3	416.716
4.4	412.494
4.5	408.479
4.6	404.658
4.7	401.017
4.8	397.546
4.9	394.235
5	391.073
5.1	388.053
5.2	385.165
5.3	382.403
5.4	379.76
5.5	377.228
5.6	374.803
5.7	372.478
5.8	370.248
5.9	368.109
6	366.056
6.1	364.084
6.2	362.189
6.3	360.369
6.4	358.619
6.5	356.937
6.6	355.318
6.7	353.761
6.8	352.262
6.9	350.819
7	349.429
7.1	348.091
7.2	346.802
7.3	345.559
7.4	344.362
7.5	343.208
7.6	342.095
7.7	341.023
7.8	339.988
7.9	338.99
8	338.028
8.1	337.1
8.2	336.204
8.3	335.34
8.4	334.507
8.5	333.703
8.6	332.927
8.7	332.178
8.8	331.456
8.9	330.759
9	330.086
9.1	329.437
9.2	328.811
9.3	328.208
9.4	327.625
9.5	327.063
9.6	326.522
9.7	325.999
9.8	325.496
9.9	325.01
10	324.543
10.1	324.092
10.2	323.658
10.3	323.239
10.4	322.837
10.5	322.449
10.6	322.076
10.7	321.718
10.8	321.373
10.9	321.041
11	320.722
11.1	320.417
11.2	320.123
11.3	319.841
11.4	319.571
11.5	319.312
11.6	319.064
11.7	318.827
11.8	318.6
11.9	318.384
12	318.177
12.1	317.98
12.2	317.792
12.3	317.613
12.4	317.443
12.5	317.281
12.6	317.128
12.7	316.984
12.8	316.847
12.9	316.718
13	316.596
13.1	316.482
13.2	316.375
13.3	316.275
13.4	316.182
13.5	316.096
13.6	316.016
13.7	315.943
13.8	315.876
13.9	315.815
14	315.76
14.1	315.71
14.2	315.667
14.3	315.629
14.4	315.596
14.5	315.569
14.6	315.546
14.7	315.529
14.8	315.517
14.9	315.51
15	315.507
15.1	315.509
15.2	315.515
15.3	315.526
15.4	315.542
15.5	315.561
15.6	315.585
15.7	315.612
15.8	315.644
15.9	315.679
16	315.718
16.1	315.761
16.2	315.808
16.3	315.858
16.4	315.912
16.5	315.969
16.6	316.029
16.7	316.093
16.8	316.16
16.9	316.23
17	316.303
17.1	316.379
17.2	316.458
17.3	316.54
17.4	316.625
17.5	316.713
17.6	316.803
17.7	316.896
17.8	316.992
17.9	317.09
18	317.191
18.1	317.294
18.2	317.4
18.3	317.508
18.4	317.618
18.5	317.731
18.6	317.846
18.7	317.963
18.8	318.082
18.9	318.204
19	318.327
19.1	318.453
19.2	318.58
19.3	318.71
19.4	318.841
19.5	318.974
19.6	319.109
19.7	319.246
19.8	319.385
19.9	319.526
20	319.668
20.1	319.812
20.2	319.958
20.3	320.105
20.4	320.254
20.5	320.404
20.6	320.556
20.7	320.71
20.8	320.865
20.9	321.021
21	321.179
21.1	321.338
21.2	321.499
21.3	321.661
21.4	321.825
21.5	321.989
21.6	322.155
21.7	322.323
21.8	322.491
21.9	322.661
22	322.832
22.1	323.004
22.2	323.178
22.3	323.352
22.4	323.528
22.5	323.705
22.6	323.882
22.7	324.061
22.8	324.241
22.9	324.422
23	324.604
23.1	324.787
23.2	324.971
23.3	325.156
23.4	325.342
23.5	325.529
23.6	325.716
23.7	325.905
23.8	326.095
23.9	326.285
24	326.476
24.1	326.668
24.2	326.861
24.3	327.055
24.4	327.249
24.5	327.445
24.6	327.641
24.7	327.838
24.8	328.035
24.9	328.234
25	328.433
25.1	328.632
25.2	328.833
25.3	329.034
25.4	329.236
25.5	329.438
25.6	329.642
25.7	329.845
25.8	330.05
25.9	330.255
26	330.461
26.1	330.667
26.2	330.874
26.3	331.081
26.4	331.289
26.5	331.498
26.6	331.707
26.7	331.917
26.8	332.127
26.9	332.338
27	332.549
27.1	332.761
27.2	332.973
27.3	333.186
27.4	333.399
27.5	333.613
27.6	333.827
27.7	334.042
27.8	334.257
27.9	334.472
28	334.688
28.1	334.905
28.2	335.122
28.3	335.339
28.4	335.557
28.5	335.775
28.6	335.993
28.7	336.212
28.8	336.431
28.9	336.651
29	336.871
29.1	337.091
29.2	337.312
29.3	337.533
29.4	337.755
29.5	337.976
29.6	338.199
29.7	338.421
29.8	338.644
29.9	338.867
30	339.09
30.1	339.314
30.2	339.538
30.3	339.762
30.4	339.987
30.5	340.212
30.6	340.437
30.7	340.663
30.8	340.888
30.9	341.114
31	341.341
31.1	341.567
31.2	341.794
31.3	342.021
31.4	342.248
31.5	342.476
31.6	342.704
31.7	342.932
31.8	343.16
31.9	343.388
32	343.617
32.1	343.846
32.2	344.075
32.3	344.304
32.4	344.534
32.5	344.764
32.6	344.993
32.7	345.224
32.8	345.454
32.9	345.684
33	345.915
33.1	346.146
33.2	346.377
33.3	346.608
33.4	346.84
33.5	347.071
33.6	347.303
33.7	347.535
33.8	347.767
33.9	347.999
34	348.231
34.1	348.464
34.2	348.696
34.3	348.929
34.4	349.162
34.5	349.395
34.6	349.628
34.7	349.862
34.8	350.095
34.9	350.329
35	350.562
35.1	350.796
35.2	351.03
35.3	351.264
35.4	351.498
35.5	351.733
35.6	351.967
35.7	352.202
35.8	352.436
35.9	352.671
36	352.906
36.1	353.141
36.2	353.376
36.3	353.611
36.4	353.846
36.5	354.081
36.6	354.317
36.7	354.552
36.8	354.788
36.9	355.023
37	355.259
37.1	355.495
37.2	355.731
37.3	355.967
37.4	356.203
37.5	356.439
37.6	356.675
37.7	356.911
37.8	357.147
37.9	357.384
38	357.62
38.1	357.856
38.2	358.093
38.3	358.33
38.4	358.566
38.5	358.803
38.6	359.04
38.7	359.276
38.8	359.513
38.9	359.75
39	359.987
39.1	360.224
39.2	360.461
39.3	360.698
39.4	360.935
39.5	361.172
39.6	361.409
39.7	361.646
39.8	361.883
39.9	362.121
40	362.358
40.1	362.595
40.2	362.833
40.3	363.07
40.4	363.307
40.5	363.545
40.6	363.782
40.7	364.02
40.8	364.257
40.9	364.495
41	364.732
41.1	364.97
41.2	365.207
41.3	365.445
41.4	365.682
41.5	365.92
41.6	366.157
41.7	366.395
41.8	366.632
41.9	366.87
42	367.108
42.1	367.345
42.2	367.583
42.3	367.821
42.4	368.058
42.5	368.296
42.6	368.533
42.7	368.771
42.8	369.009
42.9	369.246
43	369.484
43.1	369.721
43.2	369.959
43.3	370.197
43.4	370.434
43.5	370.672
43.6	370.909
43.7	371.147
43.8	371.385
43.9	371.622
44	371.86
44.1	372.097
44.2	372.335
44.3	372.572
44.4	372.81
44.5	373.047
44.6	373.285
44.7	373.522
44.8	373.76
44.9	373.997
45	374.234
45.1	374.472
45.2	374.709
45.3	374.946
45.4	375.184
45.5	375.421
45.6	375.658
45.7	375.895
45.8	376.133
45.9	376.37
46	376.607
46.1	376.844
46.2	377.081
46.3	377.318
46.4	377.555
46.5	377.792
46.6	378.029
46.7	378.266
46.8	378.503
46.9	378.74
47	378.977
47.1	379.214
47.2	379.45
47.3	379.687
47.4	379.924
47.5	380.161
47.6	380.397
47.7	380.634
47.8	380.871
47.9	381.107
48	381.344
48.1	381.58
48.2	381.816
48.3	382.053
48.4	382.289
48.5	382.526
48.6	382.762
48.7	382.998
48.8	383.234
48.9	383.47
49	383.707
49.1	383.943
49.2	384.179
49.3	384.415
49.4	384.651
49.5	384.887
49.6	385.122
49.7	385.358
49.8	385.594
49.9	385.83
50	386.065
50.1	386.301
50.2	386.537
50.3	386.772
50.4	387.008
50.5	387.243
50.6	387.479
50.7	387.714
50.8	387.949
50.9	388.184
51	388.42
51.1	388.655
51.2	388.89
51.3	389.125
51.4	389.36
51.5	389.595
51.6	389.83
51.7	390.065
51.8	390.3
51.9	390.534
52	390.769
52.1	391.004
52.2	391.238
52.3	391.473
52.4	391.707
52.5	391.942
52.6	392.176
52.7	392.41
52.8	392.645
52.9	392.879
53	393.113
53.1	393.347
53.2	393.581
53.3	393.815
53.4	394.049
53.5	394.283
53.6	394.517
53.7	394.751
53.8	394.985
53.9	395.218
54	395.452
54.1	395.685
54.2	395.919
54.3	396.152
54.4	396.386
54.5	396.619
54.6	396.852
54.7	397.085
54.8	397.319
54.9	397.552
55	397.785
55.1	398.018
55.2	398.251
55.3	398.483
55.4	398.716
55.5	398.949
55.6	399.182
55.7	399.414
55.8	399.647
55.9	399.879
56	400.112
56.1	400.344
56.2	400.576
56.3	400.809
56.4	401.041
56.5	401.273
56.6	401.505
56.7	401.737
56.8	401.969
56.9	402.201
57	402.433
57.1	402.664
57.2	402.896
57.3	403.128
57.4	403.359
57.5	403.591
57.6	403.822
57.7	404.054
57.8	404.285
57.9	404.516
58	404.747
58.1	404.978
58.2	405.21
58.3	405.44
58.4	405.671
58.5	405.902
58.6	406.133
58.7	406.364
58.8	406.594
58.9	406.825
59	407.056
59.1	407.286
59.2	407.517
59.3	407.747
59.4	407.977
59.5	408.207
59.6	408.437
59.7	408.668
59.8	408.898
59.9	409.128
60	409.357
60.1	409.587
60.2	409.817
60.3	410.047
60.4	410.276
60.5	410.506
60.6	410.735
60.7	410.965
60.8	411.194
60.9	411.423
61	411.653
61.1	411.882
61.2	412.111
61.3	412.34
61.4	412.569
61.5	412.798
61.6	413.027
61.7	413.255
61.8	413.484
61.9	413.713
62	413.941
62.1	414.17
62.2	414.398
62.3	414.627
62.4	414.855
62.5	415.083
62.6	415.311
62.7	415.539
62.8	415.767
62.9	415.995
63	416.223
63.1	416.451
63.2	416.679
63.3	416.906
63.4	417.134
63.5	417.362
63.6	417.589
63.7	417.816
63.8	418.044
63.9	418.271
64	418.498
64.1	418.725
64.2	418.952
64.3	419.179
64.4	419.406
64.5	419.633
64.6	419.86
64.7	420.087
64.8	420.313
64.9	420.54
65	420.766
65.1	420.993
65.2	421.219
65.3	421.446
65.4	421.672
65.5	421.898
65.6	422.124
65.7	422.35
65.8	422.576
65.9	422.802
66	423.028
66.1	423.254
66.2	423.479
66.3	423.705
66.4	423.931
66.5	424.156
66.6	424.381
66.7	424.607
66.8	424.832
66.9	425.057
67	425.283
67.1	425.508
67.2	425.733
67.3	425.958
67.4	426.182
67.5	426.407
67.6	426.632
67.7	426.857
67.8	427.081
67.9	427.306
68	427.53
68.1	427.755
68.2	427.979
68.3	428.203
68.4	428.427
68.5	428.651
68.6	428.876
68.7	429.1
68.8	429.323
68.9	429.547
69	429.771
69.1	429.995
69.2	430.218
69.3	430.442
69.4	430.665
69.5	430.889
69.6	431.112
69.7	431.336
69.8	431.559
69.9	431.782
70	432.005
70.1	432.228
70.2	432.451
70.3	432.674
70.4	432.897
70.5	433.119
70.6	433.342
70.7	433.565
70.8	433.787
70.9	434.01
71	434.232
71.1	434.454
71.2	434.677
71.3	434.899
71.4	435.121
71.5	435.343
71.6	435.565
71.7	435.787
71.8	436.009
71.9	436.231
72	436.452
72.1	436.674
72.2	436.895
72.3	437.117
72.4	437.338
72.5	437.56
72.6	437.781
72.7	438.002
72.8	438.224
72.9	438.445
73	438.666
73.1	438.887
73.2	439.108
73.3	439.328
73.4	439.549
73.5	439.77
73.6	439.99
73.7	440.211
73.8	440.431
73.9	440.652
74	440.872
74.1	441.092
74.2	441.313
74.3	441.533
74.4	441.753
74.5	441.973
74.6	442.193
74.7	442.413
74.8	442.633
74.9	442.852
75	443.072
75.1	443.292
75.2	443.511
75.3	443.731
75.4	443.95
75.5	444.169
75.6	444.389
75.7	444.608
75.8	444.827
75.9	445.046
76	445.265
76.1	445.484
76.2	445.703
76.3	445.922
76.4	446.14
76.5	446.359
76.6	446.578
76.7	446.796
76.8	447.014
76.9	447.233
77	447.451
77.1	447.669
77.2	447.888
77.3	448.106
77.4	448.324
77.5	448.542
77.6	448.76
77.7	448.978
77.8	449.195
77.9	449.413
78	449.631
78.1	449.848
78.2	450.066
78.3	450.283
78.4	450.501
78.5	450.718
78.6	450.935
78.7	451.152
78.8	451.37
78.9	451.587
79	451.804
79.1	452.021
79.2	452.237
79.3	452.454
79.4	452.671
79.5	452.888
79.6	453.104
79.7	453.321
79.8	453.537
79.9	453.754
80	453.97
80.1	454.186
80.2	454.402
80.3	454.618
80.4	454.835
80.5	455.051
80.6	455.266
80.7	455.482
80.8	455.698
80.9	455.914
81	456.13
81.1	456.345
81.2	456.561
81.3	456.776
81.4	456.992
81.5	457.207
81.6	457.422
81.7	457.637
81.8	457.853
81.9	458.068
82	458.283
82.1	458.498
82.2	458.712
82.3	458.927
82.4	459.142
82.5	459.357
82.6	459.571
82.7	459.786
82.8	460
82.9	460.215
83	460.429
83.1	460.644
83.2	460.858
83.3	461.072
83.4	461.286
83.5	461.5
83.6	461.714
83.7	461.928
83.8	462.142
83.9	462.356
84	462.569
84.1	462.783
84.2	462.997
84.3	463.21
84.4	463.424
84.5	463.637
84.6	463.85
84.7	464.064
84.8	464.277
84.9	464.49
85	464.703
85.1	464.916
85.2	465.129
85.3	465.342
85.4	465.555
85.5	465.768
85.6	465.98
85.7	466.193
85.8	466.406
85.9	466.618
86	466.83
86.1	467.043
86.2	467.255
86.3	467.467
86.4	467.68
86.5	467.892
86.6	468.104
86.7	468.316
86.8	468.528
86.9	468.74
87	468.952
87.1	469.163
87.2	469.375
87.3	469.587
87.4	469.798
87.5	470.01
87.6	470.221
87.7	470.433
87.8	470.644
87.9	470.855
88	471.066
88.1	471.277
88.2	471.489
88.3	471.7
88.4	471.91
88.5	472.121
88.6	472.332
88.7	472.543
88.8	472.754
88.9	472.964
89	473.175
89.1	473.385
89.2	473.596
89.3	473.806
89.4	474.017
89.5	474.227
89.6	474.437
89.7	474.647
89.8	474.857
89.9	475.067
90	475.277
90.1	475.487
90.2	475.697
90.3	475.907
90.4	476.116
90.5	476.326
90.6	476.536
90.7	476.745
90.8	476.955
90.9	477.164
91	477.373
91.1	477.583
91.2	477.792
91.3	478.001
91.4	478.21
91.5	478.419
91.6	478.628
91.7	478.837
91.8	479.046
91.9	479.255
92	479.464
92.1	479.672
92.2	479.881
92.3	480.089
92.4	480.298
92.5	480.506
92.6	480.715
92.7	480.923
92.8	481.131
92.9	481.34
93	481.548
93.1	481.756
93.2	481.964
93.3	482.172
93.4	482.38
93.5	482.588
93.6	482.795
93.7	483.003
93.8	483.211
93.9	483.418
94	483.626
94.1	483.833
94.2	484.041
94.3	484.248
94.4	484.455
94.5	484.663
94.6	484.87
94.7	485.077
94.8	485.284
94.9	485.491
95	485.698
95.1	485.905
95.2	486.112
95.3	486.319
95.4	486.525
95.5	486.732
95.6	486.939
95.7	487.145
95.8	487.352
95.9	487.558
96	487.764
96.1	487.971
96.2	488.177
96.3	488.383
96.4	488.589
96.5	488.795
96.6	489.001
96.7	489.207
96.8	489.413
96.9	489.619
97	489.825
97.1	490.031
97.2	490.236
97.3	490.442
97.4	490.648
97.5	490.853
97.6	491.058
97.7	491.264
97.8	491.469
97.9	491.674
98	491.88
98.1	492.085
98.2	492.29
98.3	492.495
98.4	492.7
98.5	492.905
98.6	493.11
98.7	493.315
98.8	493.519
98.9	493.724
99	493.929
99.1	494.133
99.2	494.338
99.3	494.542
99.4	494.747
99.5	494.951
99.6	495.155
99.7	495.36
99.8	495.564
99.9	495.768
100	495.972
100.1	496.176
100.2	496.38
100.3	496.584
100.4	496.788
100.5	496.992
100.6	497.195
100.7	497.399
100.8	497.603
100.9	497.806
101	498.01
101.1	498.213
101.2	498.417
101.3	498.62
101.4	498.823
101.5	499.026
101.6	499.23
101.7	499.433
101.8	499.636
101.9	499.839
102	500.042
102.1	500.245
102.2	500.447
102.3	500.65
102.4	500.853
102.5	501.056
102.6	501.258
102.7	501.461
102.8	501.663
102.9	501.866
103	502.068
103.1	502.271
103.2	502.473
103.3	502.675
103.4	502.877
103.5	503.08
103.6	503.282
103.7	503.484
103.8	503.686
103.9	503.887
104	504.089
104.1	504.291
104.2	504.493
104.3	504.695
104.4	504.896
104.5	505.098
104.6	505.299
104.7	505.501
104.8	505.702
104.9	505.904
105	506.105
105.1	506.306
105.2	506.507
105.3	506.709
105.4	506.91
105.5	507.111
105.6	507.312
105.7	507.513
105.8	507.714
105.9	507.914
106	508.115
106.1	508.316
106.2	508.517
106.3	508.717
106.4	508.918
106.5	509.118
106.6	509.319
106.7	509.519
106.8	509.72
106.9	509.92
107	510.12
107.1	510.32
107.2	510.52
107.3	510.721
107.4	510.921
107.5	511.121
107.6	511.32
107.7	511.52
107.8	511.72
107.9	511.92
108	512.12
108.1	512.319
108.2	512.519
108.3	512.719
108.4	512.918
108.5	513.118
108.6	513.317
108.7	513.516
108.8	513.716
108.9	513.915
109	514.114
109.1	514.313
109.2	514.512
109.3	514.711
109.4	514.91
109.5	515.109
109.6	515.308
109.7	515.507
109.8	515.706
109.9	515.904
110	516.103
110.1	516.302
110.2	516.5
110.3	516.699
110.4	516.897
110.5	517.096
110.6	517.294
110.7	517.492
110.8	517.691
110.9	517.889
111	518.087
111.1	518.285
111.2	518.483
111.3	518.681
111.4	518.879
111.5	519.077
111.6	519.275
111.7	519.473
111.8	519.671
111.9	519.868
112	520.066
112.1	520.264
112.2	520.461
112.3	520.659
112.4	520.856
112.5	521.053
112.6	521.251
112.7	521.448
112.8	521.645
112.9	521.843
113	522.04
113.1	522.237
113.2	522.434
113.3	522.631
113.4	522.828
113.5	523.025
113.6	523.222
113.7	523.418
113.8	523.615
113.9	523.812
114	524.008
114.1	524.205
114.2	524.402
114.3	524.598
114.4	524.795
114.5	524.991
114.6	525.187
114.7	525.384
114.8	525.58
114.9	525.776
115	525.972
115.1	526.168
115.2	526.364
115.3	526.56
115.4	526.756
115.5	526.952
115.6	527.148
115.7	527.344
115.8	527.54
115.9	527.735
116	527.931
116.1	528.127
116.2	528.322
116.3	528.518
116.4	528.713
116.5	528.909
116.6	529.104
116.7	529.299
116.8	529.495
116.9	529.69
117	529.885
117.1	530.08
117.2	530.275
117.3	530.47
117.4	530.665
117.5	530.86
117.6	531.055
117.7	531.25
117.8	531.445
117.9	531.639
118	531.834
118.1	532.029
118.2	532.223
118.3	532.418
118.4	532.612
118.5	532.807
118.6	533.001
118.7	533.196
118.8	533.39
118.9	533.584
119	533.778
119.1	533.972
119.2	534.167
119.3	534.361
119.4	534.555
119.5	534.749
119.6	534.943
119.7	535.136
119.8	535.33
119.9	535.524
120	535.718
120.1	535.911
120.2	536.105
120.3	536.299
120.4	536.492
120.5	536.686
120.6	536.879
120.7	537.073
120.8	537.266
120.9	537.459
121	537.653
121.1	537.846
121.2	538.039
121.3	538.232
121.4	538.425
121.5	538.618
121.6	538.811
121.7	539.004
121.8	539.197
121.9	539.39
122	539.583
122.1	539.775
122.2	539.968
122.3	540.161
122.4	540.353
122.5	540.546
122.6	540.738
122.7	540.931
122.8	541.123
122.9	541.316
123	541.508
123.1	541.7
123.2	541.893
123.3	542.085
123.4	542.277
123.5	542.469
123.6	542.661
123.7	542.853
123.8	543.045
123.9	543.237
124	543.429
124.1	543.621
124.2	543.812
124.3	544.004
124.4	544.196
124.5	544.388
124.6	544.579
124.7	544.771
124.8	544.962
124.9	545.154
125	545.345
125.1	545.536
125.2	545.728
125.3	545.919
125.4	546.11
125.5	546.301
125.6	546.493
125.7	546.684
125.8	546.875
125.9	547.066
126	547.257
126.1	547.448
126.2	547.639
126.3	547.829
126.4	548.02
126.5	548.211
126.6	548.402
126.7	548.592
126.8	548.783
126.9	548.973
127	549.164
127.1	549.354
127.2	549.545
127.3	549.735
127.4	549.926
127.5	550.116
127.6	550.306
127.7	550.496
127.8	550.687
127.9	550.877
128	551.067
128.1	551.257
128.2	551.447
128.3	551.637
128.4	551.827
128.5	552.016
128.6	552.206
128.7	552.396
128.8	552.586
128.9	552.775
129	552.965
129.1	553.155
129.2	553.344
129.3	553.534
129.4	553.723
129.5	553.913
129.6	554.102
129.7	554.291
129.8	554.481
129.9	554.67
130	554.859
130.1	555.048
130.2	555.237
130.3	555.426
130.4	555.615
130.5	555.804
130.6	555.993
130.7	556.182
130.8	556.371
130.9	556.56
131	556.749
131.1	556.937
131.2	557.126
131.3	557.315
131.4	557.503
131.5	557.692
131.6	557.88
131.7	558.069
131.8	558.257
131.9	558.446
132	558.634
132.1	558.822
132.2	559.01
132.3	559.199
132.4	559.387
132.5	559.575
132.6	559.763
132.7	559.951
132.8	560.139
132.9	560.327
133	560.515
133.1	560.703
133.2	560.891
133.3	561.078
133.4	561.266
133.5	561.454
133.6	561.641
133.7	561.829
133.8	562.017
133.9	562.204
134	562.392
134.1	562.579
134.2	562.767
134.3	562.954
134.4	563.141
134.5	563.329
134.6	563.516
134.7	563.703
134.8	563.89
134.9	564.077
135	564.264
135.1	564.451
135.2	564.638
135.3	564.825
135.4	565.012
135.5	565.199
135.6	565.386
135.7	565.573
135.8	565.759
135.9	565.946
136	566.133
136.1	566.319
136.2	566.506
136.3	566.692
136.4	566.879
136.5	567.065
136.6	567.252
136.7	567.438
136.8	567.624
136.9	567.811
137	567.997
137.1	568.183
137.2	568.369
137.3	568.555
137.4	568.742
137.5	568.928
137.6	569.114
137.7	569.3
137.8	569.485
137.9	569.671
138	569.857
138.1	570.043
138.2	570.229
138.3	570.414
138.4	570.6
138.5	570.786
138.6	570.971
138.7	571.157
138.8	571.342
138.9	571.528
139	571.713
139.1	571.899
139.2	572.084
139.3	572.269
139.4	572.455
139.5	572.64
139.6	572.825
139.7	573.01
139.8	573.195
139.9	573.38
140	573.565
140.1	573.75
140.2	573.935
140.3	574.12
140.4	574.305
140.5	574.49
140.6	574.675
140.7	574.859
140.8	575.044
140.9	575.229
141	575.413
141.1	575.598
141.2	575.783
141.3	575.967
141.4	576.152
141.5	576.336
141.6	576.52
141.7	576.705
141.8	576.889
141.9	577.073
142	577.258
142.1	577.442
142.2	577.626
142.3	577.81
142.4	577.994
142.5	578.178
142.6	578.362
142.7	578.546
142.8	578.73
142.9	578.914
143	579.098
143.1	579.282
143.2	579.465
143.3	579.649
143.4	579.833
143.5	580.016
143.6	580.2
143.7	580.384
143.8	580.567
143.9	580.751
144	580.934
144.1	581.117
144.2	581.301
144.3	581.484
144.4	581.667
144.5	581.851
144.6	582.034
144.7	582.217
144.8	582.4
144.9	582.583
145	582.766
145.1	582.949
145.2	583.132
145.3	583.315
145.4	583.498
145.5	583.681
145.6	583.864
145.7	584.047
145.8	584.23
145.9	584.412
146	584.595
146.1	584.778
146.2	584.96
146.3	585.143
146.4	585.325
146.5	585.508
146.6	585.69
146.7	585.873
146.8	586.055
146.9	586.237
147	586.42
147.1	586.602
147.2	586.784
147.3	586.966
147.4	587.149
147.5	587.331
147.6	587.513
147.7	587.695
147.8	587.877
147.9	588.059
148	588.241
148.1	588.423
148.2	588.604
148.3	588.786
148.4	588.968
148.5	589.15
148.6	589.331
148.7	589.513
148.8	589.695
148.9	589.876
149	590.058
149.1	590.239
149.2	590.421
149.3	590.602
149.4	590.784
149.5	590.965
149.6	591.146
149.7	591.328
149.8	591.509
149.9	591.69
150	591.871
150.1	592.052
150.2	592.234
150.3	592.415
150.4	592.596
150.5	592.777
150.6	592.958
150.7	593.139
150.8	593.319
150.9	593.5
151	593.681
151.1	593.862
151.2	594.043
151.3	594.223
151.4	594.404
151.5	594.585
151.6	594.765
151.7	594.946
151.8	595.126
151.9	595.307
152	595.487
152.1	595.668
152.2	595.848
152.3	596.028
152.4	596.209
152.5	596.389
152.6	596.569
152.7	596.749
152.8	596.929
152.9	597.11
153	597.29
153.1	597.47
153.2	597.65
153.3	597.83
153.4	598.01
153.5	598.19
153.6	598.369
153.7	598.549
153.8	598.729
153.9	598.909
154	599.089
154.1	599.268
154.2	599.448
154.3	599.627
154.4	599.807
154.5	599.987
154.6	600.166
154.7	600.346
154.8	600.525
154.9	600.704
155	600.884
155.1	601.063
155.2	601.242
155.3	601.422
155.4	601.601
155.5	601.78
155.6	601.959
155.7	602.138
155.8	602.317
155.9	602.496
156	602.676
156.1	602.854
156.2	603.033
156.3	603.212
156.4	603.391
156.5	603.57
156.6	603.749
156.7	603.928
156.8	604.106
156.9	604.285
157	604.464
157.1	604.642
157.2	604.821
157.3	604.999
157.4	605.178
157.5	605.356
157.6	605.535
157.7	605.713
157.8	605.892
157.9	606.07
158	606.248
158.1	606.427
158.2	606.605
158.3	606.783
158.4	606.961
158.5	607.139
158.6	607.318
158.7	607.496
158.8	607.674
158.9	607.852
159	608.03
159.1	608.208
159.2	608.385
159.3	608.563
159.4	608.741
159.5	608.919
159.6	609.097
159.7	609.274
159.8	609.452
159.9	609.63
160	609.807
160.1	609.985
160.2	610.162
160.3	610.34
160.4	610.517
160.5	610.695
160.6	610.872
160.7	611.05
160.8	611.227
160.9	611.404
161	611.582
161.1	611.759
161.2	611.936
161.3	612.113
161.4	612.29
161.5	612.468
161.6	612.645
161.7	612.822
161.8	612.999
161.9	613.176
162	613.353
162.1	613.529
162.2	613.706
162.3	613.883
162.4	614.06
162.5	614.237
162.6	614.414
162.7	614.59
162.8	614.767
162.9	614.944
163	615.12
163.1	615.297
163.2	615.473
163.3	615.65
163.4	615.826
163.5	616.003
163.6	616.179
163.7	616.355
163.8	616.532
163.9	616.708
164	616.884
164.1	617.061
164.2	617.237
164.3	617.413
164.4	617.589
164.5	617.765
164.6	617.941
164.7	618.117
164.8	618.293
164.9	618.469
165	618.645
165.1	618.821
165.2	618.997
165.3	619.173
165.4	619.349
165.5	619.524
165.6	619.7
165.7	619.876
165.8	620.052
165.9	620.227
166	620.403
166.1	620.578
166.2	620.754
166.3	620.929
166.4	621.105
166.5	621.28
166.6	621.456
166.7	621.631
166.8	621.806
166.9	621.982
167	622.157
167.1	622.332
167.2	622.508
167.3	622.683
167.4	622.858
167.5	623.033
167.6	623.208
167.7	623.383
167.8	623.558
167.9	623.733
168	623.908
168.1	624.083
168.2	624.258
168.3	624.433
168.4	624.608
168.5	624.782
168.6	624.957
168.7	625.132
168.8	625.307
168.9	625.481
169	625.656
169.1	625.831
169.2	626.005
169.3	626.18
169.4	626.354
169.5	626.529
169.6	626.703
169.7	626.878
169.8	627.052
169.9	627.226
170	627.401
170.1	627.575
170.2	627.749
170.3	627.923
170.4	628.098
170.5	628.272
170.6	628.446
170.7	628.62
170.8	628.794
170.9	628.968
171	629.142
171.1	629.316
171.2	629.49
171.3	629.664
171.4	629.838
171.5	630.011
171.6	630.185
171.7	630.359
171.8	630.533
171.9	630.707
172	630.88
172.1	631.054
172.2	631.228
172.3	631.401
172.4	631.575
172.5	631.748
172.6	631.922
172.7	632.095
172.8	632.269
172.9	632.442
173	632.615
173.1	632.789
173.2	632.962
173.3	633.135
173.4	633.309
173.5	633.482
173.6	633.655
173.7	633.828
173.8	634.001
173.9	634.174
174	634.347
174.1	634.52
174.2	634.693
174.3	634.866
174.4	635.039
174.5	635.212
174.6	635.385
174.7	635.558
174.8	635.731
174.9	635.903
175	636.076
175.1	636.249
175.2	636.422
175.3	636.594
175.4	636.767
175.5	636.94
175.6	637.112
175.7	637.285
175.8	637.457
175.9	637.63
176	637.802
176.1	637.974
176.2	638.147
176.3	638.319
176.4	638.492
176.5	638.664
176.6	638.836
176.7	639.008
176.8	639.181
176.9	639.353
177	639.525
177.1	639.697
177.2	639.869
177.3	640.041
177.4	640.213
177.5	640.385
177.6	640.557
177.7	640.729
177.8	640.901
177.9	641.073
178	641.245
178.1	641.416
178.2	641.588
178.3	641.76
178.4	641.932
178.5	642.103
178.6	642.275
178.7	642.447
178.8	642.618
178.9	642.79
179	642.961
179.1	643.133
179.2	643.304
179.3	643.476
179.4	643.647
179.5	643.819
179.6	643.99
179.7	644.161
179.8	644.333
179.9	644.504
180	644.675
180.1	644.846
180.2	645.017
180.3	645.189
180.4	645.36
180.5	645.531
180.6	645.702
180.7	645.873
180.8	646.044
180.9	646.215
181	646.386
181.1	646.557
181.2	646.728
181.3	646.898
181.4	647.069
181.5	647.24
181.6	647.411
181.7	647.582
181.8	647.752
181.9	647.923
182	648.094
182.1	648.264
182.2	648.435
182.3	648.605
182.4	648.776
182.5	648.946
182.6	649.117
182.7	649.287
182.8	649.458
182.9	649.628
183	649.799
183.1	649.969
183.2	650.139
183.3	650.309
183.4	650.48
183.5	650.65
183.6	650.82
183.7	650.99
183.8	651.16
183.9	651.33
184	651.501
184.1	651.671
184.2	651.841
184.3	652.011
184.4	652.181
184.5	652.35
184.6	652.52
184.7	652.69
184.8	652.86
184.9	653.03
185	653.2
185.1	653.369
185.2	653.539
185.3	653.709
185.4	653.878
185.5	654.048
185.6	654.218
185.7	654.387
185.8	654.557
185.9	654.726
186	654.896
186.1	655.065
186.2	655.235
186.3	655.404
186.4	655.574
186.5	655.743
186.6	655.912
186.7	656.081
186.8	656.251
186.9	656.42
187	656.589
187.1	656.758
187.2	656.928
187.3	657.097
187.4	657.266
187.5	657.435
187.6	657.604
187.7	657.773
187.8	657.942
187.9	658.111
188	658.28
188.1	658.449
188.2	658.617
188.3	658.786
188.4	658.955
188.5	659.124
188.6	659.293
188.7	659.461
188.8	659.63
188.9	659.799
189	659.967
189.1	660.136
189.2	660.305
189.3	660.473
189.4	660.642
189.5	660.81
189.6	660.979
189.7	661.147
189.8	661.316
189.9	661.484
190	661.652
190.1	661.821
190.2	661.989
190.3	662.157
190.4	662.326
190.5	662.494
190.6	662.662
190.7	662.83
190.8	662.998
190.9	663.166
191	663.335
191.1	663.503
191.2	663.671
191.3	663.839
191.4	664.007
191.5	664.175
191.6	664.342
191.7	664.51
191.8	664.678
191.9	664.846
192	665.014
192.1	665.182
192.2	665.349
192.3	665.517
192.4	665.685
192.5	665.853
192.6	666.02
192.7	666.188
192.8	666.355
192.9	666.523
193	666.691
193.1	666.858
193.2	667.026
193.3	667.193
193.4	667.36
193.5	667.528
193.6	667.695
193.7	667.863
193.8	668.03
193.9	668.197
194	668.364
194.1	668.532
194.2	668.699
194.3	668.866
194.4	669.033
194.5	669.2
194.6	669.368
194.7	669.535
194.8	669.702
194.9	669.869
195	670.036
195.1	670.203
195.2	670.37
195.3	670.537
195.4	670.703
195.5	670.87
195.6	671.037
195.7	671.204
195.8	671.371
195.9	671.537
196	671.704
196.1	671.871
196.2	672.038
196.3	672.204
196.4	672.371
196.5	672.537
196.6	672.704
196.7	672.871
196.8	673.037
196.9	673.204
197	673.37
197.1	673.536
197.2	673.703
197.3	673.869
197.4	674.036
197.5	674.202
197.6	674.368
197.7	674.535
197.8	674.701
197.9	674.867
198	675.033
198.1	675.199
198.2	675.366
198.3	675.532
198.4	675.698
198.5	675.864
198.6	676.03
198.7	676.196
198.8	676.362
198.9	676.528
199	676.694
199.1	676.86
199.2	677.026
199.3	677.191
199.4	677.357
199.5	677.523
199.6	677.689
199.7	677.855
199.8	678.02
199.9	678.186
200	678.352
200.1	678.517
200.2	678.683
200.3	678.849
200.4	679.014
200.5	679.18
200.6	679.345
200.7	679.511
200.8	679.676
200.9	679.842
201	680.007
201.1	680.172
201.2	680.338
201.3	680.503
201.4	680.668
201.5	680.834
201.6	680.999
201.7	681.164
201.8	681.329
201.9	681.495
202	681.66
202.1	681.825
202.2	681.99
202.3	682.155
202.4	682.32
202.5	682.485
202.6	682.65
202.7	682.815
202.8	682.98
202.9	683.145
203	683.31
203.1	683.475
203.2	683.64
203.3	683.805
203.4	683.969
203.5	684.134
203.6	684.299
203.7	684.464
203.8	684.628
203.9	684.793
204	684.958
204.1	685.122
204.2	685.287
204.3	685.451
204.4	685.616
204.5	685.78
204.6	685.945
204.7	686.109
204.8	686.274
204.9	686.438
205	686.603
205.1	686.767
205.2	686.931
205.3	687.096
205.4	687.26
205.5	687.424
205.6	687.588
205.7	687.753
205.8	687.917
205.9	688.081
206	688.245
206.1	688.409
206.2	688.573
206.3	688.737
206.4	688.902
206.5	689.066
206.6	689.23
206.7	689.393
206.8	689.557
206.9	689.721
207	689.885
207.1	690.049
207.2	690.213
207.3	690.377
207.4	690.541
207.5	690.704
207.6	690.868
207.7	691.032
207.8	691.195
207.9	691.359
208	691.523
208.1	691.686
208.2	691.85
208.3	692.014
208.4	692.177
208.5	692.341
208.6	692.504
208.7	692.668
208.8	692.831
208.9	692.994
209	693.158
209.1	693.321
209.2	693.485
209.3	693.648
209.4	693.811
209.5	693.974
209.6	694.138
209.7	694.301
209.8	694.464
209.9	694.627
210	694.79
210.1	694.954
210.2	695.117
210.3	695.28
210.4	695.443
210.5	695.606
210.6	695.769
210.7	695.932
210.8	696.095
210.9	696.258
211	696.421
211.1	696.583
211.2	696.746
211.3	696.909
211.4	697.072
211.5	697.235
211.6	697.398
211.7	697.56
211.8	697.723
211.9	697.886
212	698.048
212.1	698.211
212.2	698.374
212.3	698.536
212.4	698.699
212.5	698.861
212.6	699.024
212.7	699.186
212.8	699.349
212.9	699.511
213	699.674
213.1	699.836
213.2	699.998
213.3	700.161
213.4	700.323
213.5	700.485
213.6	700.648
213.7	700.81
213.8	700.972
213.9	701.134
214	701.296
214.1	701.459
214.2	701.621
214.3	701.783
214.4	701.945
214.5	702.107
214.6	702.269
214.7	702.431
214.8	702.593
214.9	702.755
215	702.917
215.1	703.079
215.2	703.241
215.3	703.403
215.4	703.565
215.5	703.726
215.6	703.888
215.7	704.05
215.8	704.212
215.9	704.373
216	704.535
216.1	704.697
216.2	704.858
216.3	705.02
216.4	705.182
216.5	705.343
216.6	705.505
216.7	705.666
216.8	705.828
216.9	705.989
217	706.151
217.1	706.312
217.2	706.474
217.3	706.635
217.4	706.797
217.5	706.958
217.6	707.119
217.7	707.281
217.8	707.442
217.9	707.603
218	707.764
218.1	707.925
218.2	708.087
218.3	708.248
218.4	708.409
218.5	708.57
218.6	708.731
218.7	708.892
218.8	709.053
218.9	709.214
219	709.375
219.1	709.536
219.2	709.697
219.3	709.858
219.4	710.019
219.5	710.18
219.6	710.341
219.7	710.502
219.8	710.663
219.9	710.823
220	710.984
220.1	711.145
220.2	711.306
220.3	711.466
220.4	711.627
220.5	711.788
220.6	711.948
220.7	712.109
220.8	712.269
220.9	712.43
221	712.591
221.1	712.751
221.2	712.912
221.3	713.072
221.4	713.232
221.5	713.393
221.6	713.553
221.7	713.714
221.8	713.874
221.9	714.034
222	714.195
222.1	714.355
222.2	714.515
222.3	714.675
222.4	714.836
222.5	714.996
222.6	715.156
222.7	715.316
222.8	715.476
222.9	715.636
223	715.797
223.1	715.957
223.2	716.117
223.3	716.277
223.4	716.437
223.5	716.597
223.6	716.757
223.7	716.917
223.8	717.076
223.9	717.236
224	717.396
224.1	717.556
224.2	717.716
224.3	717.876
224.4	718.035
224.5	718.195
224.6	718.355
224.7	718.515
224.8	718.674
224.9	718.834
225	718.994
225.1	719.153
225.2	719.313
225.3	719.472
225.4	719.632
225.5	719.791
225.6	719.951
225.7	720.11
225.8	720.27
225.9	720.429
226	720.589
226.1	720.748
226.2	720.907
226.3	721.067
226.4	721.226
226.5	721.385
226.6	721.545
226.7	721.704
226.8	721.863
226.9	722.022
227	722.181
227.1	722.341
227.2	722.5
227.3	722.659
227.4	722.818
227.5	722.977
227.6	723.136
227.7	723.295
227.8	723.454
227.9	723.613
228	723.772
228.1	723.931
228.2	724.09
228.3	724.249
228.4	724.408
228.5	724.567
228.6	724.725
228.7	724.884
228.8	725.043
228.9	725.202
229	725.361
229.1	725.519
229.2	725.678
229.3	725.837
229.4	725.995
229.5	726.154
229.6	726.313
229.7	726.471
229.8	726.63
229.9	726.788
230	726.947
230.1	727.105
230.2	727.264
230.3	727.422
230.4	727.581
230.5	727.739
230.6	727.898
230.7	728.056
230.8	728.214
230.9	728.373
231	728.531
231.1	728.689
231.2	728.847
231.3	729.006
231.4	729.164
231.5	729.322
231.6	729.48
231.7	729.638
231.8	729.797
231.9	729.955
232	730.113
232.1	730.271
232.2	730.429
232.3	730.587
232.4	730.745
232.5	730.903
232.6	731.061
232.7	731.219
232.8	731.377
232.9	731.535
233	731.693
233.1	731.85
233.2	732.008
233.3	732.166
233.4	732.324
233.5	732.482
233.6	732.639
233.7	732.797
233.8	732.955
233.9	733.112
234	733.27
234.1	733.428
234.2	733.585
234.3	733.743
234.4	733.901
234.5	734.058
234.6	734.216
234.7	734.373
234.8	734.531
234.9	734.688
235	734.846
235.1	735.003
235.2	735.16
235.3	735.318
235.4	735.475
235.5	735.633
235.6	735.79
235.7	735.947
235.8	736.104
235.9	736.262
236	736.419
236.1	736.576
236.2	736.733
236.3	736.891
236.4	737.048
236.5	737.205
236.6	737.362
236.7	737.519
236.8	737.676
236.9	737.833
237	737.99
237.1	738.147
237.2	738.304
237.3	738.461
237.4	738.618
237.5	738.775
237.6	738.932
237.7	739.089
237.8	739.246
237.9	739.403
238	739.559
238.1	739.716
238.2	739.873
238.3	740.03
238.4	740.186
238.5	740.343
238.6	740.5
238.7	740.657
238.8	740.813
238.9	740.97
239	741.126
239.1	741.283
239.2	741.44
239.3	741.596
239.4	741.753
239.5	741.909
239.6	742.066
239.7	742.222
239.8	742.379
239.9	742.535
240	742.691
240.1	742.848
240.2	743.004
240.3	743.16
240.4	743.317
240.5	743.473
240.6	743.629
240.7	743.786
240.8	743.942
240.9	744.098
241	744.254
241.1	744.411
241.2	744.567
241.3	744.723
241.4	744.879
241.5	745.035
241.6	745.191
241.7	745.347
241.8	745.503
241.9	745.659
242	745.815
242.1	745.971
242.2	746.127
242.3	746.283
242.4	746.439
242.5	746.595
242.6	746.751
242.7	746.907
242.8	747.062
242.9	747.218
243	747.374
243.1	747.53
243.2	747.686
243.3	747.841
243.4	747.997
243.5	748.153
243.6	748.308
243.7	748.464
243.8	748.62
243.9	748.775
244	748.931
244.1	749.086
244.2	749.242
244.3	749.397
244.4	749.553
244.5	749.708
244.6	749.864
244.7	750.019
244.8	750.175
244.9	750.33
245	750.486
245.1	750.641
245.2	750.796
245.3	750.952
245.4	751.107
245.5	751.262
245.6	751.417
245.7	751.573
245.8	751.728
245.9	751.883
246	752.038
246.1	752.194
246.2	752.349
246.3	752.504
246.4	752.659
246.5	752.814
246.6	752.969
246.7	753.124
246.8	753.279
246.9	753.434
247	753.589
247.1	753.744
247.2	753.899
247.3	754.054
247.4	754.209
247.5	754.364
247.6	754.519
247.7	754.673
247.8	754.828
247.9	754.983
248	755.138
248.1	755.293
248.2	755.447
248.3	755.602
248.4	755.757
248.5	755.912
248.6	756.066
248.7	756.221
248.8	756.375
248.9	756.53
249	756.685
249.1	756.839
249.2	756.994
249.3	757.148
249.4	757.303
249.5	757.457
249.6	757.612
249.7	757.766
249.8	757.921
249.9	758.075
250	758.23
250.1	758.384
250.2	758.538
250.3	758.693
250.4	758.847
250.5	759.001
250.6	759.155
250.7	759.31
250.8	759.464
250.9	759.618
251	759.772
251.1	759.927
251.2	760.081
251.3	760.235
251.4	760.389
251.5	760.543
251.6	760.697
251.7	760.851
251.8	761.005
251.9	761.159
252	761.313
252.1	761.467
252.2	761.621
252.3	761.775
252.4	761.929
252.5	762.083
252.6	762.237
252.7	762.391
252.8	762.545
252.9	762.698
253	762.852
253.1	763.006
253.2	763.16
253.3	763.314
253.4	763.467
253.5	763.621
253.6	763.775
253.7	763.928
253.8	764.082
253.9	764.236
254	764.389
254.1	764.543
254.2	764.697
254.3	764.85
254.4	765.004
254.5	765.157
254.6	765.311
254.7	765.464
254.8	765.618
254.9	765.771
255	765.924
255.1	766.078
255.2	766.231
255.3	766.385
255.4	766.538
255.5	766.691
255.6	766.845
255.7	766.998
255.8	767.151
255.9	767.304
256	767.458
256.1	767.611
256.2	767.764
256.3	767.917
256.4	768.07
256.5	768.224
256.6	768.377
256.7	768.53
256.8	768.683
256.9	768.836
257	768.989
257.1	769.142
257.2	769.295
257.3	769.448
257.4	769.601
257.5	769.754
257.6	769.907
257.7	770.06
257.8	770.213
257.9	770.366
258	770.519
258.1	770.671
258.2	770.824
258.3	770.977
258.4	771.13
258.5	771.283
258.6	771.435
258.7	771.588
258.8	771.741
258.9	771.893
259	772.046
259.1	772.199
259.2	772.351
259.3	772.504
259.4	772.657
259.5	772.809
259.6	772.962
259.7	773.114
259.8	773.267
259.9	773.419
260	773.572
260.1	773.724
260.2	773.877
260.3	774.029
260.4	774.182
260.5	774.334
260.6	774.486
260.7	774.639
260.8	774.791
260.9	774.943
261	775.096
261.1	775.248
261.2	775.4
261.3	775.552
261.4	775.705
261.5	775.857
261.6	776.009
261.7	776.161
261.8	776.313
261.9	776.465
262	776.618
262.1	776.77
262.2	776.922
262.3	777.074
262.4	777.226
262.5	777.378
262.6	777.53
262.7	777.682
262.8	777.834
262.9	777.986
263	778.138
263.1	778.29
263.2	778.442
263.3	778.593
263.4	778.745
263.5	778.897
263.6	779.049
263.7	779.201
263.8	779.353
263.9	779.504
264	779.656
264.1	779.808
264.2	779.96
264.3	780.111
264.4	780.263
264.5	780.415
264.6	780.566
264.7	780.718
264.8	780.869
264.9	781.021
265	781.173
265.1	781.324
265.2	781.476
265.3	781.627
265.4	781.779
265.5	781.93
265.6	782.082
265.7	782.233
265.8	782.384
265.9	782.536
266	782.687
266.1	782.839
266.2	782.99
266.3	783.141
266.4	783.293
266.5	783.444
266.6	783.595
266.7	783.746
266.8	783.898
266.9	784.049
267	784.2
267.1	784.351
267.2	784.502
267.3	784.654
267.4	784.805
267.5	784.956
267.6	785.107
267.7	785.258
267.8	785.409
267.9	785.56
268	785.711
268.1	785.862
268.2	786.013
268.3	786.164
268.4	786.315
268.5	786.466
268.6	786.617
268.7	786.768
268.8	786.919
268.9	787.07
269	787.22
269.1	787.371
269.2	787.522
269.3	787.673
269.4	787.824
269.5	787.974
269.6	788.125
269.7	788.276
269.8	788.427
269.9	788.577
270	788.728
270.1	788.879
270.2	789.029
270.3	789.18
270.4	789.33
270.5	789.481
270.6	789.632
270.7	789.782
270.8	789.933
270.9	790.083
271	790.234
271.1	790.384
271.2	790.535
271.3	790.685
271.4	790.836
271.5	790.986
271.6	791.136
271.7	791.287
271.8	791.437
271.9	791.587
272	791.738
272.1	791.888
272.2	792.038
272.3	792.189
272.4	792.339
272.5	792.489
272.6	792.639
272.7	792.789
272.8	792.94
272.9	793.09
273	793.24
273.1	793.39
273.2	793.54
273.3	793.69
273.4	793.84
273.5	793.99
273.6	794.14
273.7	794.29
273.8	794.44
273.9	794.59
274	794.74
274.1	794.89
274.2	795.04
274.3	795.19
274.4	795.34
274.5	795.49
274.6	795.64
274.7	795.79
274.8	795.94
274.9	796.089
275	796.239
275.1	796.389
275.2	796.539
275.3	796.688
275.4	796.838
275.5	796.988
275.6	797.138
275.7	797.287
275.8	797.437
275.9	797.587
276	797.736
276.1	797.886
276.2	798.035
276.3	798.185
276.4	798.334
276.5	798.484
276.6	798.634
276.7	798.783
276.8	798.933
276.9	799.082
277	799.231
277.1	799.381
277.2	799.53
277.3	799.68
277.4	799.829
277.5	799.978
277.6	800.128
277.7	800.277
277.8	800.426
277.9	800.576
278	800.725
278.1	800.874
278.2	801.024
278.3	801.173
278.4	801.322
278.5	801.471
278.6	801.62
278.7	801.77
278.8	801.919
278.9	802.068
279	802.217
279.1	802.366
279.2	802.515
279.3	802.664
279.4	802.813
279.5	802.962
279.6	803.111
279.7	803.26
279.8	803.409
279.9	803.558
280	803.707
280.1	803.856
280.2	804.005
280.3	804.154
280.4	804.303
280.5	804.452
280.6	804.6
280.7	804.749
280.8	804.898
280.9	805.047
281	805.196
281.1	805.344
281.2	805.493
281.3	805.642
281.4	805.79
281.5	805.939
281.6	806.088
281.7	806.237
281.8	806.385
281.9	806.534
282	806.682
282.1	806.831
282.2	806.98
282.3	807.128
282.4	807.277
282.5	807.425
282.6	807.574
282.7	807.722
282.8	807.871
282.9	808.019
283	808.168
283.1	808.316
283.2	808.464
283.3	808.613
283.4	808.761
283.5	808.909
283.6	809.058
283.7	809.206
283.8	809.354
283.9	809.503
284	809.651
284.1	809.799
284.2	809.947
284.3	810.096
284.4	810.244
284.5	810.392
284.6	810.54
284.7	810.688
284.8	810.837
284.9	810.985
285	811.133
285.1	811.281
285.2	811.429
285.3	811.577
285.4	811.725
285.5	811.873
285.6	812.021
285.7	812.169
285.8	812.317
285.9	812.465
286	812.613
286.1	812.761
286.2	812.909
286.3	813.057
286.4	813.205
286.5	813.352
286.6	813.5
286.7	813.648
286.8	813.796
286.9	813.944
287	814.091
287.1	814.239
287.2	814.387
287.3	814.535
287.4	814.682
287.5	814.83
287.6	814.978
287.7	815.125
287.8	815.273
287.9	815.421
288	815.568
288.1	815.716
288.2	815.864
288.3	816.011
288.4	816.159
288.5	816.306
288.6	816.454
288.7	816.601
288.8	816.749
288.9	816.896
289	817.044
289.1	817.191
289.2	817.339
289.3	817.486
289.4	817.633
289.5	817.781
289.6	817.928
289.7	818.075
289.8	818.223
289.9	818.37
290	818.517
290.1	818.665
290.2	818.812
290.3	818.959
290.4	819.106
290.5	819.254
290.6	819.401
290.7	819.548
290.8	819.695
290.9	819.842
291	819.989
291.1	820.136
291.2	820.284
291.3	820.431
291.4	820.578
291.5	820.725
291.6	820.872
291.7	821.019
291.8	821.166
291.9	821.313
292	821.46
292.1	821.607
292.2	821.754
292.3	821.901
292.4	822.047
292.5	822.194
292.6	822.341
292.7	822.488
292.8	822.635
292.9	822.782
293	822.929
293.1	823.075
293.2	823.222
293.3	823.369
293.4	823.516
293.5	823.662
293.6	823.809
293.7	823.956
293.8	824.103
293.9	824.249
294	824.396
294.1	824.542
294.2	824.689
294.3	824.836
294.4	824.982
294.5	825.129
294.6	825.275
294.7	825.422
294.8	825.569
294.9	825.715
295	825.862
295.1	826.008
295.2	826.154
295.3	826.301
295.4	826.447
295.5	826.594
295.6	826.74
295.7	826.887
295.8	827.033
295.9	827.179
296	827.326
296.1	827.472
296.2	827.618
296.3	827.765
296.4	827.911
296.5	828.057
296.6	828.203
296.7	828.35
296.8	828.496
296.9	828.642
297	828.788
297.1	828.934
297.2	829.08
297.3	829.227
297.4	829.373
297.5	829.519
297.6	829.665
297.7	829.811
297.8	829.957
297.9	830.103
298	830.249
298.1	830.395
298.2	830.541
298.3	830.687
298.4	830.833
298.5	830.979
298.6	831.125
298.7	831.271
298.8	831.417
298.9	831.563
299	831.708
299.1	831.854
299.2	832
299.3	832.146
299.4	832.292
299.5	832.438
299.6	832.583
299.7	832.729
299.8	832.875
299.9	833.021
300	833.166
