W	Pred
1.5	464.55
1.6	452.935
1.7	442.769
1.8	433.811
1.9	425.869
2	418.79
2.1	412.451
2.2	406.751
2.3	401.605
2.4	396.942
2.5	392.705
2.6	388.844
2.7	385.315
2.8	382.084
2.9	379.117
3	376.388
3.1	373.874
3.2	371.553
3.3	369.408
3.4	367.423
3.5	365.582
3.6	363.874
3.7	362.288
3.8	360.813
3.9	359.441
4	358.163
4.1	356.972
4.2	355.861
4.3	354.825
4.4	353.858
4.5	352.956
4.6	352.113
4.7	351.325
4.8	350.59
4.9	349.903
5	349.262
5.1	348.662
5.2	348.103
5.3	347.581
5.4	347.094
5.5	346.64
5.6	346.216
5.7	345.822
5.8	345.456
5.9	345.115
6	344.799
6.1	344.506
6.2	344.235
6.3	343.984
6.4	343.754
6.5	343.541
6.6	343.347
6.7	343.168
6.8	343.006
6.9	342.859
7	342.726
7.1	342.607
7.2	342.5
7.3	342.406
7.4	342.324
7.5	342.252
7.6	342.192
7.7	342.141
7.8	342.1
7.9	342.069
8	342.046
8.1	342.031
8.2	342.025
8.3	342.026
8.4	342.034
8.5	342.05
8.6	342.072
8.7	342.101
8.8	342.135
8.9	342.176
9	342.222
9.1	342.273
9.2	342.33
9.3	342.392
9.4	342.458
9.5	342.529
9.6	342.604
9.7	342.683
9.8	342.767
9.9	342.854
10	342.945
10.1	343.039
10.2	343.137
10.3	343.237
10.4	343.342
10.5	343.449
10.6	343.558
10.7	343.671
10.8	343.786
10.9	343.904
11	344.024
11.1	344.147
11.2	344.272
11.3	344.399
11.4	344.528
11.5	344.659
11.6	344.792
11.7	344.926
11.8	345.063
11.9	345.201
12	345.341
12.1	345.482
12.2	345.625
12.3	345.769
12.4	345.915
12.5	346.062
12.6	346.21
12.7	346.359
12.8	346.51
12.9	346.662
13	346.814
13.1	346.968
13.2	347.123
13.3	347.279
13.4	347.435
13.5	347.593
13.6	347.751
13.7	347.91
13.8	348.07
13.9	348.23
14	348.391
14.1	348.553
14.2	348.716
14.3	348.879
14.4	349.043
14.5	349.207
14.6	349.371
14.7	349.537
14.8	349.702
14.9	349.868
15	350.035
15.1	350.202
15.2	350.369
15.3	350.537
15.4	350.705
15.5	350.873
15.6	351.042
15.7	351.211
15.8	351.38
15.9	351.549
16	351.719
16.1	351.889
16.2	352.059
16.3	352.229
16.4	352.399
16.5	352.57
16.6	352.74
16.7	352.911
16.8	353.082
16.9	353.253
17	353.424
17.1	353.596
17.2	353.767
17.3	353.938
17.4	354.11
17.5	354.281
17.6	354.452
17.7	354.624
17.8	354.795
17.9	354.967
18	355.138
18.1	355.31
18.2	355.481
18.3	355.653
18.4	355.824
18.5	355.995
18.6	356.167
18.7	356.338
18.8	356.509
18.9	356.68
19	356.851
19.1	357.022
19.2	357.193
19.3	357.364
19.4	357.535
19.5	357.705
19.6	357.876
19.7	358.046
19.8	358.216
19.9	358.386
20	358.556
20.1	358.726
20.2	358.896
20.3	359.065
20.4	359.235
20.5	359.404
20.6	359.573
20.7	359.742
20.8	359.911
20.9	360.079
21	360.248
21.1	360.416
21.2	360.584
21.3	360.752
21.4	360.92
21.5	361.088
21.6	361.255
21.7	361.422
21.8	361.589
21.9	361.756
22	361.923
22.1	362.089
22.2	362.256
22.3	362.422
22.4	362.587
22.5	362.753
22.6	362.919
22.7	363.084
22.8	363.249
22.9	363.414
23	363.578
23.1	363.743
23.2	363.907
23.3	364.071
23.4	364.235
23.5	364.398
23.6	364.562
23.7	364.725
23.8	364.888
23.9	365.05
24	365.213
24.1	365.375
24.2	365.537
24.3	365.699
24.4	365.86
24.5	366.022
24.6	366.183
24.7	366.344
24.8	366.504
24.9	366.665
25	366.825
25.1	366.985
25.2	367.144
25.3	367.304
25.4	367.463
25.5	367.622
25.6	367.781
25.7	367.939
25.8	368.098
25.9	368.256
26	368.414
26.1	368.571
26.2	368.729
26.3	368.886
26.4	369.043
26.5	369.199
26.6	369.356
26.7	369.512
26.8	369.668
26.9	369.823
27	369.979
27.1	370.134
27.2	370.289
27.3	370.444
27.4	370.598
27.5	370.753
27.6	370.907
27.7	371.06
27.8	371.214
27.9	371.367
28	371.52
28.1	371.673
28.2	371.826
28.3	371.978
28.4	372.13
28.5	372.282
28.6	372.434
28.7	372.585
28.8	372.736
28.9	372.887
29	373.038
29.1	373.189
29.2	373.339
29.3	373.489
29.4	373.639
29.5	373.788
29.6	373.937
29.7	374.086
29.8	374.235
29.9	374.384
30	374.532
30.1	374.68
30.2	374.828
30.3	374.976
30.4	375.123
30.5	375.27
30.6	375.417
30.7	375.564
30.8	375.711
30.9	375.857
31	376.003
31.1	376.149
31.2	376.294
31.3	376.44
31.4	376.585
31.5	376.73
31.6	376.874
31.7	377.019
31.8	377.163
31.9	377.307
32	377.451
32.1	377.594
32.2	377.738
32.3	377.881
32.4	378.024
32.5	378.166
32.6	378.309
32.7	378.451
32.8	378.593
32.9	378.734
33	378.876
33.1	379.017
33.2	379.158
33.3	379.299
33.4	379.44
33.5	379.58
33.6	379.72
33.7	379.86
33.8	380
33.9	380.14
34	380.279
34.1	380.418
34.2	380.557
34.3	380.696
34.4	380.834
34.5	380.972
34.6	381.11
34.7	381.248
34.8	381.386
34.9	381.523
35	381.66
35.1	381.797
35.2	381.934
35.3	382.07
35.4	382.207
35.5	382.343
35.6	382.479
35.7	382.614
35.8	382.75
35.9	382.885
36	383.02
36.1	383.155
36.2	383.29
36.3	383.424
36.4	383.559
36.5	383.693
36.6	383.826
36.7	383.96
36.8	384.093
36.9	384.227
37	384.36
37.1	384.493
37.2	384.625
37.3	384.758
37.4	384.89
37.5	385.022
37.6	385.154
37.7	385.285
37.8	385.417
37.9	385.548
38	385.679
38.1	385.81
38.2	385.94
38.3	386.071
38.4	386.201
38.5	386.331
38.6	386.461
38.7	386.591
38.8	386.72
38.9	386.849
39	386.978
39.1	387.107
39.2	387.236
39.3	387.365
39.4	387.493
39.5	387.621
39.6	387.749
39.7	387.877
39.8	388.004
39.9	388.132
40	388.259
40.1	388.386
40.2	388.513
40.3	388.639
40.4	388.766
40.5	388.892
40.6	389.018
40.7	389.144
40.8	389.27
40.9	389.395
41	389.52
41.1	389.646
41.2	389.77
41.3	389.895
41.4	390.02
41.5	390.144
41.6	390.269
41.7	390.393
41.8	390.517
41.9	390.64
42	390.764
42.1	390.887
42.2	391.01
42.3	391.133
42.4	391.256
42.5	391.379
42.6	391.501
42.7	391.624
42.8	391.746
42.9	391.868
43	391.989
43.1	392.111
43.2	392.233
43.3	392.354
43.4	392.475
43.5	392.596
43.6	392.717
43.7	392.837
43.8	392.958
43.9	393.078
44	393.198
44.1	393.318
44.2	393.438
44.3	393.557
44.4	393.677
44.5	393.796
44.6	393.915
44.7	394.034
44.8	394.152
44.9	394.271
45	394.389
45.1	394.508
45.2	394.626
45.3	394.744
45.4	394.862
45.5	394.979
45.6	395.097
45.7	395.214
45.8	395.331
45.9	395.448
46	395.565
46.1	395.681
46.2	395.798
46.3	395.914
46.4	396.03
46.5	396.146
46.6	396.262
46.7	396.378
46.8	396.493
46.9	396.609
47	396.724
47.1	396.839
47.2	396.954
47.3	397.069
47.4	397.183
47.5	397.298
47.6	397.412
47.7	397.526
47.8	397.64
47.9	397.754
48	397.868
48.1	397.981
48.2	398.095
48.3	398.208
48.4	398.321
48.5	398.434
48.6	398.547
48.7	398.659
48.8	398.772
48.9	398.884
49	398.997
49.1	399.109
49.2	399.22
49.3	399.332
49.4	399.444
49.5	399.555
49.6	399.667
49.7	399.778
49.8	399.889
49.9	400
50	400.11
50.1	400.221
50.2	400.332
50.3	400.442
50.4	400.552
50.5	400.662
50.6	400.772
50.7	400.882
50.8	400.991
50.9	401.101
51	401.21
51.1	401.319
51.2	401.428
51.3	401.537
51.4	401.646
51.5	401.755
51.6	401.863
51.7	401.971
51.8	402.08
51.9	402.188
52	402.296
52.1	402.404
52.2	402.511
52.3	402.619
52.4	402.726
52.5	402.833
52.6	402.941
52.7	403.048
52.8	403.154
52.9	403.261
53	403.368
53.1	403.474
53.2	403.581
53.3	403.687
53.4	403.793
53.5	403.899
53.6	404.005
53.7	404.11
53.8	404.216
53.9	404.321
54	404.426
54.1	404.532
54.2	404.637
54.3	404.742
54.4	404.846
54.5	404.951
54.6	405.055
54.7	405.16
54.8	405.264
54.9	405.368
55	405.472
55.1	405.576
55.2	405.68
55.3	405.784
55.4	405.887
55.5	405.99
55.6	406.094
55.7	406.197
55.8	406.3
55.9	406.403
56	406.505
56.1	406.608
56.2	406.711
56.3	406.813
56.4	406.915
56.5	407.017
56.6	407.119
56.7	407.221
56.8	407.323
56.9	407.425
57	407.526
57.1	407.628
57.2	407.729
57.3	407.83
57.4	407.931
57.5	408.032
57.6	408.133
57.7	408.234
57.8	408.334
57.9	408.435
58	408.535
58.1	408.635
58.2	408.735
58.3	408.835
58.4	408.935
58.5	409.035
58.6	409.135
58.7	409.234
58.8	409.334
58.9	409.433
59	409.532
59.1	409.631
59.2	409.73
59.3	409.829
59.4	409.928
59.5	410.026
59.6	410.125
59.7	410.223
59.8	410.322
59.9	410.42
60	410.518
60.1	410.616
60.2	410.714
60.3	410.811
60.4	410.909
60.5	411.006
60.6	411.104
60.7	411.201
60.8	411.298
60.9	411.395
61	411.492
61.1	411.589
61.2	411.686
61.3	411.783
61.4	411.879
61.5	411.975
61.6	412.072
61.7	412.168
61.8	412.264
61.9	412.36
62	412.456
62.1	412.552
62.2	412.647
62.3	412.743
62.4	412.838
62.5	412.934
62.6	413.029
62.7	413.124
62.8	413.219
62.9	413.314
63	413.409
63.1	413.503
63.2	413.598
63.3	413.693
63.4	413.787
63.5	413.881
63.6	413.976
63.7	414.07
63.8	414.164
63.9	414.257
64	414.351
64.1	414.445
64.2	414.539
64.3	414.632
64.4	414.725
64.5	414.819
64.6	414.912
64.7	415.005
64.8	415.098
64.9	415.191
65	415.284
65.1	415.376
65.2	415.469
65.3	415.561
65.4	415.654
65.5	415.746
65.6	415.838
65.7	415.93
65.8	416.022
65.9	416.114
66	416.206
66.1	416.298
66.2	416.389
66.3	416.481
66.4	416.572
66.5	416.663
66.6	416.755
66.7	416.846
66.8	416.937
66.9	417.028
67	417.119
67.1	417.209
67.2	417.3
67.3	417.39
67.4	417.481
67.5	417.571
67.6	417.662
67.7	417.752
67.8	417.842
67.9	417.932
68	418.022
68.1	418.111
68.2	418.201
68.3	418.291
68.4	418.38
68.5	418.47
68.6	418.559
68.7	418.648
68.8	418.737
68.9	418.827
69	418.916
69.1	419.004
69.2	419.093
69.3	419.182
69.4	419.27
69.5	419.359
69.6	419.447
69.7	419.536
69.8	419.624
69.9	419.712
70	419.8
70.1	419.888
70.2	419.976
70.3	420.064
70.4	420.152
70.5	420.239
70.6	420.327
70.7	420.414
70.8	420.502
70.9	420.589
71	420.676
71.1	420.763
71.2	420.85
71.3	420.937
71.4	421.024
71.5	421.111
71.6	421.197
71.7	421.284
71.8	421.37
71.9	421.457
72	421.543
72.1	421.629
72.2	421.716
72.3	421.802
72.4	421.888
72.5	421.973
72.6	422.059
72.7	422.145
72.8	422.231
72.9	422.316
73	422.402
73.1	422.487
73.2	422.572
73.3	422.658
73.4	422.743
73.5	422.828
73.6	422.913
73.7	422.998
73.8	423.082
73.9	423.167
74	423.252
74.1	423.336
74.2	423.421
74.3	423.505
74.4	423.59
74.5	423.674
74.6	423.758
74.7	423.842
74.8	423.926
74.9	424.01
75	424.094
75.1	424.178
75.2	424.261
75.3	424.345
75.4	424.428
75.5	424.512
75.6	424.595
75.7	424.678
75.8	424.762
75.9	424.845
76	424.928
76.1	425.011
76.2	425.094
76.3	425.177
76.4	425.259
76.5	425.342
76.6	425.424
76.7	425.507
76.8	425.589
76.9	425.672
77	425.754
77.1	425.836
77.2	425.918
77.3	426
77.4	426.082
77.5	426.164
77.6	426.246
77.7	426.328
77.8	426.409
77.9	426.491
78	426.572
78.1	426.654
78.2	426.735
78.3	426.816
78.4	426.898
78.5	426.979
78.6	427.06
78.7	427.141
78.8	427.222
78.9	427.303
79	427.383
79.1	427.464
79.2	427.545
79.3	427.625
79.4	427.706
79.5	427.786
79.6	427.866
79.7	427.947
79.8	428.027
79.9	428.107
80	428.187
80.1	428.267
80.2	428.347
80.3	428.426
80.4	428.506
80.5	428.586
80.6	428.665
80.7	428.745
80.8	428.824
80.9	428.904
81	428.983
81.1	429.062
81.2	429.141
81.3	429.22
81.4	429.3
81.5	429.378
81.6	429.457
81.7	429.536
81.8	429.615
81.9	429.694
82	429.772
82.1	429.851
82.2	429.929
82.3	430.007
82.4	430.086
82.5	430.164
82.6	430.242
82.7	430.32
82.8	430.398
82.9	430.476
83	430.554
83.1	430.632
83.2	430.71
83.3	430.788
83.4	430.865
83.5	430.943
83.6	431.02
83.7	431.098
83.8	431.175
83.9	431.252
84	431.33
84.1	431.407
84.2	431.484
84.3	431.561
84.4	431.638
84.5	431.715
84.6	431.791
84.7	431.868
84.8	431.945
84.9	432.022
85	432.098
85.1	432.175
85.2	432.251
85.3	432.327
85.4	432.404
85.5	432.48
85.6	432.556
85.7	432.632
85.8	432.708
85.9	432.784
86	432.86
86.1	432.936
86.2	433.012
86.3	433.087
86.4	433.163
86.5	433.239
86.6	433.314
86.7	433.39
86.8	433.465
86.9	433.54
87	433.616
87.1	433.691
87.2	433.766
87.3	433.841
87.4	433.916
87.5	433.991
87.6	434.066
87.7	434.141
87.8	434.215
87.9	434.29
88	434.365
88.1	434.439
88.2	434.514
88.3	434.588
88.4	434.663
88.5	434.737
88.6	434.811
88.7	434.885
88.8	434.96
88.9	435.034
89	435.108
89.1	435.182
89.2	435.255
89.3	435.329
89.4	435.403
89.5	435.477
89.6	435.55
89.7	435.624
89.8	435.697
89.9	435.771
90	435.844
90.1	435.918
90.2	435.991
90.3	436.064
90.4	436.137
90.5	436.21
90.6	436.284
90.7	436.357
90.8	436.429
90.9	436.502
91	436.575
91.1	436.648
91.2	436.721
91.3	436.793
91.4	436.866
91.5	436.938
91.6	437.011
91.7	437.083
91.8	437.155
91.9	437.228
92	437.3
92.1	437.372
92.2	437.444
92.3	437.516
92.4	437.588
92.5	437.66
92.6	437.732
92.7	437.804
92.8	437.876
92.9	437.947
93	438.019
93.1	438.091
93.2	438.162
93.3	438.234
93.4	438.305
93.5	438.376
93.6	438.448
93.7	438.519
93.8	438.59
93.9	438.661
94	438.732
94.1	438.803
94.2	438.874
94.3	438.945
94.4	439.016
94.5	439.087
94.6	439.158
94.7	439.228
94.8	439.299
94.9	439.369
95	439.44
95.1	439.51
95.2	439.581
95.3	439.651
95.4	439.721
95.5	439.792
95.6	439.862
95.7	439.932
95.8	440.002
95.9	440.072
96	440.142
96.1	440.212
96.2	440.282
96.3	440.352
96.4	440.421
96.5	440.491
96.6	440.561
96.7	440.63
96.8	440.7
96.9	440.769
97	440.839
97.1	440.908
97.2	440.978
97.3	441.047
97.4	441.116
97.5	441.185
97.6	441.254
97.7	441.323
97.8	441.392
97.9	441.461
98	441.53
98.1	441.599
98.2	441.668
98.3	441.737
98.4	441.805
98.5	441.874
98.6	441.943
98.7	442.011
98.8	442.08
98.9	442.148
99	442.216
99.1	442.285
99.2	442.353
99.3	442.421
99.4	442.489
99.5	442.558
99.6	442.626
99.7	442.694
99.8	442.762
99.9	442.83
100	442.897
100.1	442.965
100.2	443.033
100.3	443.101
100.4	443.168
100.5	443.236
100.6	443.304
100.7	443.371
100.8	443.439
100.9	443.506
101	443.573
101.1	443.641
101.2	443.708
101.3	443.775
101.4	443.842
101.5	443.909
101.6	443.976
101.7	444.043
101.8	444.11
101.9	444.177
102	444.244
102.1	444.311
102.2	444.378
102.3	444.445
102.4	444.511
102.5	444.578
102.6	444.644
102.7	444.711
102.8	444.777
102.9	444.844
103	444.91
103.1	444.977
103.2	445.043
103.3	445.109
103.4	445.175
103.5	445.241
103.6	445.307
103.7	445.374
103.8	445.439
103.9	445.505
104	445.571
104.1	445.637
104.2	445.703
104.3	445.769
104.4	445.834
104.5	445.9
104.6	445.966
104.7	446.031
104.8	446.097
104.9	446.162
105	446.228
105.1	446.293
105.2	446.358
105.3	446.424
105.4	446.489
105.5	446.554
105.6	446.619
105.7	446.684
105.8	446.749
105.9	446.814
106	446.879
106.1	446.944
106.2	447.009
106.3	447.074
106.4	447.139
106.5	447.204
106.6	447.268
106.7	447.333
106.8	447.397
106.9	447.462
107	447.527
107.1	447.591
107.2	447.655
107.3	447.72
107.4	447.784
107.5	447.848
107.6	447.913
107.7	447.977
107.8	448.041
107.9	448.105
108	448.169
108.1	448.233
108.2	448.297
108.3	448.361
108.4	448.425
108.5	448.489
108.6	448.552
108.7	448.616
108.8	448.68
108.9	448.744
109	448.807
109.1	448.871
109.2	448.934
109.3	448.998
109.4	449.061
109.5	449.124
109.6	449.188
109.7	449.251
109.8	449.314
109.9	449.378
110	449.441
110.1	449.504
110.2	449.567
110.3	449.63
110.4	449.693
110.5	449.756
110.6	449.819
110.7	449.882
110.8	449.945
110.9	450.007
111	450.07
111.1	450.133
111.2	450.195
111.3	450.258
111.4	450.321
111.5	450.383
111.6	450.446
111.7	450.508
111.8	450.57
111.9	450.633
112	450.695
112.1	450.757
112.2	450.82
112.3	450.882
112.4	450.944
112.5	451.006
112.6	451.068
112.7	451.13
112.8	451.192
112.9	451.254
113	451.316
113.1	451.378
113.2	451.44
113.3	451.501
113.4	451.563
113.5	451.625
113.6	451.686
113.7	451.748
113.8	451.81
113.9	451.871
114	451.933
114.1	451.994
114.2	452.055
114.3	452.117
114.4	452.178
114.5	452.239
114.6	452.301
114.7	452.362
114.8	452.423
114.9	452.484
115	452.545
115.1	452.606
115.2	452.667
115.3	452.728
115.4	452.789
115.5	452.85
115.6	452.911
115.7	452.972
115.8	453.032
115.9	453.093
116	453.154
116.1	453.214
116.2	453.275
116.3	453.335
116.4	453.396
116.5	453.456
116.6	453.517
116.7	453.577
116.8	453.638
116.9	453.698
117	453.758
117.1	453.818
117.2	453.879
117.3	453.939
117.4	453.999
117.5	454.059
117.6	454.119
117.7	454.179
117.8	454.239
117.9	454.299
118	454.359
118.1	454.419
118.2	454.479
118.3	454.538
118.4	454.598
118.5	454.658
118.6	454.717
118.7	454.777
118.8	454.837
118.9	454.896
119	454.956
119.1	455.015
119.2	455.075
119.3	455.134
119.4	455.193
119.5	455.253
119.6	455.312
119.7	455.371
119.8	455.43
119.9	455.489
120	455.549
120.1	455.608
120.2	455.667
120.3	455.726
120.4	455.785
120.5	455.844
120.6	455.903
120.7	455.961
120.8	456.02
120.9	456.079
121	456.138
121.1	456.196
121.2	456.255
121.3	456.314
121.4	456.372
121.5	456.431
121.6	456.489
121.7	456.548
121.8	456.606
121.9	456.665
122	456.723
122.1	456.782
122.2	456.84
122.3	456.898
122.4	456.956
122.5	457.015
122.6	457.073
122.7	457.131
122.8	457.189
122.9	457.247
123	457.305
123.1	457.363
123.2	457.421
123.3	457.479
123.4	457.537
123.5	457.595
123.6	457.652
123.7	457.71
123.8	457.768
123.9	457.826
124	457.883
124.1	457.941
124.2	457.999
124.3	458.056
124.4	458.114
124.5	458.171
124.6	458.229
124.7	458.286
124.8	458.343
124.9	458.401
125	458.458
125.1	458.515
125.2	458.572
125.3	458.63
125.4	458.687
125.5	458.744
125.6	458.801
125.7	458.858
125.8	458.915
125.9	458.972
126	459.029
126.1	459.086
126.2	459.143
126.3	459.2
126.4	459.257
126.5	459.313
126.6	459.37
126.7	459.427
126.8	459.484
126.9	459.54
127	459.597
127.1	459.653
127.2	459.71
127.3	459.766
127.4	459.823
127.5	459.879
127.6	459.936
127.7	459.992
127.8	460.048
127.9	460.105
128	460.161
128.1	460.217
128.2	460.274
128.3	460.33
128.4	460.386
128.5	460.442
128.6	460.498
128.7	460.554
128.8	460.61
128.9	460.666
129	460.722
129.1	460.778
129.2	460.834
129.3	460.89
129.4	460.945
129.5	461.001
129.6	461.057
129.7	461.113
129.8	461.168
129.9	461.224
130	461.28
130.1	461.335
130.2	461.391
130.3	461.446
130.4	461.502
130.5	461.557
130.6	461.613
130.7	461.668
130.8	461.723
130.9	461.779
131	461.834
131.1	461.889
131.2	461.944
131.3	461.999
131.4	462.055
131.5	462.11
131.6	462.165
131.7	462.22
131.8	462.275
131.9	462.33
132	462.385
132.1	462.44
132.2	462.495
132.3	462.55
132.4	462.604
132.5	462.659
132.6	462.714
132.7	462.769
132.8	462.823
132.9	462.878
133	462.933
133.1	462.987
133.2	463.042
133.3	463.096
133.4	463.151
133.5	463.205
133.6	463.26
133.7	463.314
133.8	463.369
133.9	463.423
134	463.477
134.1	463.532
134.2	463.586
134.3	463.64
134.4	463.694
134.5	463.749
134.6	463.803
134.7	463.857
134.8	463.911
134.9	463.965
135	464.019
135.1	464.073
135.2	464.127
135.3	464.181
135.4	464.235
135.5	464.289
135.6	464.342
135.7	464.396
135.8	464.45
135.9	464.504
136	464.557
136.1	464.611
136.2	464.665
136.3	464.718
136.4	464.772
136.5	464.825
136.6	464.879
136.7	464.933
136.8	464.986
136.9	465.039
137	465.093
137.1	465.146
137.2	465.2
137.3	465.253
137.4	465.306
137.5	465.359
137.6	465.413
137.7	465.466
137.8	465.519
137.9	465.572
138	465.625
138.1	465.678
138.2	465.731
138.3	465.784
138.4	465.837
138.5	465.89
138.6	465.943
138.7	465.996
138.8	466.049
138.9	466.102
139	466.155
139.1	466.207
139.2	466.26
139.3	466.313
139.4	466.366
139.5	466.418
139.6	466.471
139.7	466.524
139.8	466.576
139.9	466.629
140	466.681
140.1	466.734
140.2	466.786
140.3	466.839
140.4	466.891
140.5	466.943
140.6	466.996
140.7	467.048
140.8	467.1
140.9	467.153
141	467.205
141.1	467.257
141.2	467.309
141.3	467.361
141.4	467.413
141.5	467.466
141.6	467.518
141.7	467.57
141.8	467.622
141.9	467.674
142	467.726
142.1	467.777
142.2	467.829
142.3	467.881
142.4	467.933
142.5	467.985
142.6	468.037
142.7	468.088
142.8	468.14
142.9	468.192
143	468.243
143.1	468.295
143.2	468.347
143.3	468.398
143.4	468.45
143.5	468.501
143.6	468.553
143.7	468.604
143.8	468.656
143.9	468.707
144	468.759
144.1	468.81
144.2	468.861
144.3	468.913
144.4	468.964
144.5	469.015
144.6	469.066
144.7	469.117
144.8	469.169
144.9	469.22
145	469.271
145.1	469.322
145.2	469.373
145.3	469.424
145.4	469.475
145.5	469.526
145.6	469.577
145.7	469.628
145.8	469.679
145.9	469.73
146	469.781
146.1	469.831
146.2	469.882
146.3	469.933
146.4	469.984
146.5	470.034
146.6	470.085
146.7	470.136
146.8	470.186
146.9	470.237
147	470.287
147.1	470.338
147.2	470.389
147.3	470.439
147.4	470.489
147.5	470.54
147.6	470.59
147.7	470.641
147.8	470.691
147.9	470.741
148	470.792
148.1	470.842
148.2	470.892
148.3	470.942
148.4	470.993
148.5	471.043
148.6	471.093
148.7	471.143
148.8	471.193
148.9	471.243
149	471.293
149.1	471.343
149.2	471.393
149.3	471.443
149.4	471.493
149.5	471.543
149.6	471.593
149.7	471.643
149.8	471.693
149.9	471.743
150	471.792
150.1	471.842
150.2	471.892
150.3	471.942
150.4	471.991
150.5	472.041
150.6	472.09
150.7	472.14
150.8	472.19
150.9	472.239
151	472.289
151.1	472.338
151.2	472.388
151.3	472.437
151.4	472.487
151.5	472.536
151.6	472.585
151.7	472.635
151.8	472.684
151.9	472.733
152	472.783
152.1	472.832
152.2	472.881
152.3	472.93
152.4	472.979
152.5	473.029
152.6	473.078
152.7	473.127
152.8	473.176
152.9	473.225
153	473.274
153.1	473.323
153.2	473.372
153.3	473.421
153.4	473.47
153.5	473.519
153.6	473.568
153.7	473.616
153.8	473.665
153.9	473.714
154	473.763
154.1	473.812
154.2	473.86
154.3	473.909
154.4	473.958
154.5	474.006
154.6	474.055
154.7	474.104
154.8	474.152
154.9	474.201
155	474.249
155.1	474.298
155.2	474.346
155.3	474.395
155.4	474.443
155.5	474.492
155.6	474.54
155.7	474.588
155.8	474.637
155.9	474.685
156	474.733
156.1	474.782
156.2	474.83
156.3	474.878
156.4	474.926
156.5	474.974
156.6	475.022
156.7	475.071
156.8	475.119
156.9	475.167
157	475.215
157.1	475.263
157.2	475.311
157.3	475.359
157.4	475.407
157.5	475.455
157.6	475.503
157.7	475.55
157.8	475.598
157.9	475.646
158	475.694
158.1	475.742
158.2	475.79
158.3	475.837
158.4	475.885
158.5	475.933
158.6	475.98
158.7	476.028
158.8	476.076
158.9	476.123
159	476.171
159.1	476.218
159.2	476.266
159.3	476.313
159.4	476.361
159.5	476.408
159.6	476.456
159.7	476.503
159.8	476.551
159.9	476.598
160	476.645
160.1	476.693
160.2	476.74
160.3	476.787
160.4	476.834
160.5	476.882
160.6	476.929
160.7	476.976
160.8	477.023
160.9	477.07
161	477.117
161.1	477.165
161.2	477.212
161.3	477.259
161.4	477.306
161.5	477.353
161.6	477.4
161.7	477.447
161.8	477.494
161.9	477.54
162	477.587
162.1	477.634
162.2	477.681
162.3	477.728
162.4	477.775
162.5	477.821
162.6	477.868
162.7	477.915
162.8	477.962
162.9	478.008
163	478.055
163.1	478.102
163.2	478.148
163.3	478.195
163.4	478.241
163.5	478.288
163.6	478.334
163.7	478.381
163.8	478.427
163.9	478.474
164	478.52
164.1	478.567
164.2	478.613
164.3	478.66
164.4	478.706
164.5	478.752
164.6	478.799
164.7	478.845
164.8	478.891
164.9	478.937
165	478.984
165.1	479.03
165.2	479.076
165.3	479.122
165.4	479.168
165.5	479.214
165.6	479.26
165.7	479.306
165.8	479.352
165.9	479.399
166	479.445
166.1	479.49
166.2	479.536
166.3	479.582
166.4	479.628
166.5	479.674
166.6	479.72
166.7	479.766
166.8	479.812
166.9	479.858
167	479.903
167.1	479.949
167.2	479.995
167.3	480.041
167.4	480.086
167.5	480.132
167.6	480.178
167.7	480.223
167.8	480.269
167.9	480.314
168	480.36
168.1	480.406
168.2	480.451
168.3	480.497
168.4	480.542
168.5	480.588
168.6	480.633
168.7	480.678
168.8	480.724
168.9	480.769
169	480.815
169.1	480.86
169.2	480.905
169.3	480.951
169.4	480.996
169.5	481.041
169.6	481.086
169.7	481.132
169.8	481.177
169.9	481.222
170	481.267
170.1	481.312
170.2	481.357
170.3	481.402
170.4	481.447
170.5	481.492
170.6	481.538
170.7	481.583
170.8	481.628
170.9	481.672
171	481.717
171.1	481.762
171.2	481.807
171.3	481.852
171.4	481.897
171.5	481.942
171.6	481.987
171.7	482.031
171.8	482.076
171.9	482.121
172	482.166
172.1	482.21
172.2	482.255
172.3	482.3
172.4	482.344
172.5	482.389
172.6	482.434
172.7	482.478
172.8	482.523
172.9	482.567
173	482.612
173.1	482.657
173.2	482.701
173.3	482.746
173.4	482.79
173.5	482.834
173.6	482.879
173.7	482.923
173.8	482.968
173.9	483.012
174	483.056
174.1	483.101
174.2	483.145
174.3	483.189
174.4	483.233
174.5	483.278
174.6	483.322
174.7	483.366
174.8	483.41
174.9	483.454
175	483.499
175.1	483.543
175.2	483.587
175.3	483.631
175.4	483.675
175.5	483.719
175.6	483.763
175.7	483.807
175.8	483.851
175.9	483.895
176	483.939
176.1	483.983
176.2	484.027
176.3	484.071
176.4	484.114
176.5	484.158
176.6	484.202
176.7	484.246
176.8	484.29
176.9	484.333
177	484.377
177.1	484.421
177.2	484.465
177.3	484.508
177.4	484.552
177.5	484.596
177.6	484.639
177.7	484.683
177.8	484.726
177.9	484.77
178	484.814
178.1	484.857
178.2	484.901
178.3	484.944
178.4	484.988
178.5	485.031
178.6	485.074
178.7	485.118
178.8	485.161
178.9	485.205
179	485.248
179.1	485.291
179.2	485.335
179.3	485.378
179.4	485.421
179.5	485.465
179.6	485.508
179.7	485.551
179.8	485.594
179.9	485.637
180	485.681
180.1	485.724
180.2	485.767
180.3	485.81
180.4	485.853
180.5	485.896
180.6	485.939
180.7	485.982
180.8	486.025
180.9	486.068
181	486.111
181.1	486.154
181.2	486.197
181.3	486.24
181.4	486.283
181.5	486.326
181.6	486.369
181.7	486.412
181.8	486.454
181.9	486.497
182	486.54
182.1	486.583
182.2	486.626
182.3	486.668
182.4	486.711
182.5	486.754
182.6	486.796
182.7	486.839
182.8	486.882
182.9	486.924
183	486.967
183.1	487.01
183.2	487.052
183.3	487.095
183.4	487.137
183.5	487.18
183.6	487.222
183.7	487.265
183.8	487.307
183.9	487.35
184	487.392
184.1	487.435
184.2	487.477
184.3	487.519
184.4	487.562
184.5	487.604
184.6	487.646
184.7	487.689
184.8	487.731
184.9	487.773
185	487.815
185.1	487.858
185.2	487.9
185.3	487.942
185.4	487.984
185.5	488.026
185.6	488.069
185.7	488.111
185.8	488.153
185.9	488.195
186	488.237
186.1	488.279
186.2	488.321
186.3	488.363
186.4	488.405
186.5	488.447
186.6	488.489
186.7	488.531
186.8	488.573
186.9	488.615
187	488.657
187.1	488.699
187.2	488.741
187.3	488.782
187.4	488.824
187.5	488.866
187.6	488.908
187.7	488.95
187.8	488.991
187.9	489.033
188	489.075
188.1	489.116
188.2	489.158
188.3	489.2
188.4	489.241
188.5	489.283
188.6	489.325
188.7	489.366
188.8	489.408
188.9	489.449
189	489.491
189.1	489.533
189.2	489.574
189.3	489.616
189.4	489.657
189.5	489.698
189.6	489.74
189.7	489.781
189.8	489.823
189.9	489.864
190	489.905
190.1	489.947
190.2	489.988
190.3	490.03
190.4	490.071
190.5	490.112
190.6	490.153
190.7	490.195
190.8	490.236
190.9	490.277
191	490.318
191.1	490.359
191.2	490.401
191.3	490.442
191.4	490.483
191.5	490.524
191.6	490.565
191.7	490.606
191.8	490.647
191.9	490.688
192	490.729
192.1	490.77
192.2	490.811
192.3	490.852
192.4	490.893
192.5	490.934
192.6	490.975
192.7	491.016
192.8	491.057
192.9	491.098
193	491.139
193.1	491.18
193.2	491.22
193.3	491.261
193.4	491.302
193.5	491.343
193.6	491.384
193.7	491.424
193.8	491.465
193.9	491.506
194	491.547
194.1	491.587
194.2	491.628
194.3	491.668
194.4	491.709
194.5	491.75
194.6	491.79
194.7	491.831
194.8	491.871
194.9	491.912
195	491.953
195.1	491.993
195.2	492.034
195.3	492.074
195.4	492.115
195.5	492.155
195.6	492.195
195.7	492.236
195.8	492.276
195.9	492.317
196	492.357
196.1	492.397
196.2	492.438
196.3	492.478
196.4	492.518
196.5	492.559
196.6	492.599
196.7	492.639
196.8	492.679
196.9	492.72
197	492.76
197.1	492.8
197.2	492.84
197.3	492.88
197.4	492.921
197.5	492.961
197.6	493.001
197.7	493.041
197.8	493.081
197.9	493.121
198	493.161
198.1	493.201
198.2	493.241
198.3	493.281
198.4	493.321
198.5	493.361
198.6	493.401
198.7	493.441
198.8	493.481
198.9	493.521
199	493.561
199.1	493.601
199.2	493.64
199.3	493.68
199.4	493.72
199.5	493.76
199.6	493.8
199.7	493.839
199.8	493.879
199.9	493.919
200	493.959
200.1	493.998
200.2	494.038
200.3	494.078
200.4	494.117
200.5	494.157
200.6	494.197
200.7	494.236
200.8	494.276
200.9	494.316
201	494.355
201.1	494.395
201.2	494.434
201.3	494.474
201.4	494.513
201.5	494.553
201.6	494.592
201.7	494.632
201.8	494.671
201.9	494.711
202	494.75
202.1	494.789
202.2	494.829
202.3	494.868
202.4	494.908
202.5	494.947
202.6	494.986
202.7	495.026
202.8	495.065
202.9	495.104
203	495.143
203.1	495.183
203.2	495.222
203.3	495.261
203.4	495.3
203.5	495.339
203.6	495.379
203.7	495.418
203.8	495.457
203.9	495.496
204	495.535
204.1	495.574
204.2	495.613
204.3	495.652
204.4	495.692
204.5	495.731
204.6	495.77
204.7	495.809
204.8	495.848
204.9	495.887
205	495.926
205.1	495.964
205.2	496.003
205.3	496.042
205.4	496.081
205.5	496.12
205.6	496.159
205.7	496.198
205.8	496.237
205.9	496.276
206	496.314
206.1	496.353
206.2	496.392
206.3	496.431
206.4	496.469
206.5	496.508
206.6	496.547
206.7	496.586
206.8	496.624
206.9	496.663
207	496.702
207.1	496.74
207.2	496.779
207.3	496.818
207.4	496.856
207.5	496.895
207.6	496.933
207.7	496.972
207.8	497.01
207.9	497.049
208	497.088
208.1	497.126
208.2	497.164
208.3	497.203
208.4	497.241
208.5	497.28
208.6	497.318
208.7	497.357
208.8	497.395
208.9	497.434
209	497.472
209.1	497.51
209.2	497.549
209.3	497.587
209.4	497.625
209.5	497.664
209.6	497.702
209.7	497.74
209.8	497.778
209.9	497.817
210	497.855
210.1	497.893
210.2	497.931
210.3	497.969
210.4	498.008
210.5	498.046
210.6	498.084
210.7	498.122
210.8	498.16
210.9	498.198
211	498.236
211.1	498.274
211.2	498.312
211.3	498.35
211.4	498.388
211.5	498.427
211.6	498.464
211.7	498.502
211.8	498.54
211.9	498.578
212	498.616
212.1	498.654
212.2	498.692
212.3	498.73
212.4	498.768
212.5	498.806
212.6	498.844
212.7	498.882
212.8	498.919
212.9	498.957
213	498.995
213.1	499.033
213.2	499.071
213.3	499.108
213.4	499.146
213.5	499.184
213.6	499.221
213.7	499.259
213.8	499.297
213.9	499.335
214	499.372
214.1	499.41
214.2	499.447
214.3	499.485
214.4	499.523
214.5	499.56
214.6	499.598
214.7	499.635
214.8	499.673
214.9	499.711
215	499.748
215.1	499.786
215.2	499.823
215.3	499.861
215.4	499.898
215.5	499.935
215.6	499.973
215.7	500.01
215.8	500.048
215.9	500.085
216	500.123
216.1	500.16
216.2	500.197
216.3	500.235
216.4	500.272
216.5	500.309
216.6	500.347
216.7	500.384
216.8	500.421
216.9	500.458
217	500.496
217.1	500.533
217.2	500.57
217.3	500.607
217.4	500.644
217.5	500.682
217.6	500.719
217.7	500.756
217.8	500.793
217.9	500.83
218	500.867
218.1	500.904
218.2	500.942
218.3	500.979
218.4	501.016
218.5	501.053
218.6	501.09
218.7	501.127
218.8	501.164
218.9	501.201
219	501.238
219.1	501.275
219.2	501.312
219.3	501.349
219.4	501.385
219.5	501.422
219.6	501.459
219.7	501.496
219.8	501.533
219.9	501.57
220	501.607
220.1	501.644
220.2	501.68
220.3	501.717
220.4	501.754
220.5	501.791
220.6	501.828
220.7	501.864
220.8	501.901
220.9	501.938
221	501.974
221.1	502.011
221.2	502.048
221.3	502.084
221.4	502.121
221.5	502.158
221.6	502.194
221.7	502.231
221.8	502.268
221.9	502.304
222	502.341
222.1	502.377
222.2	502.414
222.3	502.45
222.4	502.487
222.5	502.524
222.6	502.56
222.7	502.597
222.8	502.633
222.9	502.669
223	502.706
223.1	502.742
223.2	502.779
223.3	502.815
223.4	502.852
223.5	502.888
223.6	502.924
223.7	502.961
223.8	502.997
223.9	503.033
224	503.07
224.1	503.106
224.2	503.142
224.3	503.179
224.4	503.215
224.5	503.251
224.6	503.287
224.7	503.324
224.8	503.36
224.9	503.396
225	503.432
225.1	503.468
225.2	503.505
225.3	503.541
225.4	503.577
225.5	503.613
225.6	503.649
225.7	503.685
225.8	503.721
225.9	503.757
226	503.793
226.1	503.829
226.2	503.865
226.3	503.902
226.4	503.938
226.5	503.974
226.6	504.01
226.7	504.045
226.8	504.081
226.9	504.117
227	504.153
227.1	504.189
227.2	504.225
227.3	504.261
227.4	504.297
227.5	504.333
227.6	504.369
227.7	504.405
227.8	504.44
227.9	504.476
228	504.512
228.1	504.548
228.2	504.584
228.3	504.619
228.4	504.655
228.5	504.691
228.6	504.727
228.7	504.762
228.8	504.798
228.9	504.834
229	504.869
229.1	504.905
229.2	504.941
229.3	504.976
229.4	505.012
229.5	505.048
229.6	505.083
229.7	505.119
229.8	505.155
229.9	505.19
230	505.226
230.1	505.261
230.2	505.297
230.3	505.332
230.4	505.368
230.5	505.403
230.6	505.439
230.7	505.474
230.8	505.51
230.9	505.545
231	505.581
231.1	505.616
231.2	505.652
231.3	505.687
231.4	505.722
231.5	505.758
231.6	505.793
231.7	505.828
231.8	505.864
231.9	505.899
232	505.934
232.1	505.97
232.2	506.005
232.3	506.04
232.4	506.076
232.5	506.111
232.6	506.146
232.7	506.181
232.8	506.217
232.9	506.252
233	506.287
233.1	506.322
233.2	506.357
233.3	506.393
233.4	506.428
233.5	506.463
233.6	506.498
233.7	506.533
233.8	506.568
233.9	506.603
234	506.638
234.1	506.673
234.2	506.708
234.3	506.744
234.4	506.779
234.5	506.814
234.6	506.849
234.7	506.884
234.8	506.919
234.9	506.954
235	506.988
235.1	507.023
235.2	507.058
235.3	507.093
235.4	507.128
235.5	507.163
235.6	507.198
235.7	507.233
235.8	507.268
235.9	507.303
236	507.337
236.1	507.372
236.2	507.407
236.3	507.442
236.4	507.477
236.5	507.512
236.6	507.546
236.7	507.581
236.8	507.616
236.9	507.651
237	507.685
237.1	507.72
237.2	507.755
237.3	507.789
237.4	507.824
237.5	507.859
237.6	507.893
237.7	507.928
237.8	507.963
237.9	507.997
238	508.032
238.1	508.066
238.2	508.101
238.3	508.136
238.4	508.17
238.5	508.205
238.6	508.239
238.7	508.274
238.8	508.308
238.9	508.343
239	508.377
239.1	508.412
239.2	508.446
239.3	508.481
239.4	508.515
239.5	508.55
239.6	508.584
239.7	508.619
239.8	508.653
239.9	508.687
240	508.722
240.1	508.756
240.2	508.79
240.3	508.825
240.4	508.859
240.5	508.893
240.6	508.928
240.7	508.962
240.8	508.996
240.9	509.031
241	509.065
241.1	509.099
241.2	509.133
241.3	509.168
241.4	509.202
241.5	509.236
241.6	509.27
241.7	509.304
241.8	509.339
241.9	509.373
242	509.407
242.1	509.441
242.2	509.475
242.3	509.509
242.4	509.543
242.5	509.578
242.6	509.612
242.7	509.646
242.8	509.68
242.9	509.714
243	509.748
243.1	509.782
243.2	509.816
243.3	509.85
243.4	509.884
243.5	509.918
243.6	509.952
243.7	509.986
243.8	510.02
243.9	510.054
244	510.088
244.1	510.122
244.2	510.156
244.3	510.189
244.4	510.223
244.5	510.257
244.6	510.291
244.7	510.325
244.8	510.359
244.9	510.393
245	510.426
245.1	510.46
245.2	510.494
245.3	510.528
245.4	510.562
245.5	510.595
245.6	510.629
245.7	510.663
245.8	510.697
245.9	510.73
246	510.764
246.1	510.798
246.2	510.831
246.3	510.865
246.4	510.899
246.5	510.932
246.6	510.966
246.7	511
246.8	511.033
246.9	511.067
247	511.101
247.1	511.134
247.2	511.168
247.3	511.201
247.4	511.235
247.5	511.268
247.6	511.302
247.7	511.335
247.8	511.369
247.9	511.402
248	511.436
248.1	511.469
248.2	511.503
248.3	511.536
248.4	511.57
248.5	511.603
248.6	511.637
248.7	511.67
248.8	511.704
248.9	511.737
249	511.77
249.1	511.804
249.2	511.837
249.3	511.87
249.4	511.904
249.5	511.937
249.6	511.97
249.7	512.004
249.8	512.037
249.9	512.07
250	512.104
250.1	512.137
250.2	512.17
250.3	512.203
250.4	512.237
250.5	512.27
250.6	512.303
250.7	512.336
250.8	512.369
250.9	512.403
251	512.436
251.1	512.469
251.2	512.502
251.3	512.535
251.4	512.568
251.5	512.602
251.6	512.635
251.7	512.668
251.8	512.701
251.9	512.734
252	512.767
252.1	512.8
252.2	512.833
252.3	512.866
252.4	512.899
252.5	512.932
252.6	512.965
252.7	512.998
252.8	513.031
252.9	513.064
253	513.097
253.1	513.13
253.2	513.163
253.3	513.196
253.4	513.229
253.5	513.262
253.6	513.295
253.7	513.328
253.8	513.36
253.9	513.393
254	513.426
254.1	513.459
254.2	513.492
254.3	513.525
254.4	513.558
254.5	513.59
254.6	513.623
254.7	513.656
254.8	513.689
254.9	513.722
255	513.754
255.1	513.787
255.2	513.82
255.3	513.852
255.4	513.885
255.5	513.918
255.6	513.951
255.7	513.983
255.8	514.016
255.9	514.049
256	514.081
256.1	514.114
256.2	514.147
256.3	514.179
256.4	514.212
256.5	514.244
256.6	514.277
256.7	514.31
256.8	514.342
256.9	514.375
257	514.407
257.1	514.44
257.2	514.472
257.3	514.505
257.4	514.537
257.5	514.57
257.6	514.602
257.7	514.635
257.8	514.667
257.9	514.7
258	514.732
258.1	514.765
258.2	514.797
258.3	514.83
258.4	514.862
258.5	514.894
258.6	514.927
258.7	514.959
258.8	514.992
258.9	515.024
259	515.056
259.1	515.089
259.2	515.121
259.3	515.153
259.4	515.186
259.5	515.218
259.6	515.25
259.7	515.283
259.8	515.315
259.9	515.347
260	515.379
260.1	515.412
260.2	515.444
260.3	515.476
260.4	515.508
260.5	515.54
260.6	515.573
260.7	515.605
260.8	515.637
260.9	515.669
261	515.701
261.1	515.733
261.2	515.766
261.3	515.798
261.4	515.83
261.5	515.862
261.6	515.894
261.7	515.926
261.8	515.958
261.9	515.99
262	516.022
262.1	516.054
262.2	516.086
262.3	516.118
262.4	516.15
262.5	516.182
262.6	516.214
262.7	516.246
262.8	516.278
262.9	516.31
263	516.342
263.1	516.374
263.2	516.406
263.3	516.438
263.4	516.47
263.5	516.502
263.6	516.534
263.7	516.566
263.8	516.598
263.9	516.63
264	516.661
264.1	516.693
264.2	516.725
264.3	516.757
264.4	516.789
264.5	516.821
264.6	516.852
264.7	516.884
264.8	516.916
264.9	516.948
265	516.98
265.1	517.011
265.2	517.043
265.3	517.075
265.4	517.107
265.5	517.138
265.6	517.17
265.7	517.202
265.8	517.233
265.9	517.265
266	517.297
266.1	517.328
266.2	517.36
266.3	517.392
266.4	517.423
266.5	517.455
266.6	517.487
266.7	517.518
266.8	517.55
266.9	517.581
267	517.613
267.1	517.645
267.2	517.676
267.3	517.708
267.4	517.739
267.5	517.771
267.6	517.802
267.7	517.834
267.8	517.865
267.9	517.897
268	517.928
268.1	517.96
268.2	517.991
268.3	518.023
268.4	518.054
268.5	518.086
268.6	518.117
268.7	518.148
268.8	518.18
268.9	518.211
269	518.243
269.1	518.274
269.2	518.305
269.3	518.337
269.4	518.368
269.5	518.399
269.6	518.431
269.7	518.462
269.8	518.493
269.9	518.525
270	518.556
270.1	518.587
270.2	518.619
270.3	518.65
270.4	518.681
270.5	518.712
270.6	518.744
270.7	518.775
270.8	518.806
270.9	518.837
271	518.868
271.1	518.9
271.2	518.931
271.3	518.962
271.4	518.993
271.5	519.024
271.6	519.055
271.7	519.087
271.8	519.118
271.9	519.149
272	519.18
272.1	519.211
272.2	519.242
272.3	519.273
272.4	519.304
272.5	519.335
272.6	519.366
272.7	519.397
272.8	519.429
272.9	519.46
273	519.491
273.1	519.522
273.2	519.553
273.3	519.584
273.4	519.615
273.5	519.646
273.6	519.677
273.7	519.707
273.8	519.738
273.9	519.769
274	519.8
274.1	519.831
274.2	519.862
274.3	519.893
274.4	519.924
274.5	519.955
274.6	519.986
274.7	520.017
274.8	520.047
274.9	520.078
275	520.109
275.1	520.14
275.2	520.171
275.3	520.202
275.4	520.232
275.5	520.263
275.6	520.294
275.7	520.325
275.8	520.356
275.9	520.386
276	520.417
276.1	520.448
276.2	520.479
276.3	520.509
276.4	520.54
276.5	520.571
276.6	520.601
276.7	520.632
276.8	520.663
276.9	520.693
277	520.724
277.1	520.755
277.2	520.785
277.3	520.816
277.4	520.847
277.5	520.877
277.6	520.908
277.7	520.938
277.8	520.969
277.9	521
278	521.03
278.1	521.061
278.2	521.091
278.3	521.122
278.4	521.152
278.5	521.183
278.6	521.213
278.7	521.244
278.8	521.274
278.9	521.305
279	521.335
279.1	521.366
279.2	521.396
279.3	521.427
279.4	521.457
279.5	521.488
279.6	521.518
279.7	521.549
279.8	521.579
279.9	521.609
280	521.64
280.1	521.67
280.2	521.701
280.3	521.731
280.4	521.761
280.5	521.792
280.6	521.822
280.7	521.852
280.8	521.883
280.9	521.913
281	521.943
281.1	521.974
281.2	522.004
281.3	522.034
281.4	522.065
281.5	522.095
281.6	522.125
281.7	522.155
281.8	522.186
281.9	522.216
282	522.246
282.1	522.276
282.2	522.306
282.3	522.337
282.4	522.367
282.5	522.397
282.6	522.427
282.7	522.457
282.8	522.488
282.9	522.518
283	522.548
283.1	522.578
283.2	522.608
283.3	522.638
283.4	522.668
283.5	522.698
283.6	522.729
283.7	522.759
283.8	522.789
283.9	522.819
284	522.849
284.1	522.879
284.2	522.909
284.3	522.939
284.4	522.969
284.5	522.999
284.6	523.029
284.7	523.059
284.8	523.089
284.9	523.119
285	523.149
285.1	523.179
285.2	523.209
285.3	523.239
285.4	523.269
285.5	523.299
285.6	523.329
285.7	523.358
285.8	523.388
285.9	523.418
286	523.448
286.1	523.478
286.2	523.508
286.3	523.538
286.4	523.568
286.5	523.597
286.6	523.627
286.7	523.657
286.8	523.687
286.9	523.717
287	523.747
287.1	523.776
287.2	523.806
287.3	523.836
287.4	523.866
287.5	523.895
287.6	523.925
287.7	523.955
287.8	523.985
287.9	524.014
288	524.044
288.1	524.074
288.2	524.104
288.3	524.133
288.4	524.163
288.5	524.193
288.6	524.222
288.7	524.252
288.8	524.282
288.9	524.311
289	524.341
289.1	524.371
289.2	524.4
289.3	524.43
289.4	524.459
289.5	524.489
289.6	524.519
289.7	524.548
289.8	524.578
289.9	524.607
290	524.637
290.1	524.666
290.2	524.696
290.3	524.725
290.4	524.755
290.5	524.785
290.6	524.814
290.7	524.844
290.8	524.873
290.9	524.903
291	524.932
291.1	524.961
291.2	524.991
291.3	525.02
291.4	525.05
291.5	525.079
291.6	525.109
291.7	525.138
291.8	525.168
291.9	525.197
292	525.226
292.1	525.256
292.2	525.285
292.3	525.314
292.4	525.344
292.5	525.373
292.6	525.403
292.7	525.432
292.8	525.461
292.9	525.49
293	525.52
293.1	525.549
293.2	525.578
293.3	525.608
293.4	525.637
293.5	525.666
293.6	525.696
293.7	525.725
293.8	525.754
293.9	525.783
294	525.813
294.1	525.842
294.2	525.871
294.3	525.9
294.4	525.929
294.5	525.959
294.6	525.988
294.7	526.017
294.8	526.046
294.9	526.075
295	526.104
295.1	526.134
295.2	526.163
295.3	526.192
295.4	526.221
295.5	526.25
295.6	526.279
295.7	526.308
295.8	526.337
295.9	526.366
296	526.396
296.1	526.425
296.2	526.454
296.3	526.483
296.4	526.512
296.5	526.541
296.6	526.57
296.7	526.599
296.8	526.628
296.9	526.657
297	526.686
297.1	526.715
297.2	526.744
297.3	526.773
297.4	526.802
297.5	526.831
297.6	526.86
297.7	526.889
297.8	526.918
297.9	526.946
298	526.975
298.1	527.004
298.2	527.033
298.3	527.062
298.4	527.091
298.5	527.12
298.6	527.149
298.7	527.178
298.8	527.206
298.9	527.235
299	527.264
299.1	527.293
299.2	527.322
299.3	527.351
299.4	527.379
299.5	527.408
299.6	527.437
299.7	527.466
299.8	527.495
299.9	527.523
300	527.552
