W	Pred
1.5	433.417
1.6	425.296
1.7	418.131
1.8	411.771
1.9	406.092
2	400.998
2.1	396.408
2.2	392.256
2.3	388.486
2.4	385.052
2.5	381.916
2.6	379.043
2.7	376.406
2.8	373.979
2.9	371.742
3	369.675
3.1	367.762
3.2	365.99
3.3	364.346
3.4	362.818
3.5	361.396
3.6	360.072
3.7	358.838
3.8	357.687
3.9	356.612
4	355.607
4.1	354.668
4.2	353.79
4.3	352.967
4.4	352.198
4.5	351.477
4.6	350.801
4.7	350.168
4.8	349.576
4.9	349.02
5	348.499
5.1	348.012
5.2	347.555
5.3	347.128
5.4	346.727
5.5	346.353
5.6	346.003
5.7	345.676
5.8	345.371
5.9	345.086
6	344.821
6.1	344.574
6.2	344.345
6.3	344.132
6.4	343.935
6.5	343.753
6.6	343.585
6.7	343.431
6.8	343.289
6.9	343.16
7	343.043
7.1	342.936
7.2	342.841
7.3	342.755
7.4	342.679
7.5	342.612
7.6	342.554
7.7	342.505
7.8	342.463
7.9	342.429
8	342.403
8.1	342.383
8.2	342.371
8.3	342.364
8.4	342.364
8.5	342.37
8.6	342.382
8.7	342.399
8.8	342.421
8.9	342.449
9	342.481
9.1	342.518
9.2	342.559
9.3	342.604
9.4	342.654
9.5	342.708
9.6	342.765
9.7	342.826
9.8	342.89
9.9	342.958
10	343.029
10.1	343.104
10.2	343.181
10.3	343.261
10.4	343.344
10.5	343.429
10.6	343.518
10.7	343.608
10.8	343.701
10.9	343.797
11	343.894
11.1	343.994
11.2	344.095
11.3	344.199
11.4	344.305
11.5	344.412
11.6	344.521
11.7	344.632
11.8	344.745
11.9	344.859
12	344.975
12.1	345.092
12.2	345.21
12.3	345.33
12.4	345.452
12.5	345.574
12.6	345.698
12.7	345.823
12.8	345.949
12.9	346.076
13	346.204
13.1	346.334
13.2	346.464
13.3	346.595
13.4	346.727
13.5	346.86
13.6	346.994
13.7	347.128
13.8	347.264
13.9	347.4
14	347.537
14.1	347.674
14.2	347.813
14.3	347.951
14.4	348.091
14.5	348.231
14.6	348.372
14.7	348.513
14.8	348.654
14.9	348.797
15	348.939
15.1	349.083
15.2	349.226
15.3	349.37
15.4	349.515
15.5	349.66
15.6	349.805
15.7	349.95
15.8	350.096
15.9	350.242
16	350.389
16.1	350.536
16.2	350.683
16.3	350.83
16.4	350.978
16.5	351.126
16.6	351.274
16.7	351.422
16.8	351.571
16.9	351.72
17	351.869
17.1	352.018
17.2	352.167
17.3	352.316
17.4	352.466
17.5	352.616
17.6	352.765
17.7	352.915
17.8	353.065
17.9	353.216
18	353.366
18.1	353.516
18.2	353.666
18.3	353.817
18.4	353.967
18.5	354.118
18.6	354.269
18.7	354.419
18.8	354.57
18.9	354.721
19	354.871
19.1	355.022
19.2	355.173
19.3	355.324
19.4	355.474
19.5	355.625
19.6	355.776
19.7	355.927
19.8	356.077
19.9	356.228
20	356.379
20.1	356.529
20.2	356.68
20.3	356.83
20.4	356.981
20.5	357.131
20.6	357.281
20.7	357.432
20.8	357.582
20.9	357.732
21	357.882
21.1	358.032
21.2	358.182
21.3	358.332
21.4	358.482
21.5	358.631
21.6	358.781
21.7	358.931
21.8	359.08
21.9	359.229
22	359.378
22.1	359.528
22.2	359.677
22.3	359.825
22.4	359.974
22.5	360.123
22.6	360.271
22.7	360.42
22.8	360.568
22.9	360.716
23	360.864
23.1	361.012
23.2	361.16
23.3	361.308
23.4	361.455
23.5	361.603
23.6	361.75
23.7	361.897
23.8	362.044
23.9	362.191
24	362.338
24.1	362.485
24.2	362.631
24.3	362.777
24.4	362.924
24.5	363.07
24.6	363.215
24.7	363.361
24.8	363.507
24.9	363.652
25	363.798
25.1	363.943
25.2	364.088
25.3	364.232
25.4	364.377
25.5	364.522
25.6	364.666
25.7	364.81
25.8	364.954
25.9	365.098
26	365.242
26.1	365.386
26.2	365.529
26.3	365.672
26.4	365.815
26.5	365.958
26.6	366.101
26.7	366.244
26.8	366.386
26.9	366.528
27	366.67
27.1	366.812
27.2	366.954
27.3	367.096
27.4	367.237
27.5	367.379
27.6	367.52
27.7	367.661
27.8	367.801
27.9	367.942
28	368.083
28.1	368.223
28.2	368.363
28.3	368.503
28.4	368.643
28.5	368.782
28.6	368.922
28.7	369.061
28.8	369.2
28.9	369.339
29	369.478
29.1	369.616
29.2	369.755
29.3	369.893
29.4	370.031
29.5	370.169
29.6	370.307
29.7	370.444
29.8	370.582
29.9	370.719
30	370.856
30.1	370.993
30.2	371.13
30.3	371.266
30.4	371.403
30.5	371.539
30.6	371.675
30.7	371.811
30.8	371.946
30.9	372.082
31	372.217
31.1	372.352
31.2	372.487
31.3	372.622
31.4	372.757
31.5	372.891
31.6	373.026
31.7	373.16
31.8	373.294
31.9	373.428
32	373.561
32.1	373.695
32.2	373.828
32.3	373.961
32.4	374.094
32.5	374.227
32.6	374.36
32.7	374.492
32.8	374.625
32.9	374.757
33	374.889
33.1	375.021
33.2	375.152
33.3	375.284
33.4	375.415
33.5	375.546
33.6	375.677
33.7	375.808
33.8	375.939
33.9	376.069
34	376.199
34.1	376.33
34.2	376.46
34.3	376.589
34.4	376.719
34.5	376.848
34.6	376.978
34.7	377.107
34.8	377.236
34.9	377.365
35	377.493
35.1	377.622
35.2	377.75
35.3	377.879
35.4	378.007
35.5	378.134
35.6	378.262
35.7	378.39
35.8	378.517
35.9	378.644
36	378.771
36.1	378.898
36.2	379.025
36.3	379.152
36.4	379.278
36.5	379.404
36.6	379.53
36.7	379.656
36.8	379.782
36.9	379.908
37	380.033
37.1	380.159
37.2	380.284
37.3	380.409
37.4	380.534
37.5	380.658
37.6	380.783
37.7	380.907
37.8	381.031
37.9	381.155
38	381.279
38.1	381.403
38.2	381.527
38.3	381.65
38.4	381.774
38.5	381.897
38.6	382.02
38.7	382.142
38.8	382.265
38.9	382.388
39	382.51
39.1	382.632
39.2	382.754
39.3	382.876
39.4	382.998
39.5	383.12
39.6	383.241
39.7	383.363
39.8	383.484
39.9	383.605
40	383.726
40.1	383.847
40.2	383.967
40.3	384.088
40.4	384.208
40.5	384.328
40.6	384.448
40.7	384.568
40.8	384.688
40.9	384.807
41	384.927
41.1	385.046
41.2	385.165
41.3	385.284
41.4	385.403
41.5	385.522
41.6	385.64
41.7	385.759
41.8	385.877
41.9	385.995
42	386.113
42.1	386.231
42.2	386.349
42.3	386.466
42.4	386.584
42.5	386.701
42.6	386.818
42.7	386.935
42.8	387.052
42.9	387.169
43	387.286
43.1	387.402
43.2	387.518
43.3	387.634
43.4	387.751
43.5	387.866
43.6	387.982
43.7	388.098
43.8	388.213
43.9	388.329
44	388.444
44.1	388.559
44.2	388.674
44.3	388.789
44.4	388.904
44.5	389.018
44.6	389.133
44.7	389.247
44.8	389.361
44.9	389.475
45	389.589
45.1	389.703
45.2	389.816
45.3	389.93
45.4	390.043
45.5	390.157
45.6	390.27
45.7	390.383
45.8	390.495
45.9	390.608
46	390.721
46.1	390.833
46.2	390.946
46.3	391.058
46.4	391.17
46.5	391.282
46.6	391.394
46.7	391.505
46.8	391.617
46.9	391.728
47	391.84
47.1	391.951
47.2	392.062
47.3	392.173
47.4	392.284
47.5	392.394
47.6	392.505
47.7	392.615
47.8	392.726
47.9	392.836
48	392.946
48.1	393.056
48.2	393.166
48.3	393.275
48.4	393.385
48.5	393.494
48.6	393.604
48.7	393.713
48.8	393.822
48.9	393.931
49	394.04
49.1	394.149
49.2	394.257
49.3	394.366
49.4	394.474
49.5	394.582
49.6	394.691
49.7	394.799
49.8	394.906
49.9	395.014
50	395.122
50.1	395.229
50.2	395.337
50.3	395.444
50.4	395.551
50.5	395.658
50.6	395.765
50.7	395.872
50.8	395.979
50.9	396.086
51	396.192
51.1	396.298
51.2	396.405
51.3	396.511
51.4	396.617
51.5	396.723
51.6	396.829
51.7	396.934
51.8	397.04
51.9	397.145
52	397.251
52.1	397.356
52.2	397.461
52.3	397.566
52.4	397.671
52.5	397.776
52.6	397.881
52.7	397.985
52.8	398.09
52.9	398.194
53	398.298
53.1	398.402
53.2	398.506
53.3	398.61
53.4	398.714
53.5	398.818
53.6	398.921
53.7	399.025
53.8	399.128
53.9	399.232
54	399.335
54.1	399.438
54.2	399.541
54.3	399.644
54.4	399.746
54.5	399.849
54.6	399.951
54.7	400.054
54.8	400.156
54.9	400.258
55	400.36
55.1	400.462
55.2	400.564
55.3	400.666
55.4	400.768
55.5	400.869
55.6	400.971
55.7	401.072
55.8	401.173
55.9	401.275
56	401.376
56.1	401.477
56.2	401.578
56.3	401.678
56.4	401.779
56.5	401.879
56.6	401.98
56.7	402.08
56.8	402.181
56.9	402.281
57	402.381
57.1	402.481
57.2	402.581
57.3	402.68
57.4	402.78
57.5	402.879
57.6	402.979
57.7	403.078
57.8	403.178
57.9	403.277
58	403.376
58.1	403.475
58.2	403.574
58.3	403.672
58.4	403.771
58.5	403.87
58.6	403.968
58.7	404.066
58.8	404.165
58.9	404.263
59	404.361
59.1	404.459
59.2	404.557
59.3	404.655
59.4	404.752
59.5	404.85
59.6	404.947
59.7	405.045
59.8	405.142
59.9	405.239
60	405.337
60.1	405.434
60.2	405.531
60.3	405.627
60.4	405.724
60.5	405.821
60.6	405.917
60.7	406.014
60.8	406.11
60.9	406.207
61	406.303
61.1	406.399
61.2	406.495
61.3	406.591
61.4	406.687
61.5	406.782
61.6	406.878
61.7	406.974
61.8	407.069
61.9	407.165
62	407.26
62.1	407.355
62.2	407.45
62.3	407.545
62.4	407.64
62.5	407.735
62.6	407.83
62.7	407.924
62.8	408.019
62.9	408.114
63	408.208
63.1	408.302
63.2	408.397
63.3	408.491
63.4	408.585
63.5	408.679
63.6	408.773
63.7	408.866
63.8	408.96
63.9	409.054
64	409.147
64.1	409.241
64.2	409.334
64.3	409.427
64.4	409.521
64.5	409.614
64.6	409.707
64.7	409.8
64.8	409.892
64.9	409.985
65	410.078
65.1	410.171
65.2	410.263
65.3	410.356
65.4	410.448
65.5	410.54
65.6	410.632
65.7	410.724
65.8	410.816
65.9	410.908
66	411
66.1	411.092
66.2	411.184
66.3	411.275
66.4	411.367
66.5	411.458
66.6	411.55
66.7	411.641
66.8	411.732
66.9	411.823
67	411.914
67.1	412.005
67.2	412.096
67.3	412.187
67.4	412.278
67.5	412.368
67.6	412.459
67.7	412.549
67.8	412.64
67.9	412.73
68	412.82
68.1	412.91
68.2	413
68.3	413.09
68.4	413.18
68.5	413.27
68.6	413.36
68.7	413.45
68.8	413.539
68.9	413.629
69	413.718
69.1	413.808
69.2	413.897
69.3	413.986
69.4	414.075
69.5	414.164
69.6	414.253
69.7	414.342
69.8	414.431
69.9	414.52
70	414.608
70.1	414.697
70.2	414.786
70.3	414.874
70.4	414.962
70.5	415.051
70.6	415.139
70.7	415.227
70.8	415.315
70.9	415.403
71	415.491
71.1	415.579
71.2	415.667
71.3	415.754
71.4	415.842
71.5	415.93
71.6	416.017
71.7	416.104
71.8	416.192
71.9	416.279
72	416.366
72.1	416.453
72.2	416.54
72.3	416.627
72.4	416.714
72.5	416.801
72.6	416.888
72.7	416.975
72.8	417.061
72.9	417.148
73	417.234
73.1	417.321
73.2	417.407
73.3	417.493
73.4	417.579
73.5	417.665
73.6	417.751
73.7	417.837
73.8	417.923
73.9	418.009
74	418.095
74.1	418.181
74.2	418.266
74.3	418.352
74.4	418.437
74.5	418.523
74.6	418.608
74.7	418.693
74.8	418.778
74.9	418.864
75	418.949
75.1	419.034
75.2	419.118
75.3	419.203
75.4	419.288
75.5	419.373
75.6	419.457
75.7	419.542
75.8	419.627
75.9	419.711
76	419.795
76.1	419.88
76.2	419.964
76.3	420.048
76.4	420.132
76.5	420.216
76.6	420.3
76.7	420.384
76.8	420.468
76.9	420.552
77	420.635
77.1	420.719
77.2	420.803
77.3	420.886
77.4	420.97
77.5	421.053
77.6	421.136
77.7	421.219
77.8	421.303
77.9	421.386
78	421.469
78.1	421.552
78.2	421.635
78.3	421.718
78.4	421.8
78.5	421.883
78.6	421.966
78.7	422.048
78.8	422.131
78.9	422.213
79	422.296
79.1	422.378
79.2	422.46
79.3	422.543
79.4	422.625
79.5	422.707
79.6	422.789
79.7	422.871
79.8	422.953
79.9	423.034
80	423.116
80.1	423.198
80.2	423.28
80.3	423.361
80.4	423.443
80.5	423.524
80.6	423.605
80.7	423.687
80.8	423.768
80.9	423.849
81	423.93
81.1	424.011
81.2	424.093
81.3	424.173
81.4	424.254
81.5	424.335
81.6	424.416
81.7	424.497
81.8	424.577
81.9	424.658
82	424.738
82.1	424.819
82.2	424.899
82.3	424.98
82.4	425.06
82.5	425.14
82.6	425.22
82.7	425.3
82.8	425.381
82.9	425.461
83	425.54
83.1	425.62
83.2	425.7
83.3	425.78
83.4	425.86
83.5	425.939
83.6	426.019
83.7	426.098
83.8	426.178
83.9	426.257
84	426.337
84.1	426.416
84.2	426.495
84.3	426.574
84.4	426.653
84.5	426.732
84.6	426.811
84.7	426.89
84.8	426.969
84.9	427.048
85	427.127
85.1	427.205
85.2	427.284
85.3	427.363
85.4	427.441
85.5	427.52
85.6	427.598
85.7	427.676
85.8	427.755
85.9	427.833
86	427.911
86.1	427.989
86.2	428.067
86.3	428.145
86.4	428.223
86.5	428.301
86.6	428.379
86.7	428.457
86.8	428.535
86.9	428.612
87	428.69
87.1	428.768
87.2	428.845
87.3	428.923
87.4	429
87.5	429.077
87.6	429.155
87.7	429.232
87.8	429.309
87.9	429.386
88	429.463
88.1	429.54
88.2	429.617
88.3	429.694
88.4	429.771
88.5	429.848
88.6	429.925
88.7	430.001
88.8	430.078
88.9	430.155
89	430.231
89.1	430.308
89.2	430.384
89.3	430.46
89.4	430.537
89.5	430.613
89.6	430.689
89.7	430.765
89.8	430.842
89.9	430.918
90	430.994
90.1	431.07
90.2	431.145
90.3	431.221
90.4	431.297
90.5	431.373
90.6	431.449
90.7	431.524
90.8	431.6
90.9	431.675
91	431.751
91.1	431.826
91.2	431.902
91.3	431.977
91.4	432.052
91.5	432.127
91.6	432.203
91.7	432.278
91.8	432.353
91.9	432.428
92	432.503
92.1	432.578
92.2	432.653
92.3	432.727
92.4	432.802
92.5	432.877
92.6	432.952
92.7	433.026
92.8	433.101
92.9	433.175
93	433.25
93.1	433.324
93.2	433.399
93.3	433.473
93.4	433.547
93.5	433.621
93.6	433.696
93.7	433.77
93.8	433.844
93.9	433.918
94	433.992
94.1	434.066
94.2	434.14
94.3	434.213
94.4	434.287
94.5	434.361
94.6	434.434
94.7	434.508
94.8	434.582
94.9	434.655
95	434.729
95.1	434.802
95.2	434.876
95.3	434.949
95.4	435.022
95.5	435.095
95.6	435.169
95.7	435.242
95.8	435.315
95.9	435.388
96	435.461
96.1	435.534
96.2	435.607
96.3	435.68
96.4	435.752
96.5	435.825
96.6	435.898
96.7	435.97
96.8	436.043
96.9	436.116
97	436.188
97.1	436.261
97.2	436.333
97.3	436.405
97.4	436.478
97.5	436.55
97.6	436.622
97.7	436.695
97.8	436.767
97.9	436.839
98	436.911
98.1	436.983
98.2	437.055
98.3	437.127
98.4	437.199
98.5	437.27
98.6	437.342
98.7	437.414
98.8	437.486
98.9	437.557
99	437.629
99.1	437.7
99.2	437.772
99.3	437.843
99.4	437.915
99.5	437.986
99.6	438.058
99.7	438.129
99.8	438.2
99.9	438.271
100	438.342
100.1	438.413
100.2	438.485
100.3	438.556
100.4	438.627
100.5	438.697
100.6	438.768
100.7	438.839
100.8	438.91
100.9	438.981
101	439.051
101.1	439.122
101.2	439.193
101.3	439.263
101.4	439.334
101.5	439.404
101.6	439.475
101.7	439.545
101.8	439.615
101.9	439.686
102	439.756
102.1	439.826
102.2	439.896
102.3	439.966
102.4	440.037
102.5	440.107
102.6	440.177
102.7	440.247
102.8	440.316
102.9	440.386
103	440.456
103.1	440.526
103.2	440.596
103.3	440.665
103.4	440.735
103.5	440.805
103.6	440.874
103.7	440.944
103.8	441.013
103.9	441.083
104	441.152
104.1	441.221
104.2	441.291
104.3	441.36
104.4	441.429
104.5	441.498
104.6	441.568
104.7	441.637
104.8	441.706
104.9	441.775
105	441.844
105.1	441.913
105.2	441.982
105.3	442.051
105.4	442.119
105.5	442.188
105.6	442.257
105.7	442.326
105.8	442.394
105.9	442.463
106	442.531
106.1	442.6
106.2	442.668
106.3	442.737
106.4	442.805
106.5	442.874
106.6	442.942
106.7	443.01
106.8	443.078
106.9	443.147
107	443.215
107.1	443.283
107.2	443.351
107.3	443.419
107.4	443.487
107.5	443.555
107.6	443.623
107.7	443.691
107.8	443.759
107.9	443.827
108	443.894
108.1	443.962
108.2	444.03
108.3	444.097
108.4	444.165
108.5	444.232
108.6	444.3
108.7	444.367
108.8	444.435
108.9	444.502
109	444.57
109.1	444.637
109.2	444.704
109.3	444.772
109.4	444.839
109.5	444.906
109.6	444.973
109.7	445.04
109.8	445.107
109.9	445.174
110	445.241
110.1	445.308
110.2	445.375
110.3	445.442
110.4	445.509
110.5	445.576
110.6	445.642
110.7	445.709
110.8	445.776
110.9	445.842
111	445.909
111.1	445.975
111.2	446.042
111.3	446.108
111.4	446.175
111.5	446.241
111.6	446.308
111.7	446.374
111.8	446.44
111.9	446.507
112	446.573
112.1	446.639
112.2	446.705
112.3	446.771
112.4	446.837
112.5	446.903
112.6	446.969
112.7	447.035
112.8	447.101
112.9	447.167
113	447.233
113.1	447.299
113.2	447.364
113.3	447.43
113.4	447.496
113.5	447.561
113.6	447.627
113.7	447.693
113.8	447.758
113.9	447.824
114	447.889
114.1	447.955
114.2	448.02
114.3	448.085
114.4	448.151
114.5	448.216
114.6	448.281
114.7	448.346
114.8	448.412
114.9	448.477
115	448.542
115.1	448.607
115.2	448.672
115.3	448.737
115.4	448.802
115.5	448.867
115.6	448.932
115.7	448.997
115.8	449.061
115.9	449.126
116	449.191
116.1	449.256
116.2	449.32
116.3	449.385
116.4	449.45
116.5	449.514
116.6	449.579
116.7	449.643
116.8	449.708
116.9	449.772
117	449.837
117.1	449.901
117.2	449.965
117.3	450.03
117.4	450.094
117.5	450.158
117.6	450.222
117.7	450.286
117.8	450.35
117.9	450.415
118	450.479
118.1	450.543
118.2	450.607
118.3	450.671
118.4	450.734
118.5	450.798
118.6	450.862
118.7	450.926
118.8	450.99
118.9	451.053
119	451.117
119.1	451.181
119.2	451.244
119.3	451.308
119.4	451.372
119.5	451.435
119.6	451.499
119.7	451.562
119.8	451.626
119.9	451.689
120	451.752
120.1	451.816
120.2	451.879
120.3	451.942
120.4	452.005
120.5	452.069
120.6	452.132
120.7	452.195
120.8	452.258
120.9	452.321
121	452.384
121.1	452.447
121.2	452.51
121.3	452.573
121.4	452.636
121.5	452.699
121.6	452.762
121.7	452.824
121.8	452.887
121.9	452.95
122	453.013
122.1	453.075
122.2	453.138
122.3	453.2
122.4	453.263
122.5	453.326
122.6	453.388
122.7	453.451
122.8	453.513
122.9	453.575
123	453.638
123.1	453.7
123.2	453.762
123.3	453.825
123.4	453.887
123.5	453.949
123.6	454.011
123.7	454.073
123.8	454.136
123.9	454.198
124	454.26
124.1	454.322
124.2	454.384
124.3	454.446
124.4	454.508
124.5	454.569
124.6	454.631
124.7	454.693
124.8	454.755
124.9	454.817
125	454.878
125.1	454.94
125.2	455.002
125.3	455.063
125.4	455.125
125.5	455.187
125.6	455.248
125.7	455.31
125.8	455.371
125.9	455.433
126	455.494
126.1	455.555
126.2	455.617
126.3	455.678
126.4	455.739
126.5	455.801
126.6	455.862
126.7	455.923
126.8	455.984
126.9	456.045
127	456.106
127.1	456.168
127.2	456.229
127.3	456.29
127.4	456.351
127.5	456.411
127.6	456.472
127.7	456.533
127.8	456.594
127.9	456.655
128	456.716
128.1	456.777
128.2	456.837
128.3	456.898
128.4	456.959
128.5	457.019
128.6	457.08
128.7	457.141
128.8	457.201
128.9	457.262
129	457.322
129.1	457.383
129.2	457.443
129.3	457.503
129.4	457.564
129.5	457.624
129.6	457.684
129.7	457.745
129.8	457.805
129.9	457.865
130	457.925
130.1	457.986
130.2	458.046
130.3	458.106
130.4	458.166
130.5	458.226
130.6	458.286
130.7	458.346
130.8	458.406
130.9	458.466
131	458.526
131.1	458.586
131.2	458.646
131.3	458.705
131.4	458.765
131.5	458.825
131.6	458.885
131.7	458.944
131.8	459.004
131.9	459.064
132	459.123
132.1	459.183
132.2	459.242
132.3	459.302
132.4	459.361
132.5	459.421
132.6	459.48
132.7	459.54
132.8	459.599
132.9	459.658
133	459.718
133.1	459.777
133.2	459.836
133.3	459.896
133.4	459.955
133.5	460.014
133.6	460.073
133.7	460.132
133.8	460.191
133.9	460.25
134	460.309
134.1	460.368
134.2	460.427
134.3	460.486
134.4	460.545
134.5	460.604
134.6	460.663
134.7	460.722
134.8	460.781
134.9	460.84
135	460.898
135.1	460.957
135.2	461.016
135.3	461.074
135.4	461.133
135.5	461.192
135.6	461.25
135.7	461.309
135.8	461.367
135.9	461.426
136	461.484
136.1	461.543
136.2	461.601
136.3	461.66
136.4	461.718
136.5	461.776
136.6	461.835
136.7	461.893
136.8	461.951
136.9	462.009
137	462.068
137.1	462.126
137.2	462.184
137.3	462.242
137.4	462.3
137.5	462.358
137.6	462.416
137.7	462.474
137.8	462.532
137.9	462.59
138	462.648
138.1	462.706
138.2	462.764
138.3	462.822
138.4	462.88
138.5	462.937
138.6	462.995
138.7	463.053
138.8	463.111
138.9	463.168
139	463.226
139.1	463.284
139.2	463.341
139.3	463.399
139.4	463.456
139.5	463.514
139.6	463.572
139.7	463.629
139.8	463.686
139.9	463.744
140	463.801
140.1	463.859
140.2	463.916
140.3	463.973
140.4	464.031
140.5	464.088
140.6	464.145
140.7	464.202
140.8	464.26
140.9	464.317
141	464.374
141.1	464.431
141.2	464.488
141.3	464.545
141.4	464.602
141.5	464.659
141.6	464.716
141.7	464.773
141.8	464.83
141.9	464.887
142	464.944
142.1	465.001
142.2	465.058
142.3	465.114
142.4	465.171
142.5	465.228
142.6	465.285
142.7	465.341
142.8	465.398
142.9	465.455
143	465.511
143.1	465.568
143.2	465.624
143.3	465.681
143.4	465.737
143.5	465.794
143.6	465.85
143.7	465.907
143.8	465.963
143.9	466.02
144	466.076
144.1	466.132
144.2	466.189
144.3	466.245
144.4	466.301
144.5	466.358
144.6	466.414
144.7	466.47
144.8	466.526
144.9	466.582
145	466.638
145.1	466.694
145.2	466.751
145.3	466.807
145.4	466.863
145.5	466.919
145.6	466.975
145.7	467.031
145.8	467.086
145.9	467.142
146	467.198
146.1	467.254
146.2	467.31
146.3	467.366
146.4	467.421
146.5	467.477
146.6	467.533
146.7	467.589
146.8	467.644
146.9	467.7
147	467.756
147.1	467.811
147.2	467.867
147.3	467.922
147.4	467.978
147.5	468.033
147.6	468.089
147.7	468.144
147.8	468.2
147.9	468.255
148	468.311
148.1	468.366
148.2	468.421
148.3	468.477
148.4	468.532
148.5	468.587
148.6	468.642
148.7	468.698
148.8	468.753
148.9	468.808
149	468.863
149.1	468.918
149.2	468.973
149.3	469.028
149.4	469.083
149.5	469.138
149.6	469.193
149.7	469.248
149.8	469.303
149.9	469.358
150	469.413
150.1	469.468
150.2	469.523
150.3	469.578
150.4	469.633
150.5	469.687
150.6	469.742
150.7	469.797
150.8	469.852
150.9	469.906
151	469.961
151.1	470.016
151.2	470.07
151.3	470.125
151.4	470.18
151.5	470.234
151.6	470.289
151.7	470.343
151.8	470.398
151.9	470.452
152	470.507
152.1	470.561
152.2	470.615
152.3	470.67
152.4	470.724
152.5	470.778
152.6	470.833
152.7	470.887
152.8	470.941
152.9	470.996
153	471.05
153.1	471.104
153.2	471.158
153.3	471.212
153.4	471.266
153.5	471.32
153.6	471.375
153.7	471.429
153.8	471.483
153.9	471.537
154	471.591
154.1	471.645
154.2	471.699
154.3	471.752
154.4	471.806
154.5	471.86
154.6	471.914
154.7	471.968
154.8	472.022
154.9	472.075
155	472.129
155.1	472.183
155.2	472.237
155.3	472.29
155.4	472.344
155.5	472.398
155.6	472.451
155.7	472.505
155.8	472.559
155.9	472.612
156	472.666
156.1	472.719
156.2	472.773
156.3	472.826
156.4	472.88
156.5	472.933
156.6	472.986
156.7	473.04
156.8	473.093
156.9	473.147
157	473.2
157.1	473.253
157.2	473.306
157.3	473.36
157.4	473.413
157.5	473.466
157.6	473.519
157.7	473.572
157.8	473.626
157.9	473.679
158	473.732
158.1	473.785
158.2	473.838
158.3	473.891
158.4	473.944
158.5	473.997
158.6	474.05
158.7	474.103
158.8	474.156
158.9	474.209
159	474.262
159.1	474.315
159.2	474.367
159.3	474.42
159.4	474.473
159.5	474.526
159.6	474.579
159.7	474.631
159.8	474.684
159.9	474.737
160	474.789
160.1	474.842
160.2	474.895
160.3	474.947
160.4	475
160.5	475.052
160.6	475.105
160.7	475.158
160.8	475.21
160.9	475.263
161	475.315
161.1	475.367
161.2	475.42
161.3	475.472
161.4	475.525
161.5	475.577
161.6	475.629
161.7	475.682
161.8	475.734
161.9	475.786
162	475.838
162.1	475.891
162.2	475.943
162.3	475.995
162.4	476.047
162.5	476.099
162.6	476.152
162.7	476.204
162.8	476.256
162.9	476.308
163	476.36
163.1	476.412
163.2	476.464
163.3	476.516
163.4	476.568
163.5	476.62
163.6	476.672
163.7	476.724
163.8	476.776
163.9	476.827
164	476.879
164.1	476.931
164.2	476.983
164.3	477.035
164.4	477.086
164.5	477.138
164.6	477.19
164.7	477.242
164.8	477.293
164.9	477.345
165	477.397
165.1	477.448
165.2	477.5
165.3	477.551
165.4	477.603
165.5	477.654
165.6	477.706
165.7	477.757
165.8	477.809
165.9	477.86
166	477.912
166.1	477.963
166.2	478.015
166.3	478.066
166.4	478.117
166.5	478.169
166.6	478.22
166.7	478.271
166.8	478.323
166.9	478.374
167	478.425
167.1	478.476
167.2	478.528
167.3	478.579
167.4	478.63
167.5	478.681
167.6	478.732
167.7	478.783
167.8	478.834
167.9	478.885
168	478.936
168.1	478.987
168.2	479.038
168.3	479.089
168.4	479.14
168.5	479.191
168.6	479.242
168.7	479.293
168.8	479.344
168.9	479.395
169	479.446
169.1	479.497
169.2	479.547
169.3	479.598
169.4	479.649
169.5	479.7
169.6	479.751
169.7	479.801
169.8	479.852
169.9	479.903
170	479.953
170.1	480.004
170.2	480.055
170.3	480.105
170.4	480.156
170.5	480.206
170.6	480.257
170.7	480.307
170.8	480.358
170.9	480.408
171	480.459
171.1	480.509
171.2	480.56
171.3	480.61
171.4	480.66
171.5	480.711
171.6	480.761
171.7	480.812
171.8	480.862
171.9	480.912
172	480.962
172.1	481.013
172.2	481.063
172.3	481.113
172.4	481.163
172.5	481.213
172.6	481.264
172.7	481.314
172.8	481.364
172.9	481.414
173	481.464
173.1	481.514
173.2	481.564
173.3	481.614
173.4	481.664
173.5	481.714
173.6	481.764
173.7	481.814
173.8	481.864
173.9	481.914
174	481.964
174.1	482.014
174.2	482.064
174.3	482.114
174.4	482.163
174.5	482.213
174.6	482.263
174.7	482.313
174.8	482.363
174.9	482.412
175	482.462
175.1	482.512
175.2	482.561
175.3	482.611
175.4	482.661
175.5	482.71
175.6	482.76
175.7	482.81
175.8	482.859
175.9	482.909
176	482.958
176.1	483.008
176.2	483.057
176.3	483.107
176.4	483.156
176.5	483.206
176.6	483.255
176.7	483.304
176.8	483.354
176.9	483.403
177	483.453
177.1	483.502
177.2	483.551
177.3	483.601
177.4	483.65
177.5	483.699
177.6	483.748
177.7	483.798
177.8	483.847
177.9	483.896
178	483.945
178.1	483.994
178.2	484.043
178.3	484.093
178.4	484.142
178.5	484.191
178.6	484.24
178.7	484.289
178.8	484.338
178.9	484.387
179	484.436
179.1	484.485
179.2	484.534
179.3	484.583
179.4	484.632
179.5	484.681
179.6	484.73
179.7	484.778
179.8	484.827
179.9	484.876
180	484.925
180.1	484.974
180.2	485.023
180.3	485.071
180.4	485.12
180.5	485.169
180.6	485.218
180.7	485.266
180.8	485.315
180.9	485.364
181	485.412
181.1	485.461
181.2	485.51
181.3	485.558
181.4	485.607
181.5	485.655
181.6	485.704
181.7	485.752
181.8	485.801
181.9	485.849
182	485.898
182.1	485.946
182.2	485.995
182.3	486.043
182.4	486.092
182.5	486.14
182.6	486.188
182.7	486.237
182.8	486.285
182.9	486.333
183	486.382
183.1	486.43
183.2	486.478
183.3	486.527
183.4	486.575
183.5	486.623
183.6	486.671
183.7	486.719
183.8	486.768
183.9	486.816
184	486.864
184.1	486.912
184.2	486.96
184.3	487.008
184.4	487.056
184.5	487.104
184.6	487.152
184.7	487.2
184.8	487.248
184.9	487.296
185	487.344
185.1	487.392
185.2	487.44
185.3	487.488
185.4	487.536
185.5	487.584
185.6	487.632
185.7	487.68
185.8	487.728
185.9	487.775
186	487.823
186.1	487.871
186.2	487.919
186.3	487.966
186.4	488.014
186.5	488.062
186.6	488.11
186.7	488.157
186.8	488.205
186.9	488.253
187	488.3
187.1	488.348
187.2	488.396
187.3	488.443
187.4	488.491
187.5	488.538
187.6	488.586
187.7	488.633
187.8	488.681
187.9	488.728
188	488.776
188.1	488.823
188.2	488.871
188.3	488.918
188.4	488.966
188.5	489.013
188.6	489.06
188.7	489.108
188.8	489.155
188.9	489.202
189	489.25
189.1	489.297
189.2	489.344
189.3	489.392
189.4	489.439
189.5	489.486
189.6	489.533
189.7	489.58
189.8	489.628
189.9	489.675
190	489.722
190.1	489.769
190.2	489.816
190.3	489.863
190.4	489.91
190.5	489.957
190.6	490.005
190.7	490.052
190.8	490.099
190.9	490.146
191	490.193
191.1	490.24
191.2	490.287
191.3	490.334
191.4	490.38
191.5	490.427
191.6	490.474
191.7	490.521
191.8	490.568
191.9	490.615
192	490.662
192.1	490.709
192.2	490.755
192.3	490.802
192.4	490.849
192.5	490.896
192.6	490.942
192.7	490.989
192.8	491.036
192.9	491.083
193	491.129
193.1	491.176
193.2	491.223
193.3	491.269
193.4	491.316
193.5	491.362
193.6	491.409
193.7	491.456
193.8	491.502
193.9	491.549
194	491.595
194.1	491.642
194.2	491.688
194.3	491.735
194.4	491.781
194.5	491.828
194.6	491.874
194.7	491.92
194.8	491.967
194.9	492.013
195	492.06
195.1	492.106
195.2	492.152
195.3	492.199
195.4	492.245
195.5	492.291
195.6	492.338
195.7	492.384
195.8	492.43
195.9	492.476
196	492.522
196.1	492.569
196.2	492.615
196.3	492.661
196.4	492.707
196.5	492.753
196.6	492.799
196.7	492.846
196.8	492.892
196.9	492.938
197	492.984
197.1	493.03
197.2	493.076
197.3	493.122
197.4	493.168
197.5	493.214
197.6	493.26
197.7	493.306
197.8	493.352
197.9	493.398
198	493.444
198.1	493.49
198.2	493.536
198.3	493.581
198.4	493.627
198.5	493.673
198.6	493.719
198.7	493.765
198.8	493.811
198.9	493.856
199	493.902
199.1	493.948
199.2	493.994
199.3	494.039
199.4	494.085
199.5	494.131
199.6	494.176
199.7	494.222
199.8	494.268
199.9	494.313
200	494.359
200.1	494.405
200.2	494.45
200.3	494.496
200.4	494.541
200.5	494.587
200.6	494.632
200.7	494.678
200.8	494.723
200.9	494.769
201	494.814
201.1	494.86
201.2	494.905
201.3	494.951
201.4	494.996
201.5	495.042
201.6	495.087
201.7	495.132
201.8	495.178
201.9	495.223
202	495.268
202.1	495.314
202.2	495.359
202.3	495.404
202.4	495.45
202.5	495.495
202.6	495.54
202.7	495.585
202.8	495.631
202.9	495.676
203	495.721
203.1	495.766
203.2	495.811
203.3	495.856
203.4	495.902
203.5	495.947
203.6	495.992
203.7	496.037
203.8	496.082
203.9	496.127
204	496.172
204.1	496.217
204.2	496.262
204.3	496.307
204.4	496.352
204.5	496.397
204.6	496.442
204.7	496.487
204.8	496.532
204.9	496.577
205	496.622
205.1	496.667
205.2	496.712
205.3	496.756
205.4	496.801
205.5	496.846
205.6	496.891
205.7	496.936
205.8	496.98
205.9	497.025
206	497.07
206.1	497.115
206.2	497.16
206.3	497.204
206.4	497.249
206.5	497.294
206.6	497.338
206.7	497.383
206.8	497.428
206.9	497.472
207	497.517
207.1	497.562
207.2	497.606
207.3	497.651
207.4	497.695
207.5	497.74
207.6	497.784
207.7	497.829
207.8	497.873
207.9	497.918
208	497.962
208.1	498.007
208.2	498.051
208.3	498.096
208.4	498.14
208.5	498.185
208.6	498.229
208.7	498.273
208.8	498.318
208.9	498.362
209	498.407
209.1	498.451
209.2	498.495
209.3	498.539
209.4	498.584
209.5	498.628
209.6	498.672
209.7	498.717
209.8	498.761
209.9	498.805
210	498.849
210.1	498.893
210.2	498.938
210.3	498.982
210.4	499.026
210.5	499.07
210.6	499.114
210.7	499.158
210.8	499.203
210.9	499.247
211	499.291
211.1	499.335
211.2	499.379
211.3	499.423
211.4	499.467
211.5	499.511
211.6	499.555
211.7	499.599
211.8	499.643
211.9	499.687
212	499.731
212.1	499.775
212.2	499.819
212.3	499.862
212.4	499.906
212.5	499.95
212.6	499.994
212.7	500.038
212.8	500.082
212.9	500.126
213	500.169
213.1	500.213
213.2	500.257
213.3	500.301
213.4	500.345
213.5	500.388
213.6	500.432
213.7	500.476
213.8	500.52
213.9	500.563
214	500.607
214.1	500.651
214.2	500.694
214.3	500.738
214.4	500.781
214.5	500.825
214.6	500.869
214.7	500.912
214.8	500.956
214.9	500.999
215	501.043
215.1	501.087
215.2	501.13
215.3	501.174
215.4	501.217
215.5	501.261
215.6	501.304
215.7	501.347
215.8	501.391
215.9	501.434
216	501.478
216.1	501.521
216.2	501.565
216.3	501.608
216.4	501.651
216.5	501.695
216.6	501.738
216.7	501.781
216.8	501.825
216.9	501.868
217	501.911
217.1	501.955
217.2	501.998
217.3	502.041
217.4	502.084
217.5	502.128
217.6	502.171
217.7	502.214
217.8	502.257
217.9	502.3
218	502.344
218.1	502.387
218.2	502.43
218.3	502.473
218.4	502.516
218.5	502.559
218.6	502.602
218.7	502.645
218.8	502.688
218.9	502.731
219	502.774
219.1	502.818
219.2	502.861
219.3	502.904
219.4	502.947
219.5	502.989
219.6	503.032
219.7	503.075
219.8	503.118
219.9	503.161
220	503.204
220.1	503.247
220.2	503.29
220.3	503.333
220.4	503.376
220.5	503.419
220.6	503.461
220.7	503.504
220.8	503.547
220.9	503.59
221	503.633
221.1	503.675
221.2	503.718
221.3	503.761
221.4	503.804
221.5	503.846
221.6	503.889
221.7	503.932
221.8	503.975
221.9	504.017
222	504.06
222.1	504.102
222.2	504.145
222.3	504.188
222.4	504.23
222.5	504.273
222.6	504.316
222.7	504.358
222.8	504.401
222.9	504.443
223	504.486
223.1	504.528
223.2	504.571
223.3	504.613
223.4	504.656
223.5	504.698
223.6	504.741
223.7	504.783
223.8	504.826
223.9	504.868
224	504.911
224.1	504.953
224.2	504.995
224.3	505.038
224.4	505.08
224.5	505.122
224.6	505.165
224.7	505.207
224.8	505.249
224.9	505.292
225	505.334
225.1	505.376
225.2	505.419
225.3	505.461
225.4	505.503
225.5	505.545
225.6	505.588
225.7	505.63
225.8	505.672
225.9	505.714
226	505.756
226.1	505.799
226.2	505.841
226.3	505.883
226.4	505.925
226.5	505.967
226.6	506.009
226.7	506.051
226.8	506.093
226.9	506.136
227	506.178
227.1	506.22
227.2	506.262
227.3	506.304
227.4	506.346
227.5	506.388
227.6	506.43
227.7	506.472
227.8	506.514
227.9	506.556
228	506.598
228.1	506.639
228.2	506.681
228.3	506.723
228.4	506.765
228.5	506.807
228.6	506.849
228.7	506.891
228.8	506.933
228.9	506.974
229	507.016
229.1	507.058
229.2	507.1
229.3	507.142
229.4	507.183
229.5	507.225
229.6	507.267
229.7	507.309
229.8	507.35
229.9	507.392
230	507.434
230.1	507.476
230.2	507.517
230.3	507.559
230.4	507.601
230.5	507.642
230.6	507.684
230.7	507.726
230.8	507.767
230.9	507.809
231	507.85
231.1	507.892
231.2	507.933
231.3	507.975
231.4	508.017
231.5	508.058
231.6	508.1
231.7	508.141
231.8	508.183
231.9	508.224
232	508.266
232.1	508.307
232.2	508.349
232.3	508.39
232.4	508.431
232.5	508.473
232.6	508.514
232.7	508.556
232.8	508.597
232.9	508.638
233	508.68
233.1	508.721
233.2	508.762
233.3	508.804
233.4	508.845
233.5	508.886
233.6	508.928
233.7	508.969
233.8	509.01
233.9	509.052
234	509.093
234.1	509.134
234.2	509.175
234.3	509.216
234.4	509.258
234.5	509.299
234.6	509.34
234.7	509.381
234.8	509.422
234.9	509.463
235	509.505
235.1	509.546
235.2	509.587
235.3	509.628
235.4	509.669
235.5	509.71
235.6	509.751
235.7	509.792
235.8	509.833
235.9	509.874
236	509.915
236.1	509.956
236.2	509.997
236.3	510.038
236.4	510.079
236.5	510.12
236.6	510.161
236.7	510.202
236.8	510.243
236.9	510.284
237	510.325
237.1	510.366
237.2	510.407
237.3	510.448
237.4	510.489
237.5	510.529
237.6	510.57
237.7	510.611
237.8	510.652
237.9	510.693
238	510.734
238.1	510.774
238.2	510.815
238.3	510.856
238.4	510.897
238.5	510.937
238.6	510.978
238.7	511.019
238.8	511.06
238.9	511.1
239	511.141
239.1	511.182
239.2	511.222
239.3	511.263
239.4	511.304
239.5	511.344
239.6	511.385
239.7	511.426
239.8	511.466
239.9	511.507
240	511.547
240.1	511.588
240.2	511.628
240.3	511.669
240.4	511.71
240.5	511.75
240.6	511.791
240.7	511.831
240.8	511.872
240.9	511.912
241	511.953
241.1	511.993
241.2	512.034
241.3	512.074
241.4	512.114
241.5	512.155
241.6	512.195
241.7	512.236
241.8	512.276
241.9	512.316
242	512.357
242.1	512.397
242.2	512.438
242.3	512.478
242.4	512.518
242.5	512.559
242.6	512.599
242.7	512.639
242.8	512.679
242.9	512.72
243	512.76
243.1	512.8
243.2	512.84
243.3	512.881
243.4	512.921
243.5	512.961
243.6	513.001
243.7	513.041
243.8	513.082
243.9	513.122
244	513.162
244.1	513.202
244.2	513.242
244.3	513.282
244.4	513.323
244.5	513.363
244.6	513.403
244.7	513.443
244.8	513.483
244.9	513.523
245	513.563
245.1	513.603
245.2	513.643
245.3	513.683
245.4	513.723
245.5	513.763
245.6	513.803
245.7	513.843
245.8	513.883
245.9	513.923
246	513.963
246.1	514.003
246.2	514.043
246.3	514.083
246.4	514.123
246.5	514.163
246.6	514.202
246.7	514.242
246.8	514.282
246.9	514.322
247	514.362
247.1	514.402
247.2	514.442
247.3	514.481
247.4	514.521
247.5	514.561
247.6	514.601
247.7	514.641
247.8	514.68
247.9	514.72
248	514.76
248.1	514.8
248.2	514.839
248.3	514.879
248.4	514.919
248.5	514.958
248.6	514.998
248.7	515.038
248.8	515.077
248.9	515.117
249	515.157
249.1	515.196
249.2	515.236
249.3	515.276
249.4	515.315
249.5	515.355
249.6	515.394
249.7	515.434
249.8	515.473
249.9	515.513
250	515.553
250.1	515.592
250.2	515.632
250.3	515.671
250.4	515.711
250.5	515.75
250.6	515.79
250.7	515.829
250.8	515.869
250.9	515.908
251	515.947
251.1	515.987
251.2	516.026
251.3	516.066
251.4	516.105
251.5	516.144
251.6	516.184
251.7	516.223
251.8	516.263
251.9	516.302
252	516.341
252.1	516.381
252.2	516.42
252.3	516.459
252.4	516.499
252.5	516.538
252.6	516.577
252.7	516.616
252.8	516.656
252.9	516.695
253	516.734
253.1	516.773
253.2	516.813
253.3	516.852
253.4	516.891
253.5	516.93
253.6	516.969
253.7	517.009
253.8	517.048
253.9	517.087
254	517.126
254.1	517.165
254.2	517.204
254.3	517.243
254.4	517.282
254.5	517.322
254.6	517.361
254.7	517.4
254.8	517.439
254.9	517.478
255	517.517
255.1	517.556
255.2	517.595
255.3	517.634
255.4	517.673
255.5	517.712
255.6	517.751
255.7	517.79
255.8	517.829
255.9	517.868
256	517.907
256.1	517.946
256.2	517.985
256.3	518.024
256.4	518.062
256.5	518.101
256.6	518.14
256.7	518.179
256.8	518.218
256.9	518.257
257	518.296
257.1	518.335
257.2	518.373
257.3	518.412
257.4	518.451
257.5	518.49
257.6	518.529
257.7	518.567
257.8	518.606
257.9	518.645
258	518.684
258.1	518.722
258.2	518.761
258.3	518.8
258.4	518.839
258.5	518.877
258.6	518.916
258.7	518.955
258.8	518.993
258.9	519.032
259	519.071
259.1	519.109
259.2	519.148
259.3	519.187
259.4	519.225
259.5	519.264
259.6	519.302
259.7	519.341
259.8	519.38
259.9	519.418
260	519.457
260.1	519.495
260.2	519.534
260.3	519.572
260.4	519.611
260.5	519.649
260.6	519.688
260.7	519.726
260.8	519.765
260.9	519.803
261	519.842
261.1	519.88
261.2	519.919
261.3	519.957
261.4	519.996
261.5	520.034
261.6	520.072
261.7	520.111
261.8	520.149
261.9	520.188
262	520.226
262.1	520.264
262.2	520.303
262.3	520.341
262.4	520.379
262.5	520.418
262.6	520.456
262.7	520.494
262.8	520.533
262.9	520.571
263	520.609
263.1	520.648
263.2	520.686
263.3	520.724
263.4	520.762
263.5	520.801
263.6	520.839
263.7	520.877
263.8	520.915
263.9	520.953
264	520.992
264.1	521.03
264.2	521.068
264.3	521.106
264.4	521.144
264.5	521.182
264.6	521.22
264.7	521.259
264.8	521.297
264.9	521.335
265	521.373
265.1	521.411
265.2	521.449
265.3	521.487
265.4	521.525
265.5	521.563
265.6	521.601
265.7	521.639
265.8	521.677
265.9	521.715
266	521.753
266.1	521.791
266.2	521.829
266.3	521.867
266.4	521.905
266.5	521.943
266.6	521.981
266.7	522.019
266.8	522.057
266.9	522.095
267	522.133
267.1	522.171
267.2	522.209
267.3	522.247
267.4	522.285
267.5	522.322
267.6	522.36
267.7	522.398
267.8	522.436
267.9	522.474
268	522.512
268.1	522.549
268.2	522.587
268.3	522.625
268.4	522.663
268.5	522.701
268.6	522.738
268.7	522.776
268.8	522.814
268.9	522.852
269	522.889
269.1	522.927
269.2	522.965
269.3	523.003
269.4	523.04
269.5	523.078
269.6	523.116
269.7	523.153
269.8	523.191
269.9	523.229
270	523.266
270.1	523.304
270.2	523.342
270.3	523.379
270.4	523.417
270.5	523.454
270.6	523.492
270.7	523.53
270.8	523.567
270.9	523.605
271	523.642
271.1	523.68
271.2	523.717
271.3	523.755
271.4	523.792
271.5	523.83
271.6	523.867
271.7	523.905
271.8	523.942
271.9	523.98
272	524.017
272.1	524.055
272.2	524.092
272.3	524.13
272.4	524.167
272.5	524.205
272.6	524.242
272.7	524.279
272.8	524.317
272.9	524.354
273	524.392
273.1	524.429
273.2	524.466
273.3	524.504
273.4	524.541
273.5	524.578
273.6	524.616
273.7	524.653
273.8	524.69
273.9	524.728
274	524.765
274.1	524.802
274.2	524.839
274.3	524.877
274.4	524.914
274.5	524.951
274.6	524.989
274.7	525.026
274.8	525.063
274.9	525.1
275	525.137
275.1	525.175
275.2	525.212
275.3	525.249
275.4	525.286
275.5	525.323
275.6	525.36
275.7	525.398
275.8	525.435
275.9	525.472
276	525.509
276.1	525.546
276.2	525.583
276.3	525.62
276.4	525.657
276.5	525.695
276.6	525.732
276.7	525.769
276.8	525.806
276.9	525.843
277	525.88
277.1	525.917
277.2	525.954
277.3	525.991
277.4	526.028
277.5	526.065
277.6	526.102
277.7	526.139
277.8	526.176
277.9	526.213
278	526.25
278.1	526.287
278.2	526.324
278.3	526.361
278.4	526.397
278.5	526.434
278.6	526.471
278.7	526.508
278.8	526.545
278.9	526.582
279	526.619
279.1	526.656
279.2	526.692
279.3	526.729
279.4	526.766
279.5	526.803
279.6	526.84
279.7	526.877
279.8	526.913
279.9	526.95
280	526.987
280.1	527.024
280.2	527.061
280.3	527.097
280.4	527.134
280.5	527.171
280.6	527.208
280.7	527.244
280.8	527.281
280.9	527.318
281	527.354
281.1	527.391
281.2	527.428
281.3	527.464
281.4	527.501
281.5	527.538
281.6	527.574
281.7	527.611
281.8	527.648
281.9	527.684
282	527.721
282.1	527.758
282.2	527.794
282.3	527.831
282.4	527.867
282.5	527.904
282.6	527.941
282.7	527.977
282.8	528.014
282.9	528.05
283	528.087
283.1	528.123
283.2	528.16
283.3	528.196
283.4	528.233
283.5	528.269
283.6	528.306
283.7	528.342
283.8	528.379
283.9	528.415
284	528.452
284.1	528.488
284.2	528.525
284.3	528.561
284.4	528.597
284.5	528.634
284.6	528.67
284.7	528.707
284.8	528.743
284.9	528.779
285	528.816
285.1	528.852
285.2	528.888
285.3	528.925
285.4	528.961
285.5	528.998
285.6	529.034
285.7	529.07
285.8	529.106
285.9	529.143
286	529.179
286.1	529.215
286.2	529.252
286.3	529.288
286.4	529.324
286.5	529.36
286.6	529.397
286.7	529.433
286.8	529.469
286.9	529.505
287	529.542
287.1	529.578
287.2	529.614
287.3	529.65
287.4	529.686
287.5	529.723
287.6	529.759
287.7	529.795
287.8	529.831
287.9	529.867
288	529.903
288.1	529.939
288.2	529.975
288.3	530.012
288.4	530.048
288.5	530.084
288.6	530.12
288.7	530.156
288.8	530.192
288.9	530.228
289	530.264
289.1	530.3
289.2	530.336
289.3	530.372
289.4	530.408
289.5	530.444
289.6	530.48
289.7	530.516
289.8	530.552
289.9	530.588
290	530.624
290.1	530.66
290.2	530.696
290.3	530.732
290.4	530.768
290.5	530.804
290.6	530.84
290.7	530.876
290.8	530.912
290.9	530.948
291	530.984
291.1	531.019
291.2	531.055
291.3	531.091
291.4	531.127
291.5	531.163
291.6	531.199
291.7	531.235
291.8	531.27
291.9	531.306
292	531.342
292.1	531.378
292.2	531.414
292.3	531.45
292.4	531.485
292.5	531.521
292.6	531.557
292.7	531.593
292.8	531.628
292.9	531.664
293	531.7
293.1	531.736
293.2	531.771
293.3	531.807
293.4	531.843
293.5	531.878
293.6	531.914
293.7	531.95
293.8	531.986
293.9	532.021
294	532.057
294.1	532.093
294.2	532.128
294.3	532.164
294.4	532.199
294.5	532.235
294.6	532.271
294.7	532.306
294.8	532.342
294.9	532.377
295	532.413
295.1	532.449
295.2	532.484
295.3	532.52
295.4	532.555
295.5	532.591
295.6	532.626
295.7	532.662
295.8	532.698
295.9	532.733
296	532.769
296.1	532.804
296.2	532.84
296.3	532.875
296.4	532.911
296.5	532.946
296.6	532.981
296.7	533.017
296.8	533.052
296.9	533.088
297	533.123
297.1	533.159
297.2	533.194
297.3	533.229
297.4	533.265
297.5	533.3
297.6	533.336
297.7	533.371
297.8	533.406
297.9	533.442
298	533.477
298.1	533.513
298.2	533.548
298.3	533.583
298.4	533.619
298.5	533.654
298.6	533.689
298.7	533.724
298.8	533.76
298.9	533.795
299	533.83
299.1	533.866
299.2	533.901
299.3	533.936
299.4	533.971
299.5	534.007
299.6	534.042
299.7	534.077
299.8	534.112
299.9	534.148
300	534.183
