W	Pred
1.5	463.752
1.6	452.214
1.7	442.114
1.8	433.214
1.9	425.324
2	418.292
2.1	411.995
2.2	406.331
2.3	401.219
2.4	396.587
2.5	392.379
2.6	388.543
2.7	385.037
2.8	381.827
2.9	378.88
3	376.169
3.1	373.671
3.2	371.366
3.3	369.235
3.4	367.263
3.5	365.434
3.6	363.738
3.7	362.162
3.8	360.697
3.9	359.333
4	358.064
4.1	356.881
4.2	355.777
4.3	354.748
4.4	353.788
4.5	352.891
4.6	352.053
4.7	351.271
4.8	350.541
4.9	349.858
5	349.221
5.1	348.626
5.2	348.07
5.3	347.551
5.4	347.067
5.5	346.616
5.6	346.196
5.7	345.804
5.8	345.44
5.9	345.101
6	344.787
6.1	344.496
6.2	344.227
6.3	343.978
6.4	343.748
6.5	343.538
6.6	343.344
6.7	343.167
6.8	343.006
6.9	342.86
7	342.728
7.1	342.609
7.2	342.503
7.3	342.41
7.4	342.328
7.5	342.257
7.6	342.197
7.7	342.146
7.8	342.106
7.9	342.074
8	342.051
8.1	342.037
8.2	342.031
8.3	342.032
8.4	342.04
8.5	342.056
8.6	342.078
8.7	342.106
8.8	342.14
8.9	342.181
9	342.227
9.1	342.278
9.2	342.334
9.3	342.395
9.4	342.461
9.5	342.532
9.6	342.607
9.7	342.685
9.8	342.768
9.9	342.855
10	342.945
10.1	343.039
10.2	343.136
10.3	343.236
10.4	343.34
10.5	343.446
10.6	343.556
10.7	343.668
10.8	343.782
10.9	343.899
11	344.019
11.1	344.141
11.2	344.265
11.3	344.391
11.4	344.52
11.5	344.65
11.6	344.782
11.7	344.916
11.8	345.052
11.9	345.189
12	345.328
12.1	345.469
12.2	345.611
12.3	345.754
12.4	345.899
12.5	346.045
12.6	346.193
12.7	346.341
12.8	346.491
12.9	346.642
13	346.794
13.1	346.947
13.2	347.101
13.3	347.256
13.4	347.412
13.5	347.568
13.6	347.726
13.7	347.884
13.8	348.043
13.9	348.203
14	348.363
14.1	348.524
14.2	348.686
14.3	348.848
14.4	349.011
14.5	349.174
14.6	349.338
14.7	349.503
14.8	349.667
14.9	349.833
15	349.998
15.1	350.165
15.2	350.331
15.3	350.498
15.4	350.665
15.5	350.833
15.6	351
15.7	351.169
15.8	351.337
15.9	351.505
16	351.674
16.1	351.843
16.2	352.013
16.3	352.182
16.4	352.352
16.5	352.521
16.6	352.691
16.7	352.861
16.8	353.032
16.9	353.202
17	353.372
17.1	353.543
17.2	353.713
17.3	353.884
17.4	354.054
17.5	354.225
17.6	354.396
17.7	354.567
17.8	354.737
17.9	354.908
18	355.079
18.1	355.25
18.2	355.42
18.3	355.591
18.4	355.762
18.5	355.932
18.6	356.103
18.7	356.273
18.8	356.444
18.9	356.614
19	356.785
19.1	356.955
19.2	357.125
19.3	357.295
19.4	357.465
19.5	357.635
19.6	357.805
19.7	357.974
19.8	358.144
19.9	358.313
20	358.483
20.1	358.652
20.2	358.821
20.3	358.99
20.4	359.159
20.5	359.327
20.6	359.496
20.7	359.664
20.8	359.832
20.9	360
21	360.168
21.1	360.336
21.2	360.503
21.3	360.671
21.4	360.838
21.5	361.005
21.6	361.172
21.7	361.338
21.8	361.505
21.9	361.671
22	361.837
22.1	362.003
22.2	362.169
22.3	362.334
22.4	362.499
22.5	362.665
22.6	362.829
22.7	362.994
22.8	363.159
22.9	363.323
23	363.487
23.1	363.651
23.2	363.815
23.3	363.978
23.4	364.141
23.5	364.304
23.6	364.467
23.7	364.63
23.8	364.792
23.9	364.954
24	365.116
24.1	365.278
24.2	365.439
24.3	365.601
24.4	365.762
24.5	365.923
24.6	366.083
24.7	366.244
24.8	366.404
24.9	366.564
25	366.723
25.1	366.883
25.2	367.042
25.3	367.201
25.4	367.36
25.5	367.519
25.6	367.677
25.7	367.835
25.8	367.993
25.9	368.151
26	368.308
26.1	368.465
26.2	368.622
26.3	368.779
26.4	368.935
26.5	369.091
26.6	369.247
26.7	369.403
26.8	369.559
26.9	369.714
27	369.869
27.1	370.024
27.2	370.179
27.3	370.333
27.4	370.487
27.5	370.641
27.6	370.795
27.7	370.948
27.8	371.101
27.9	371.254
28	371.407
28.1	371.56
28.2	371.712
28.3	371.864
28.4	372.016
28.5	372.167
28.6	372.318
28.7	372.47
28.8	372.62
28.9	372.771
29	372.921
29.1	373.072
29.2	373.222
29.3	373.371
29.4	373.521
29.5	373.67
29.6	373.819
29.7	373.968
29.8	374.116
29.9	374.265
30	374.413
30.1	374.56
30.2	374.708
30.3	374.856
30.4	375.003
30.5	375.15
30.6	375.296
30.7	375.443
30.8	375.589
30.9	375.735
31	375.881
31.1	376.026
31.2	376.172
31.3	376.317
31.4	376.462
31.5	376.606
31.6	376.751
31.7	376.895
31.8	377.039
31.9	377.183
32	377.326
32.1	377.47
32.2	377.613
32.3	377.756
32.4	377.898
32.5	378.041
32.6	378.183
32.7	378.325
32.8	378.467
32.9	378.608
33	378.75
33.1	378.891
33.2	379.032
33.3	379.172
33.4	379.313
33.5	379.453
33.6	379.593
33.7	379.733
33.8	379.872
33.9	380.012
34	380.151
34.1	380.29
34.2	380.429
34.3	380.567
34.4	380.705
34.5	380.843
34.6	380.981
34.7	381.119
34.8	381.256
34.9	381.394
35	381.531
35.1	381.668
35.2	381.804
35.3	381.941
35.4	382.077
35.5	382.213
35.6	382.349
35.7	382.484
35.8	382.62
35.9	382.755
36	382.89
36.1	383.025
36.2	383.159
36.3	383.294
36.4	383.428
36.5	383.562
36.6	383.695
36.7	383.829
36.8	383.962
36.9	384.095
37	384.228
37.1	384.361
37.2	384.494
37.3	384.626
37.4	384.758
37.5	384.89
37.6	385.022
37.7	385.154
37.8	385.285
37.9	385.416
38	385.547
38.1	385.678
38.2	385.809
38.3	385.939
38.4	386.069
38.5	386.199
38.6	386.329
38.7	386.459
38.8	386.588
38.9	386.717
39	386.846
39.1	386.975
39.2	387.104
39.3	387.232
39.4	387.361
39.5	387.489
39.6	387.617
39.7	387.745
39.8	387.872
39.9	387.999
40	388.127
40.1	388.254
40.2	388.381
40.3	388.507
40.4	388.634
40.5	388.76
40.6	388.886
40.7	389.012
40.8	389.138
40.9	389.263
41	389.389
41.1	389.514
41.2	389.639
41.3	389.764
41.4	389.888
41.5	390.013
41.6	390.137
41.7	390.261
41.8	390.385
41.9	390.509
42	390.632
42.1	390.756
42.2	390.879
42.3	391.002
42.4	391.125
42.5	391.248
42.6	391.37
42.7	391.493
42.8	391.615
42.9	391.737
43	391.859
43.1	391.981
43.2	392.102
43.3	392.223
43.4	392.345
43.5	392.466
43.6	392.586
43.7	392.707
43.8	392.828
43.9	392.948
44	393.068
44.1	393.188
44.2	393.308
44.3	393.428
44.4	393.547
44.5	393.667
44.6	393.786
44.7	393.905
44.8	394.024
44.9	394.142
45	394.261
45.1	394.379
45.2	394.498
45.3	394.616
45.4	394.734
45.5	394.851
45.6	394.969
45.7	395.086
45.8	395.204
45.9	395.321
46	395.438
46.1	395.554
46.2	395.671
46.3	395.787
46.4	395.904
46.5	396.02
46.6	396.136
46.7	396.252
46.8	396.367
46.9	396.483
47	396.598
47.1	396.714
47.2	396.829
47.3	396.944
47.4	397.058
47.5	397.173
47.6	397.288
47.7	397.402
47.8	397.516
47.9	397.63
48	397.744
48.1	397.858
48.2	397.971
48.3	398.085
48.4	398.198
48.5	398.311
48.6	398.424
48.7	398.537
48.8	398.65
48.9	398.762
49	398.875
49.1	398.987
49.2	399.099
49.3	399.211
49.4	399.323
49.5	399.434
49.6	399.546
49.7	399.657
49.8	399.769
49.9	399.88
50	399.991
50.1	400.102
50.2	400.212
50.3	400.323
50.4	400.433
50.5	400.543
50.6	400.654
50.7	400.764
50.8	400.873
50.9	400.983
51	401.093
51.1	401.202
51.2	401.311
51.3	401.421
51.4	401.53
51.5	401.638
51.6	401.747
51.7	401.856
51.8	401.964
51.9	402.073
52	402.181
52.1	402.289
52.2	402.397
52.3	402.505
52.4	402.612
52.5	402.72
52.6	402.827
52.7	402.934
52.8	403.042
52.9	403.149
53	403.255
53.1	403.362
53.2	403.469
53.3	403.575
53.4	403.682
53.5	403.788
53.6	403.894
53.7	404
53.8	404.106
53.9	404.211
54	404.317
54.1	404.422
54.2	404.528
54.3	404.633
54.4	404.738
54.5	404.843
54.6	404.948
54.7	405.052
54.8	405.157
54.9	405.261
55	405.366
55.1	405.47
55.2	405.574
55.3	405.678
55.4	405.782
55.5	405.885
55.6	405.989
55.7	406.093
55.8	406.196
55.9	406.299
56	406.402
56.1	406.505
56.2	406.608
56.3	406.711
56.4	406.813
56.5	406.916
56.6	407.018
56.7	407.12
56.8	407.222
56.9	407.324
57	407.426
57.1	407.528
57.2	407.63
57.3	407.731
57.4	407.833
57.5	407.934
57.6	408.035
57.7	408.136
57.8	408.237
57.9	408.338
58	408.439
58.1	408.539
58.2	408.64
58.3	408.74
58.4	408.84
58.5	408.94
58.6	409.04
58.7	409.14
58.8	409.24
58.9	409.34
59	409.439
59.1	409.539
59.2	409.638
59.3	409.737
59.4	409.836
59.5	409.935
59.6	410.034
59.7	410.133
59.8	410.232
59.9	410.33
60	410.429
60.1	410.527
60.2	410.625
60.3	410.723
60.4	410.821
60.5	410.919
60.6	411.017
60.7	411.115
60.8	411.212
60.9	411.31
61	411.407
61.1	411.504
61.2	411.601
61.3	411.698
61.4	411.795
61.5	411.892
61.6	411.989
61.7	412.085
61.8	412.182
61.9	412.278
62	412.375
62.1	412.471
62.2	412.567
62.3	412.663
62.4	412.759
62.5	412.854
62.6	412.95
62.7	413.046
62.8	413.141
62.9	413.236
63	413.332
63.1	413.427
63.2	413.522
63.3	413.617
63.4	413.712
63.5	413.806
63.6	413.901
63.7	413.995
63.8	414.09
63.9	414.184
64	414.278
64.1	414.372
64.2	414.466
64.3	414.56
64.4	414.654
64.5	414.748
64.6	414.842
64.7	414.935
64.8	415.029
64.9	415.122
65	415.215
65.1	415.308
65.2	415.401
65.3	415.494
65.4	415.587
65.5	415.68
65.6	415.772
65.7	415.865
65.8	415.957
65.9	416.05
66	416.142
66.1	416.234
66.2	416.326
66.3	416.418
66.4	416.51
66.5	416.602
66.6	416.693
66.7	416.785
66.8	416.876
66.9	416.968
67	417.059
67.1	417.15
67.2	417.242
67.3	417.333
67.4	417.423
67.5	417.514
67.6	417.605
67.7	417.696
67.8	417.786
67.9	417.877
68	417.967
68.1	418.057
68.2	418.148
68.3	418.238
68.4	418.328
68.5	418.418
68.6	418.507
68.7	418.597
68.8	418.687
68.9	418.776
69	418.866
69.1	418.955
69.2	419.044
69.3	419.134
69.4	419.223
69.5	419.312
69.6	419.401
69.7	419.489
69.8	419.578
69.9	419.667
70	419.755
70.1	419.844
70.2	419.932
70.3	420.021
70.4	420.109
70.5	420.197
70.6	420.285
70.7	420.373
70.8	420.461
70.9	420.549
71	420.636
71.1	420.724
71.2	420.811
71.3	420.899
71.4	420.986
71.5	421.073
71.6	421.161
71.7	421.248
71.8	421.335
71.9	421.422
72	421.509
72.1	421.595
72.2	421.682
72.3	421.769
72.4	421.855
72.5	421.942
72.6	422.028
72.7	422.114
72.8	422.2
72.9	422.286
73	422.372
73.1	422.458
73.2	422.544
73.3	422.63
73.4	422.716
73.5	422.801
73.6	422.887
73.7	422.972
73.8	423.058
73.9	423.143
74	423.228
74.1	423.313
74.2	423.398
74.3	423.483
74.4	423.568
74.5	423.653
74.6	423.737
74.7	423.822
74.8	423.907
74.9	423.991
75	424.075
75.1	424.16
75.2	424.244
75.3	424.328
75.4	424.412
75.5	424.496
75.6	424.58
75.7	424.664
75.8	424.748
75.9	424.831
76	424.915
76.1	424.999
76.2	425.082
76.3	425.165
76.4	425.249
76.5	425.332
76.6	425.415
76.7	425.498
76.8	425.581
76.9	425.664
77	425.747
77.1	425.83
77.2	425.912
77.3	425.995
77.4	426.077
77.5	426.16
77.6	426.242
77.7	426.325
77.8	426.407
77.9	426.489
78	426.571
78.1	426.653
78.2	426.735
78.3	426.817
78.4	426.899
78.5	426.98
78.6	427.062
78.7	427.143
78.8	427.225
78.9	427.306
79	427.388
79.1	427.469
79.2	427.55
79.3	427.631
79.4	427.712
79.5	427.793
79.6	427.874
79.7	427.955
79.8	428.036
79.9	428.117
80	428.197
80.1	428.278
80.2	428.358
80.3	428.439
80.4	428.519
80.5	428.599
80.6	428.679
80.7	428.759
80.8	428.84
80.9	428.919
81	428.999
81.1	429.079
81.2	429.159
81.3	429.239
81.4	429.318
81.5	429.398
81.6	429.477
81.7	429.557
81.8	429.636
81.9	429.715
82	429.795
82.1	429.874
82.2	429.953
82.3	430.032
82.4	430.111
82.5	430.19
82.6	430.268
82.7	430.347
82.8	430.426
82.9	430.504
83	430.583
83.1	430.661
83.2	430.74
83.3	430.818
83.4	430.896
83.5	430.975
83.6	431.053
83.7	431.131
83.8	431.209
83.9	431.287
84	431.364
84.1	431.442
84.2	431.52
84.3	431.598
84.4	431.675
84.5	431.753
84.6	431.83
84.7	431.908
84.8	431.985
84.9	432.062
85	432.139
85.1	432.217
85.2	432.294
85.3	432.371
85.4	432.448
85.5	432.524
85.6	432.601
85.7	432.678
85.8	432.755
85.9	432.831
86	432.908
86.1	432.984
86.2	433.061
86.3	433.137
86.4	433.213
86.5	433.29
86.6	433.366
86.7	433.442
86.8	433.518
86.9	433.594
87	433.67
87.1	433.746
87.2	433.821
87.3	433.897
87.4	433.973
87.5	434.048
87.6	434.124
87.7	434.199
87.8	434.275
87.9	434.35
88	434.425
88.1	434.501
88.2	434.576
88.3	434.651
88.4	434.726
88.5	434.801
88.6	434.876
88.7	434.951
88.8	435.026
88.9	435.1
89	435.175
89.1	435.25
89.2	435.324
89.3	435.399
89.4	435.473
89.5	435.548
89.6	435.622
89.7	435.696
89.8	435.77
89.9	435.844
90	435.919
90.1	435.993
90.2	436.066
90.3	436.14
90.4	436.214
90.5	436.288
90.6	436.362
90.7	436.435
90.8	436.509
90.9	436.583
91	436.656
91.1	436.729
91.2	436.803
91.3	436.876
91.4	436.949
91.5	437.023
91.6	437.096
91.7	437.169
91.8	437.242
91.9	437.315
92	437.388
92.1	437.461
92.2	437.533
92.3	437.606
92.4	437.679
92.5	437.751
92.6	437.824
92.7	437.896
92.8	437.969
92.9	438.041
93	438.114
93.1	438.186
93.2	438.258
93.3	438.33
93.4	438.402
93.5	438.474
93.6	438.546
93.7	438.618
93.8	438.69
93.9	438.762
94	438.834
94.1	438.906
94.2	438.977
94.3	439.049
94.4	439.12
94.5	439.192
94.6	439.263
94.7	439.335
94.8	439.406
94.9	439.477
95	439.549
95.1	439.62
95.2	439.691
95.3	439.762
95.4	439.833
95.5	439.904
95.6	439.975
95.7	440.046
95.8	440.117
95.9	440.187
96	440.258
96.1	440.329
96.2	440.399
96.3	440.47
96.4	440.54
96.5	440.611
96.6	440.681
96.7	440.751
96.8	440.822
96.9	440.892
97	440.962
97.1	441.032
97.2	441.102
97.3	441.172
97.4	441.242
97.5	441.312
97.6	441.382
97.7	441.451
97.8	441.521
97.9	441.591
98	441.661
98.1	441.73
98.2	441.8
98.3	441.869
98.4	441.938
98.5	442.008
98.6	442.077
98.7	442.146
98.8	442.216
98.9	442.285
99	442.354
99.1	442.423
99.2	442.492
99.3	442.561
99.4	442.63
99.5	442.699
99.6	442.768
99.7	442.836
99.8	442.905
99.9	442.974
100	443.042
100.1	443.111
100.2	443.179
100.3	443.248
100.4	443.316
100.5	443.385
100.6	443.453
100.7	443.521
100.8	443.589
100.9	443.658
101	443.726
101.1	443.794
101.2	443.862
101.3	443.93
101.4	443.998
101.5	444.065
101.6	444.133
101.7	444.201
101.8	444.269
101.9	444.336
102	444.404
102.1	444.472
102.2	444.539
102.3	444.607
102.4	444.674
102.5	444.741
102.6	444.809
102.7	444.876
102.8	444.943
102.9	445.01
103	445.078
103.1	445.145
103.2	445.212
103.3	445.279
103.4	445.346
103.5	445.412
103.6	445.479
103.7	445.546
103.8	445.613
103.9	445.68
104	445.746
104.1	445.813
104.2	445.879
104.3	445.946
104.4	446.012
104.5	446.079
104.6	446.145
104.7	446.212
104.8	446.278
104.9	446.344
105	446.41
105.1	446.476
105.2	446.543
105.3	446.609
105.4	446.675
105.5	446.741
105.6	446.806
105.7	446.872
105.8	446.938
105.9	447.004
106	447.07
106.1	447.135
106.2	447.201
106.3	447.267
106.4	447.332
106.5	447.398
106.6	447.463
106.7	447.529
106.8	447.594
106.9	447.659
107	447.724
107.1	447.79
107.2	447.855
107.3	447.92
107.4	447.985
107.5	448.05
107.6	448.115
107.7	448.18
107.8	448.245
107.9	448.31
108	448.375
108.1	448.44
108.2	448.504
108.3	448.569
108.4	448.634
108.5	448.698
108.6	448.763
108.7	448.827
108.8	448.892
108.9	448.956
109	449.021
109.1	449.085
109.2	449.149
109.3	449.214
109.4	449.278
109.5	449.342
109.6	449.406
109.7	449.47
109.8	449.534
109.9	449.598
110	449.662
110.1	449.726
110.2	449.79
110.3	449.854
110.4	449.918
110.5	449.981
110.6	450.045
110.7	450.109
110.8	450.172
110.9	450.236
111	450.299
111.1	450.363
111.2	450.426
111.3	450.49
111.4	450.553
111.5	450.617
111.6	450.68
111.7	450.743
111.8	450.806
111.9	450.869
112	450.932
112.1	450.996
112.2	451.059
112.3	451.122
112.4	451.185
112.5	451.247
112.6	451.31
112.7	451.373
112.8	451.436
112.9	451.499
113	451.561
113.1	451.624
113.2	451.687
113.3	451.749
113.4	451.812
113.5	451.874
113.6	451.937
113.7	451.999
113.8	452.061
113.9	452.124
114	452.186
114.1	452.248
114.2	452.311
114.3	452.373
114.4	452.435
114.5	452.497
114.6	452.559
114.7	452.621
114.8	452.683
114.9	452.745
115	452.807
115.1	452.869
115.2	452.93
115.3	452.992
115.4	453.054
115.5	453.116
115.6	453.177
115.7	453.239
115.8	453.3
115.9	453.362
116	453.423
116.1	453.485
116.2	453.546
116.3	453.608
116.4	453.669
116.5	453.73
116.6	453.792
116.7	453.853
116.8	453.914
116.9	453.975
117	454.036
117.1	454.097
117.2	454.158
117.3	454.219
117.4	454.28
117.5	454.341
117.6	454.402
117.7	454.463
117.8	454.524
117.9	454.584
118	454.645
118.1	454.706
118.2	454.766
118.3	454.827
118.4	454.888
118.5	454.948
118.6	455.009
118.7	455.069
118.8	455.129
118.9	455.19
119	455.25
119.1	455.31
119.2	455.371
119.3	455.431
119.4	455.491
119.5	455.551
119.6	455.611
119.7	455.671
119.8	455.731
119.9	455.791
120	455.851
120.1	455.911
120.2	455.971
120.3	456.031
120.4	456.091
120.5	456.151
120.6	456.21
120.7	456.27
120.8	456.33
120.9	456.389
121	456.449
121.1	456.509
121.2	456.568
121.3	456.628
121.4	456.687
121.5	456.746
121.6	456.806
121.7	456.865
121.8	456.924
121.9	456.984
122	457.043
122.1	457.102
122.2	457.161
122.3	457.22
122.4	457.279
122.5	457.338
122.6	457.398
122.7	457.456
122.8	457.515
122.9	457.574
123	457.633
123.1	457.692
123.2	457.751
123.3	457.81
123.4	457.868
123.5	457.927
123.6	457.986
123.7	458.044
123.8	458.103
123.9	458.161
124	458.22
124.1	458.278
124.2	458.337
124.3	458.395
124.4	458.454
124.5	458.512
124.6	458.57
124.7	458.629
124.8	458.687
124.9	458.745
125	458.803
125.1	458.861
125.2	458.919
125.3	458.977
125.4	459.035
125.5	459.093
125.6	459.151
125.7	459.209
125.8	459.267
125.9	459.325
126	459.383
126.1	459.441
126.2	459.498
126.3	459.556
126.4	459.614
126.5	459.671
126.6	459.729
126.7	459.787
126.8	459.844
126.9	459.902
127	459.959
127.1	460.017
127.2	460.074
127.3	460.131
127.4	460.189
127.5	460.246
127.6	460.303
127.7	460.361
127.8	460.418
127.9	460.475
128	460.532
128.1	460.589
128.2	460.646
128.3	460.703
128.4	460.76
128.5	460.817
128.6	460.874
128.7	460.931
128.8	460.988
128.9	461.045
129	461.102
129.1	461.158
129.2	461.215
129.3	461.272
129.4	461.329
129.5	461.385
129.6	461.442
129.7	461.498
129.8	461.555
129.9	461.611
130	461.668
130.1	461.724
130.2	461.781
130.3	461.837
130.4	461.894
130.5	461.95
130.6	462.006
130.7	462.062
130.8	462.119
130.9	462.175
131	462.231
131.1	462.287
131.2	462.343
131.3	462.399
131.4	462.455
131.5	462.511
131.6	462.567
131.7	462.623
131.8	462.679
131.9	462.735
132	462.791
132.1	462.847
132.2	462.902
132.3	462.958
132.4	463.014
132.5	463.069
132.6	463.125
132.7	463.181
132.8	463.236
132.9	463.292
133	463.347
133.1	463.403
133.2	463.458
133.3	463.514
133.4	463.569
133.5	463.625
133.6	463.68
133.7	463.735
133.8	463.79
133.9	463.846
134	463.901
134.1	463.956
134.2	464.011
134.3	464.066
134.4	464.121
134.5	464.177
134.6	464.232
134.7	464.287
134.8	464.342
134.9	464.396
135	464.451
135.1	464.506
135.2	464.561
135.3	464.616
135.4	464.671
135.5	464.725
135.6	464.78
135.7	464.835
135.8	464.89
135.9	464.944
136	464.999
136.1	465.053
136.2	465.108
136.3	465.162
136.4	465.217
136.5	465.271
136.6	465.326
136.7	465.38
136.8	465.435
136.9	465.489
137	465.543
137.1	465.597
137.2	465.652
137.3	465.706
137.4	465.76
137.5	465.814
137.6	465.868
137.7	465.922
137.8	465.976
137.9	466.031
138	466.085
138.1	466.139
138.2	466.192
138.3	466.246
138.4	466.3
138.5	466.354
138.6	466.408
138.7	466.462
138.8	466.516
138.9	466.569
139	466.623
139.1	466.677
139.2	466.73
139.3	466.784
139.4	466.838
139.5	466.891
139.6	466.945
139.7	466.998
139.8	467.052
139.9	467.105
140	467.159
140.1	467.212
140.2	467.265
140.3	467.319
140.4	467.372
140.5	467.425
140.6	467.478
140.7	467.532
140.8	467.585
140.9	467.638
141	467.691
141.1	467.744
141.2	467.797
141.3	467.85
141.4	467.904
141.5	467.957
141.6	468.009
141.7	468.062
141.8	468.115
141.9	468.168
142	468.221
142.1	468.274
142.2	468.327
142.3	468.379
142.4	468.432
142.5	468.485
142.6	468.538
142.7	468.59
142.8	468.643
142.9	468.696
143	468.748
143.1	468.801
143.2	468.853
143.3	468.906
143.4	468.958
143.5	469.011
143.6	469.063
143.7	469.115
143.8	469.168
143.9	469.22
144	469.272
144.1	469.325
144.2	469.377
144.3	469.429
144.4	469.481
144.5	469.534
144.6	469.586
144.7	469.638
144.8	469.69
144.9	469.742
145	469.794
145.1	469.846
145.2	469.898
145.3	469.95
145.4	470.002
145.5	470.054
145.6	470.106
145.7	470.157
145.8	470.209
145.9	470.261
146	470.313
146.1	470.365
146.2	470.416
146.3	470.468
146.4	470.52
146.5	470.571
146.6	470.623
146.7	470.674
146.8	470.726
146.9	470.777
147	470.829
147.1	470.88
147.2	470.932
147.3	470.983
147.4	471.035
147.5	471.086
147.6	471.137
147.7	471.189
147.8	471.24
147.9	471.291
148	471.342
148.1	471.394
148.2	471.445
148.3	471.496
148.4	471.547
148.5	471.598
148.6	471.649
148.7	471.7
148.8	471.751
148.9	471.802
149	471.853
149.1	471.904
149.2	471.955
149.3	472.006
149.4	472.057
149.5	472.108
149.6	472.159
149.7	472.21
149.8	472.26
149.9	472.311
150	472.362
150.1	472.412
150.2	472.463
150.3	472.514
150.4	472.564
150.5	472.615
150.6	472.666
150.7	472.716
150.8	472.767
150.9	472.817
151	472.868
151.1	472.918
151.2	472.968
151.3	473.019
151.4	473.069
151.5	473.119
151.6	473.17
151.7	473.22
151.8	473.27
151.9	473.321
152	473.371
152.1	473.421
152.2	473.471
152.3	473.521
152.4	473.571
152.5	473.621
152.6	473.672
152.7	473.722
152.8	473.772
152.9	473.822
153	473.872
153.1	473.921
153.2	473.971
153.3	474.021
153.4	474.071
153.5	474.121
153.6	474.171
153.7	474.221
153.8	474.27
153.9	474.32
154	474.37
154.1	474.42
154.2	474.469
154.3	474.519
154.4	474.568
154.5	474.618
154.6	474.668
154.7	474.717
154.8	474.767
154.9	474.816
155	474.866
155.1	474.915
155.2	474.965
155.3	475.014
155.4	475.063
155.5	475.113
155.6	475.162
155.7	475.211
155.8	475.261
155.9	475.31
156	475.359
156.1	475.408
156.2	475.458
156.3	475.507
156.4	475.556
156.5	475.605
156.6	475.654
156.7	475.703
156.8	475.752
156.9	475.801
157	475.85
157.1	475.899
157.2	475.948
157.3	475.997
157.4	476.046
157.5	476.095
157.6	476.144
157.7	476.193
157.8	476.241
157.9	476.29
158	476.339
158.1	476.388
158.2	476.436
158.3	476.485
158.4	476.534
158.5	476.582
158.6	476.631
158.7	476.68
158.8	476.728
158.9	476.777
159	476.825
159.1	476.874
159.2	476.922
159.3	476.971
159.4	477.019
159.5	477.068
159.6	477.116
159.7	477.164
159.8	477.213
159.9	477.261
160	477.309
160.1	477.358
160.2	477.406
160.3	477.454
160.4	477.502
160.5	477.551
160.6	477.599
160.7	477.647
160.8	477.695
160.9	477.743
161	477.791
161.1	477.839
161.2	477.887
161.3	477.935
161.4	477.983
161.5	478.031
161.6	478.079
161.7	478.127
161.8	478.175
161.9	478.223
162	478.271
162.1	478.318
162.2	478.366
162.3	478.414
162.4	478.462
162.5	478.51
162.6	478.557
162.7	478.605
162.8	478.653
162.9	478.7
163	478.748
163.1	478.796
163.2	478.843
163.3	478.891
163.4	478.938
163.5	478.986
163.6	479.033
163.7	479.081
163.8	479.128
163.9	479.176
164	479.223
164.1	479.27
164.2	479.318
164.3	479.365
164.4	479.412
164.5	479.46
164.6	479.507
164.7	479.554
164.8	479.601
164.9	479.649
165	479.696
165.1	479.743
165.2	479.79
165.3	479.837
165.4	479.884
165.5	479.931
165.6	479.979
165.7	480.026
165.8	480.073
165.9	480.12
166	480.167
166.1	480.213
166.2	480.26
166.3	480.307
166.4	480.354
166.5	480.401
166.6	480.448
166.7	480.495
166.8	480.542
166.9	480.588
167	480.635
167.1	480.682
167.2	480.729
167.3	480.775
167.4	480.822
167.5	480.869
167.6	480.915
167.7	480.962
167.8	481.008
167.9	481.055
168	481.102
168.1	481.148
168.2	481.195
168.3	481.241
168.4	481.287
168.5	481.334
168.6	481.38
168.7	481.427
168.8	481.473
168.9	481.52
169	481.566
169.1	481.612
169.2	481.658
169.3	481.705
169.4	481.751
169.5	481.797
169.6	481.843
169.7	481.89
169.8	481.936
169.9	481.982
170	482.028
170.1	482.074
170.2	482.12
170.3	482.166
170.4	482.212
170.5	482.258
170.6	482.304
170.7	482.35
170.8	482.396
170.9	482.442
171	482.488
171.1	482.534
171.2	482.58
171.3	482.626
171.4	482.672
171.5	482.718
171.6	482.763
171.7	482.809
171.8	482.855
171.9	482.901
172	482.946
172.1	482.992
172.2	483.038
172.3	483.083
172.4	483.129
172.5	483.175
172.6	483.22
172.7	483.266
172.8	483.312
172.9	483.357
173	483.403
173.1	483.448
173.2	483.494
173.3	483.539
173.4	483.584
173.5	483.63
173.6	483.675
173.7	483.721
173.8	483.766
173.9	483.811
174	483.857
174.1	483.902
174.2	483.947
174.3	483.993
174.4	484.038
174.5	484.083
174.6	484.128
174.7	484.173
174.8	484.219
174.9	484.264
175	484.309
175.1	484.354
175.2	484.399
175.3	484.444
175.4	484.489
175.5	484.534
175.6	484.579
175.7	484.624
175.8	484.669
175.9	484.714
176	484.759
176.1	484.804
176.2	484.849
176.3	484.894
176.4	484.939
176.5	484.983
176.6	485.028
176.7	485.073
176.8	485.118
176.9	485.163
177	485.207
177.1	485.252
177.2	485.297
177.3	485.341
177.4	485.386
177.5	485.431
177.6	485.475
177.7	485.52
177.8	485.565
177.9	485.609
178	485.654
178.1	485.698
178.2	485.743
178.3	485.787
178.4	485.832
178.5	485.876
178.6	485.921
178.7	485.965
178.8	486.009
178.9	486.054
179	486.098
179.1	486.142
179.2	486.187
179.3	486.231
179.4	486.275
179.5	486.32
179.6	486.364
179.7	486.408
179.8	486.452
179.9	486.496
180	486.541
180.1	486.585
180.2	486.629
180.3	486.673
180.4	486.717
180.5	486.761
180.6	486.805
180.7	486.849
180.8	486.893
180.9	486.937
181	486.981
181.1	487.025
181.2	487.069
181.3	487.113
181.4	487.157
181.5	487.201
181.6	487.245
181.7	487.289
181.8	487.333
181.9	487.376
182	487.42
182.1	487.464
182.2	487.508
182.3	487.551
182.4	487.595
182.5	487.639
182.6	487.683
182.7	487.726
182.8	487.77
182.9	487.814
183	487.857
183.1	487.901
183.2	487.944
183.3	487.988
183.4	488.031
183.5	488.075
183.6	488.118
183.7	488.162
183.8	488.205
183.9	488.249
184	488.292
184.1	488.336
184.2	488.379
184.3	488.423
184.4	488.466
184.5	488.509
184.6	488.553
184.7	488.596
184.8	488.639
184.9	488.682
185	488.726
185.1	488.769
185.2	488.812
185.3	488.855
185.4	488.899
185.5	488.942
185.6	488.985
185.7	489.028
185.8	489.071
185.9	489.114
186	489.157
186.1	489.2
186.2	489.243
186.3	489.286
186.4	489.33
186.5	489.373
186.6	489.415
186.7	489.458
186.8	489.501
186.9	489.544
187	489.587
187.1	489.63
187.2	489.673
187.3	489.716
187.4	489.759
187.5	489.801
187.6	489.844
187.7	489.887
187.8	489.93
187.9	489.973
188	490.015
188.1	490.058
188.2	490.101
188.3	490.143
188.4	490.186
188.5	490.229
188.6	490.271
188.7	490.314
188.8	490.357
188.9	490.399
189	490.442
189.1	490.484
189.2	490.527
189.3	490.569
189.4	490.612
189.5	490.654
189.6	490.697
189.7	490.739
189.8	490.782
189.9	490.824
190	490.866
190.1	490.909
190.2	490.951
190.3	490.993
190.4	491.036
190.5	491.078
190.6	491.12
190.7	491.163
190.8	491.205
190.9	491.247
191	491.289
191.1	491.332
191.2	491.374
191.3	491.416
191.4	491.458
191.5	491.5
191.6	491.542
191.7	491.584
191.8	491.626
191.9	491.669
192	491.711
192.1	491.753
192.2	491.795
192.3	491.837
192.4	491.879
192.5	491.921
192.6	491.963
192.7	492.004
192.8	492.046
192.9	492.088
193	492.13
193.1	492.172
193.2	492.214
193.3	492.256
193.4	492.298
193.5	492.339
193.6	492.381
193.7	492.423
193.8	492.465
193.9	492.506
194	492.548
194.1	492.59
194.2	492.632
194.3	492.673
194.4	492.715
194.5	492.756
194.6	492.798
194.7	492.84
194.8	492.881
194.9	492.923
195	492.964
195.1	493.006
195.2	493.048
195.3	493.089
195.4	493.131
195.5	493.172
195.6	493.213
195.7	493.255
195.8	493.296
195.9	493.338
196	493.379
196.1	493.421
196.2	493.462
196.3	493.503
196.4	493.545
196.5	493.586
196.6	493.627
196.7	493.668
196.8	493.71
196.9	493.751
197	493.792
197.1	493.833
197.2	493.875
197.3	493.916
197.4	493.957
197.5	493.998
197.6	494.039
197.7	494.08
197.8	494.122
197.9	494.163
198	494.204
198.1	494.245
198.2	494.286
198.3	494.327
198.4	494.368
198.5	494.409
198.6	494.45
198.7	494.491
198.8	494.532
198.9	494.573
199	494.614
199.1	494.654
199.2	494.695
199.3	494.736
199.4	494.777
199.5	494.818
199.6	494.859
199.7	494.9
199.8	494.94
199.9	494.981
200	495.022
200.1	495.063
200.2	495.103
200.3	495.144
200.4	495.185
200.5	495.225
200.6	495.266
200.7	495.307
200.8	495.347
200.9	495.388
201	495.429
201.1	495.469
201.2	495.51
201.3	495.55
201.4	495.591
201.5	495.631
201.6	495.672
201.7	495.713
201.8	495.753
201.9	495.793
202	495.834
202.1	495.874
202.2	495.915
202.3	495.955
202.4	495.996
202.5	496.036
202.6	496.076
202.7	496.117
202.8	496.157
202.9	496.197
203	496.238
203.1	496.278
203.2	496.318
203.3	496.358
203.4	496.399
203.5	496.439
203.6	496.479
203.7	496.519
203.8	496.559
203.9	496.6
204	496.64
204.1	496.68
204.2	496.72
204.3	496.76
204.4	496.8
204.5	496.84
204.6	496.88
204.7	496.92
204.8	496.96
204.9	497
205	497.04
205.1	497.08
205.2	497.12
205.3	497.16
205.4	497.2
205.5	497.24
205.6	497.28
205.7	497.32
205.8	497.36
205.9	497.4
206	497.44
206.1	497.48
206.2	497.519
206.3	497.559
206.4	497.599
206.5	497.639
206.6	497.679
206.7	497.718
206.8	497.758
206.9	497.798
207	497.837
207.1	497.877
207.2	497.917
207.3	497.956
207.4	497.996
207.5	498.036
207.6	498.075
207.7	498.115
207.8	498.155
207.9	498.194
208	498.234
208.1	498.273
208.2	498.313
208.3	498.352
208.4	498.392
208.5	498.431
208.6	498.471
208.7	498.51
208.8	498.55
208.9	498.589
209	498.628
209.1	498.668
209.2	498.707
209.3	498.747
209.4	498.786
209.5	498.825
209.6	498.865
209.7	498.904
209.8	498.943
209.9	498.983
210	499.022
210.1	499.061
210.2	499.1
210.3	499.14
210.4	499.179
210.5	499.218
210.6	499.257
210.7	499.296
210.8	499.336
210.9	499.375
211	499.414
211.1	499.453
211.2	499.492
211.3	499.531
211.4	499.57
211.5	499.609
211.6	499.648
211.7	499.687
211.8	499.726
211.9	499.765
212	499.804
212.1	499.843
212.2	499.882
212.3	499.921
212.4	499.96
212.5	499.999
212.6	500.038
212.7	500.077
212.8	500.116
212.9	500.155
213	500.193
213.1	500.232
213.2	500.271
213.3	500.31
213.4	500.349
213.5	500.387
213.6	500.426
213.7	500.465
213.8	500.504
213.9	500.542
214	500.581
214.1	500.62
214.2	500.659
214.3	500.697
214.4	500.736
214.5	500.774
214.6	500.813
214.7	500.852
214.8	500.89
214.9	500.929
215	500.967
215.1	501.006
215.2	501.045
215.3	501.083
215.4	501.122
215.5	501.16
215.6	501.199
215.7	501.237
215.8	501.276
215.9	501.314
216	501.352
216.1	501.391
216.2	501.429
216.3	501.468
216.4	501.506
216.5	501.544
216.6	501.583
216.7	501.621
216.8	501.659
216.9	501.698
217	501.736
217.1	501.774
217.2	501.813
217.3	501.851
217.4	501.889
217.5	501.927
217.6	501.966
217.7	502.004
217.8	502.042
217.9	502.08
218	502.118
218.1	502.156
218.2	502.195
218.3	502.233
218.4	502.271
218.5	502.309
218.6	502.347
218.7	502.385
218.8	502.423
218.9	502.461
219	502.499
219.1	502.537
219.2	502.575
219.3	502.613
219.4	502.651
219.5	502.689
219.6	502.727
219.7	502.765
219.8	502.803
219.9	502.841
220	502.879
220.1	502.917
220.2	502.955
220.3	502.992
220.4	503.03
220.5	503.068
220.6	503.106
220.7	503.144
220.8	503.182
220.9	503.219
221	503.257
221.1	503.295
221.2	503.333
221.3	503.37
221.4	503.408
221.5	503.446
221.6	503.483
221.7	503.521
221.8	503.559
221.9	503.596
222	503.634
222.1	503.672
222.2	503.709
222.3	503.747
222.4	503.784
222.5	503.822
222.6	503.86
222.7	503.897
222.8	503.935
222.9	503.972
223	504.01
223.1	504.047
223.2	504.085
223.3	504.122
223.4	504.16
223.5	504.197
223.6	504.235
223.7	504.272
223.8	504.309
223.9	504.347
224	504.384
224.1	504.421
224.2	504.459
224.3	504.496
224.4	504.534
224.5	504.571
224.6	504.608
224.7	504.645
224.8	504.683
224.9	504.72
225	504.757
225.1	504.794
225.2	504.832
225.3	504.869
225.4	504.906
225.5	504.943
225.6	504.98
225.7	505.018
225.8	505.055
225.9	505.092
226	505.129
226.1	505.166
226.2	505.203
226.3	505.24
226.4	505.277
226.5	505.315
226.6	505.352
226.7	505.389
226.8	505.426
226.9	505.463
227	505.5
227.1	505.537
227.2	505.574
227.3	505.611
227.4	505.648
227.5	505.684
227.6	505.721
227.7	505.758
227.8	505.795
227.9	505.832
228	505.869
228.1	505.906
228.2	505.943
228.3	505.98
228.4	506.016
228.5	506.053
228.6	506.09
228.7	506.127
228.8	506.164
228.9	506.2
229	506.237
229.1	506.274
229.2	506.311
229.3	506.347
229.4	506.384
229.5	506.421
229.6	506.457
229.7	506.494
229.8	506.531
229.9	506.567
230	506.604
230.1	506.641
230.2	506.677
230.3	506.714
230.4	506.75
230.5	506.787
230.6	506.824
230.7	506.86
230.8	506.897
230.9	506.933
231	506.97
231.1	507.006
231.2	507.043
231.3	507.079
231.4	507.116
231.5	507.152
231.6	507.188
231.7	507.225
231.8	507.261
231.9	507.298
232	507.334
232.1	507.37
232.2	507.407
232.3	507.443
232.4	507.48
232.5	507.516
232.6	507.552
232.7	507.588
232.8	507.625
232.9	507.661
233	507.697
233.1	507.734
233.2	507.77
233.3	507.806
233.4	507.842
233.5	507.879
233.6	507.915
233.7	507.951
233.8	507.987
233.9	508.023
234	508.059
234.1	508.096
234.2	508.132
234.3	508.168
234.4	508.204
234.5	508.24
234.6	508.276
234.7	508.312
234.8	508.348
234.9	508.384
235	508.42
235.1	508.456
235.2	508.492
235.3	508.528
235.4	508.564
235.5	508.6
235.6	508.636
235.7	508.672
235.8	508.708
235.9	508.744
236	508.78
236.1	508.816
236.2	508.852
236.3	508.888
236.4	508.924
236.5	508.959
236.6	508.995
236.7	509.031
236.8	509.067
236.9	509.103
237	509.139
237.1	509.174
237.2	509.21
237.3	509.246
237.4	509.282
237.5	509.317
237.6	509.353
237.7	509.389
237.8	509.425
237.9	509.46
238	509.496
238.1	509.532
238.2	509.567
238.3	509.603
238.4	509.639
238.5	509.674
238.6	509.71
238.7	509.745
238.8	509.781
238.9	509.817
239	509.852
239.1	509.888
239.2	509.923
239.3	509.959
239.4	509.994
239.5	510.03
239.6	510.065
239.7	510.101
239.8	510.136
239.9	510.172
240	510.207
240.1	510.243
240.2	510.278
240.3	510.314
240.4	510.349
240.5	510.384
240.6	510.42
240.7	510.455
240.8	510.49
240.9	510.526
241	510.561
241.1	510.597
241.2	510.632
241.3	510.667
241.4	510.702
241.5	510.738
241.6	510.773
241.7	510.808
241.8	510.844
241.9	510.879
242	510.914
242.1	510.949
242.2	510.984
242.3	511.02
242.4	511.055
242.5	511.09
242.6	511.125
242.7	511.16
242.8	511.195
242.9	511.231
243	511.266
243.1	511.301
243.2	511.336
243.3	511.371
243.4	511.406
243.5	511.441
243.6	511.476
243.7	511.511
243.8	511.546
243.9	511.581
244	511.616
244.1	511.651
244.2	511.686
244.3	511.721
244.4	511.756
244.5	511.791
244.6	511.826
244.7	511.861
244.8	511.896
244.9	511.931
245	511.966
245.1	512.001
245.2	512.036
245.3	512.071
245.4	512.105
245.5	512.14
245.6	512.175
245.7	512.21
245.8	512.245
245.9	512.28
246	512.314
246.1	512.349
246.2	512.384
246.3	512.419
246.4	512.453
246.5	512.488
246.6	512.523
246.7	512.558
246.8	512.592
246.9	512.627
247	512.662
247.1	512.696
247.2	512.731
247.3	512.766
247.4	512.8
247.5	512.835
247.6	512.87
247.7	512.904
247.8	512.939
247.9	512.973
248	513.008
248.1	513.042
248.2	513.077
248.3	513.112
248.4	513.146
248.5	513.181
248.6	513.215
248.7	513.25
248.8	513.284
248.9	513.319
249	513.353
249.1	513.388
249.2	513.422
249.3	513.456
249.4	513.491
249.5	513.525
249.6	513.56
249.7	513.594
249.8	513.629
249.9	513.663
250	513.697
250.1	513.732
250.2	513.766
250.3	513.8
250.4	513.835
250.5	513.869
250.6	513.903
250.7	513.938
250.8	513.972
250.9	514.006
251	514.04
251.1	514.075
251.2	514.109
251.3	514.143
251.4	514.177
251.5	514.211
251.6	514.246
251.7	514.28
251.8	514.314
251.9	514.348
252	514.382
252.1	514.417
252.2	514.451
252.3	514.485
252.4	514.519
252.5	514.553
252.6	514.587
252.7	514.621
252.8	514.655
252.9	514.689
253	514.723
253.1	514.757
253.2	514.791
253.3	514.825
253.4	514.859
253.5	514.893
253.6	514.927
253.7	514.961
253.8	514.995
253.9	515.029
254	515.063
254.1	515.097
254.2	515.131
254.3	515.165
254.4	515.199
254.5	515.233
254.6	515.267
254.7	515.301
254.8	515.335
254.9	515.368
255	515.402
255.1	515.436
255.2	515.47
255.3	515.504
255.4	515.538
255.5	515.571
255.6	515.605
255.7	515.639
255.8	515.673
255.9	515.706
256	515.74
256.1	515.774
256.2	515.808
256.3	515.841
256.4	515.875
256.5	515.909
256.6	515.943
256.7	515.976
256.8	516.01
256.9	516.044
257	516.077
257.1	516.111
257.2	516.144
257.3	516.178
257.4	516.212
257.5	516.245
257.6	516.279
257.7	516.312
257.8	516.346
257.9	516.38
258	516.413
258.1	516.447
258.2	516.48
258.3	516.514
258.4	516.547
258.5	516.581
258.6	516.614
258.7	516.648
258.8	516.681
258.9	516.715
259	516.748
259.1	516.781
259.2	516.815
259.3	516.848
259.4	516.882
259.5	516.915
259.6	516.948
259.7	516.982
259.8	517.015
259.9	517.049
260	517.082
260.1	517.115
260.2	517.149
260.3	517.182
260.4	517.215
260.5	517.249
260.6	517.282
260.7	517.315
260.8	517.348
260.9	517.382
261	517.415
261.1	517.448
261.2	517.481
261.3	517.515
261.4	517.548
261.5	517.581
261.6	517.614
261.7	517.647
261.8	517.681
261.9	517.714
262	517.747
262.1	517.78
262.2	517.813
262.3	517.846
262.4	517.879
262.5	517.912
262.6	517.946
262.7	517.979
262.8	518.012
262.9	518.045
263	518.078
263.1	518.111
263.2	518.144
263.3	518.177
263.4	518.21
263.5	518.243
263.6	518.276
263.7	518.309
263.8	518.342
263.9	518.375
264	518.408
264.1	518.441
264.2	518.474
264.3	518.507
264.4	518.54
264.5	518.573
264.6	518.605
264.7	518.638
264.8	518.671
264.9	518.704
265	518.737
265.1	518.77
265.2	518.803
265.3	518.836
265.4	518.868
265.5	518.901
265.6	518.934
265.7	518.967
265.8	519
265.9	519.032
266	519.065
266.1	519.098
266.2	519.131
266.3	519.163
266.4	519.196
266.5	519.229
266.6	519.262
266.7	519.294
266.8	519.327
266.9	519.36
267	519.392
267.1	519.425
267.2	519.458
267.3	519.49
267.4	519.523
267.5	519.556
267.6	519.588
267.7	519.621
267.8	519.653
267.9	519.686
268	519.719
268.1	519.751
268.2	519.784
268.3	519.816
268.4	519.849
268.5	519.881
268.6	519.914
268.7	519.946
268.8	519.979
268.9	520.011
269	520.044
269.1	520.076
269.2	520.109
269.3	520.141
269.4	520.174
269.5	520.206
269.6	520.239
269.7	520.271
269.8	520.303
269.9	520.336
270	520.368
270.1	520.401
270.2	520.433
270.3	520.465
270.4	520.498
270.5	520.53
270.6	520.562
270.7	520.595
270.8	520.627
270.9	520.659
271	520.692
271.1	520.724
271.2	520.756
271.3	520.789
271.4	520.821
271.5	520.853
271.6	520.885
271.7	520.918
271.8	520.95
271.9	520.982
272	521.014
272.1	521.047
272.2	521.079
272.3	521.111
272.4	521.143
272.5	521.175
272.6	521.207
272.7	521.24
272.8	521.272
272.9	521.304
273	521.336
273.1	521.368
273.2	521.4
273.3	521.432
273.4	521.464
273.5	521.496
273.6	521.529
273.7	521.561
273.8	521.593
273.9	521.625
274	521.657
274.1	521.689
274.2	521.721
274.3	521.753
274.4	521.785
274.5	521.817
274.6	521.849
274.7	521.881
274.8	521.913
274.9	521.945
275	521.977
275.1	522.008
275.2	522.04
275.3	522.072
275.4	522.104
275.5	522.136
275.6	522.168
275.7	522.2
275.8	522.232
275.9	522.264
276	522.296
276.1	522.327
276.2	522.359
276.3	522.391
276.4	522.423
276.5	522.455
276.6	522.486
276.7	522.518
276.8	522.55
276.9	522.582
277	522.614
277.1	522.645
277.2	522.677
277.3	522.709
277.4	522.741
277.5	522.772
277.6	522.804
277.7	522.836
277.8	522.867
277.9	522.899
278	522.931
278.1	522.962
278.2	522.994
278.3	523.026
278.4	523.057
278.5	523.089
278.6	523.121
278.7	523.152
278.8	523.184
278.9	523.216
279	523.247
279.1	523.279
279.2	523.31
279.3	523.342
279.4	523.373
279.5	523.405
279.6	523.437
279.7	523.468
279.8	523.5
279.9	523.531
280	523.563
280.1	523.594
280.2	523.626
280.3	523.657
280.4	523.689
280.5	523.72
280.6	523.751
280.7	523.783
280.8	523.814
280.9	523.846
281	523.877
281.1	523.909
281.2	523.94
281.3	523.971
281.4	524.003
281.5	524.034
281.6	524.066
281.7	524.097
281.8	524.128
281.9	524.16
282	524.191
282.1	524.222
282.2	524.254
282.3	524.285
282.4	524.316
282.5	524.347
282.6	524.379
282.7	524.41
282.8	524.441
282.9	524.473
283	524.504
283.1	524.535
283.2	524.566
283.3	524.598
283.4	524.629
283.5	524.66
283.6	524.691
283.7	524.722
283.8	524.754
283.9	524.785
284	524.816
284.1	524.847
284.2	524.878
284.3	524.909
284.4	524.94
284.5	524.972
284.6	525.003
284.7	525.034
284.8	525.065
284.9	525.096
285	525.127
285.1	525.158
285.2	525.189
285.3	525.22
285.4	525.251
285.5	525.282
285.6	525.313
285.7	525.344
285.8	525.375
285.9	525.406
286	525.437
286.1	525.468
286.2	525.499
286.3	525.53
286.4	525.561
286.5	525.592
286.6	525.623
286.7	525.654
286.8	525.685
286.9	525.716
287	525.747
287.1	525.778
287.2	525.809
287.3	525.84
287.4	525.871
287.5	525.901
287.6	525.932
287.7	525.963
287.8	525.994
287.9	526.025
288	526.056
288.1	526.086
288.2	526.117
288.3	526.148
288.4	526.179
288.5	526.21
288.6	526.24
288.7	526.271
288.8	526.302
288.9	526.333
289	526.364
289.1	526.394
289.2	526.425
289.3	526.456
289.4	526.486
289.5	526.517
289.6	526.548
289.7	526.579
289.8	526.609
289.9	526.64
290	526.671
290.1	526.701
290.2	526.732
290.3	526.763
290.4	526.793
290.5	526.824
290.6	526.854
290.7	526.885
290.8	526.916
290.9	526.946
291	526.977
291.1	527.007
291.2	527.038
291.3	527.069
291.4	527.099
291.5	527.13
291.6	527.16
291.7	527.191
291.8	527.221
291.9	527.252
292	527.282
292.1	527.313
292.2	527.343
292.3	527.374
292.4	527.404
292.5	527.435
292.6	527.465
292.7	527.496
292.8	527.526
292.9	527.557
293	527.587
293.1	527.617
293.2	527.648
293.3	527.678
293.4	527.709
293.5	527.739
293.6	527.769
293.7	527.8
293.8	527.83
293.9	527.86
294	527.891
294.1	527.921
294.2	527.951
294.3	527.982
294.4	528.012
294.5	528.042
294.6	528.073
294.7	528.103
294.8	528.133
294.9	528.164
295	528.194
295.1	528.224
295.2	528.254
295.3	528.285
295.4	528.315
295.5	528.345
295.6	528.375
295.7	528.406
295.8	528.436
295.9	528.466
296	528.496
296.1	528.526
296.2	528.557
296.3	528.587
296.4	528.617
296.5	528.647
296.6	528.677
296.7	528.707
296.8	528.737
296.9	528.768
297	528.798
297.1	528.828
297.2	528.858
297.3	528.888
297.4	528.918
297.5	528.948
297.6	528.978
297.7	529.008
297.8	529.038
297.9	529.068
298	529.098
298.1	529.128
298.2	529.158
298.3	529.188
298.4	529.218
298.5	529.248
298.6	529.278
298.7	529.308
298.8	529.338
298.9	529.368
299	529.398
299.1	529.428
299.2	529.458
299.3	529.488
299.4	529.518
299.5	529.548
299.6	529.578
299.7	529.608
299.8	529.638
299.9	529.668
300	529.697
