W	Pred
1.5	781.651
1.6	746.479
1.7	715.391
1.8	687.721
1.9	662.941
2	640.628
2.1	620.436
2.2	602.082
2.3	585.332
2.4	569.988
2.5	555.886
2.6	542.884
2.7	530.864
2.8	519.721
2.9	509.366
3	499.722
3.1	490.721
3.2	482.304
3.3	474.419
3.4	467.019
3.5	460.064
3.6	453.516
3.7	447.343
3.8	441.517
3.9	436.009
4	430.798
4.1	425.861
4.2	421.18
4.3	416.736
4.4	412.513
4.5	408.497
4.6	404.674
4.7	401.032
4.8	397.56
4.9	394.248
5	391.085
5.1	388.064
5.2	385.175
5.3	382.413
5.4	379.768
5.5	377.236
5.6	374.81
5.7	372.484
5.8	370.254
5.9	368.114
6	366.06
6.1	364.088
6.2	362.193
6.3	360.373
6.4	358.622
6.5	356.939
6.6	355.32
6.7	353.763
6.8	352.263
6.9	350.82
7	349.43
7.1	348.092
7.2	346.802
7.3	345.559
7.4	344.362
7.5	343.208
7.6	342.095
7.7	341.022
7.8	339.987
7.9	338.989
8	338.027
8.1	337.098
8.2	336.203
8.3	335.339
8.4	334.505
8.5	333.701
8.6	332.925
8.7	332.176
8.8	331.453
8.9	330.756
9	330.084
9.1	329.435
9.2	328.809
9.3	328.205
9.4	327.623
9.5	327.061
9.6	326.519
9.7	325.997
9.8	325.493
9.9	325.007
10	324.54
10.1	324.089
10.2	323.655
10.3	323.236
10.4	322.834
10.5	322.446
10.6	322.073
10.7	321.714
10.8	321.369
10.9	321.038
11	320.719
11.1	320.413
11.2	320.12
11.3	319.838
11.4	319.568
11.5	319.309
11.6	319.061
11.7	318.824
11.8	318.597
11.9	318.381
12	318.174
12.1	317.976
12.2	317.788
12.3	317.61
12.4	317.44
12.5	317.278
12.6	317.125
12.7	316.98
12.8	316.844
12.9	316.714
13	316.593
13.1	316.479
13.2	316.372
13.3	316.272
13.4	316.179
13.5	316.093
13.6	316.013
13.7	315.94
13.8	315.873
13.9	315.812
14	315.757
14.1	315.708
14.2	315.664
14.3	315.626
14.4	315.593
14.5	315.566
14.6	315.544
14.7	315.527
14.8	315.514
14.9	315.507
15	315.504
15.1	315.506
15.2	315.513
15.3	315.524
15.4	315.539
15.5	315.559
15.6	315.582
15.7	315.61
15.8	315.641
15.9	315.677
16	315.716
16.1	315.759
16.2	315.806
16.3	315.856
16.4	315.91
16.5	315.967
16.6	316.027
16.7	316.091
16.8	316.158
16.9	316.228
17	316.301
17.1	316.377
17.2	316.456
17.3	316.538
17.4	316.623
17.5	316.711
17.6	316.801
17.7	316.895
17.8	316.99
17.9	317.088
18	317.189
18.1	317.293
18.2	317.398
18.3	317.506
18.4	317.617
18.5	317.729
18.6	317.844
18.7	317.961
18.8	318.081
18.9	318.202
19	318.326
19.1	318.451
19.2	318.579
19.3	318.708
19.4	318.84
19.5	318.973
19.6	319.108
19.7	319.245
19.8	319.384
19.9	319.525
20	319.667
20.1	319.811
20.2	319.957
20.3	320.104
20.4	320.253
20.5	320.403
20.6	320.555
20.7	320.709
20.8	320.864
20.9	321.02
21	321.178
21.1	321.338
21.2	321.498
21.3	321.661
21.4	321.824
21.5	321.989
21.6	322.155
21.7	322.322
21.8	322.491
21.9	322.661
22	322.832
22.1	323.004
22.2	323.177
22.3	323.352
22.4	323.527
22.5	323.704
22.6	323.882
22.7	324.061
22.8	324.241
22.9	324.422
23	324.604
23.1	324.787
23.2	324.971
23.3	325.156
23.4	325.342
23.5	325.529
23.6	325.716
23.7	325.905
23.8	326.095
23.9	326.285
24	326.476
24.1	326.668
24.2	326.861
24.3	327.055
24.4	327.25
24.5	327.445
24.6	327.641
24.7	327.838
24.8	328.035
24.9	328.234
25	328.433
25.1	328.633
25.2	328.833
25.3	329.034
25.4	329.236
25.5	329.439
25.6	329.642
25.7	329.846
25.8	330.05
25.9	330.255
26	330.461
26.1	330.667
26.2	330.874
26.3	331.082
26.4	331.29
26.5	331.498
26.6	331.707
26.7	331.917
26.8	332.127
26.9	332.338
27	332.549
27.1	332.761
27.2	332.974
27.3	333.186
27.4	333.4
27.5	333.613
27.6	333.828
27.7	334.042
27.8	334.257
27.9	334.473
28	334.689
28.1	334.905
28.2	335.122
28.3	335.34
28.4	335.557
28.5	335.776
28.6	335.994
28.7	336.213
28.8	336.432
28.9	336.652
29	336.872
29.1	337.092
29.2	337.313
29.3	337.534
29.4	337.756
29.5	337.977
29.6	338.2
29.7	338.422
29.8	338.645
29.9	338.868
30	339.091
30.1	339.315
30.2	339.539
30.3	339.764
30.4	339.988
30.5	340.213
30.6	340.438
30.7	340.664
30.8	340.89
30.9	341.116
31	341.342
31.1	341.568
31.2	341.795
31.3	342.022
31.4	342.25
31.5	342.477
31.6	342.705
31.7	342.933
31.8	343.161
31.9	343.39
32	343.618
32.1	343.847
32.2	344.076
32.3	344.306
32.4	344.535
32.5	344.765
32.6	344.995
32.7	345.225
32.8	345.455
32.9	345.686
33	345.916
33.1	346.147
33.2	346.378
33.3	346.61
33.4	346.841
33.5	347.073
33.6	347.304
33.7	347.536
33.8	347.768
33.9	348
34	348.233
34.1	348.465
34.2	348.698
34.3	348.931
34.4	349.164
34.5	349.397
34.6	349.63
34.7	349.863
34.8	350.097
34.9	350.33
35	350.564
35.1	350.798
35.2	351.032
35.3	351.266
35.4	351.5
35.5	351.734
35.6	351.969
35.7	352.203
35.8	352.438
35.9	352.673
36	352.907
36.1	353.142
36.2	353.377
36.3	353.613
36.4	353.848
36.5	354.083
36.6	354.318
36.7	354.554
36.8	354.789
36.9	355.025
37	355.261
37.1	355.497
37.2	355.732
37.3	355.968
37.4	356.204
37.5	356.44
37.6	356.677
37.7	356.913
37.8	357.149
37.9	357.385
38	357.622
38.1	357.858
38.2	358.095
38.3	358.331
38.4	358.568
38.5	358.805
38.6	359.041
38.7	359.278
38.8	359.515
38.9	359.752
39	359.989
39.1	360.226
39.2	360.463
39.3	360.7
39.4	360.937
39.5	361.174
39.6	361.411
39.7	361.648
39.8	361.885
39.9	362.122
40	362.36
40.1	362.597
40.2	362.834
40.3	363.072
40.4	363.309
40.5	363.546
40.6	363.784
40.7	364.021
40.8	364.259
40.9	364.496
41	364.734
41.1	364.971
41.2	365.209
41.3	365.446
41.4	365.684
41.5	365.921
41.6	366.159
41.7	366.397
41.8	366.634
41.9	366.872
42	367.109
42.1	367.347
42.2	367.585
42.3	367.822
42.4	368.06
42.5	368.298
42.6	368.535
42.7	368.773
42.8	369.01
42.9	369.248
43	369.486
43.1	369.723
43.2	369.961
43.3	370.199
43.4	370.436
43.5	370.674
43.6	370.911
43.7	371.149
43.8	371.386
43.9	371.624
44	371.861
44.1	372.099
44.2	372.337
44.3	372.574
44.4	372.812
44.5	373.049
44.6	373.286
44.7	373.524
44.8	373.761
44.9	373.999
45	374.236
45.1	374.473
45.2	374.711
45.3	374.948
45.4	375.185
45.5	375.423
45.6	375.66
45.7	375.897
45.8	376.134
45.9	376.371
46	376.609
46.1	376.846
46.2	377.083
46.3	377.32
46.4	377.557
46.5	377.794
46.6	378.031
46.7	378.268
46.8	378.505
46.9	378.742
47	378.979
47.1	379.215
47.2	379.452
47.3	379.689
47.4	379.926
47.5	380.162
47.6	380.399
47.7	380.636
47.8	380.872
47.9	381.109
48	381.345
48.1	381.582
48.2	381.818
48.3	382.055
48.4	382.291
48.5	382.527
48.6	382.763
48.7	383
48.8	383.236
48.9	383.472
49	383.708
49.1	383.944
49.2	384.18
49.3	384.416
49.4	384.652
49.5	384.888
49.6	385.124
49.7	385.36
49.8	385.596
49.9	385.831
50	386.067
50.1	386.303
50.2	386.538
50.3	386.774
50.4	387.009
50.5	387.245
50.6	387.48
50.7	387.715
50.8	387.951
50.9	388.186
51	388.421
51.1	388.656
51.2	388.891
51.3	389.126
51.4	389.361
51.5	389.596
51.6	389.831
51.7	390.066
51.8	390.301
51.9	390.536
52	390.77
52.1	391.005
52.2	391.24
52.3	391.474
52.4	391.709
52.5	391.943
52.6	392.178
52.7	392.412
52.8	392.646
52.9	392.88
53	393.115
53.1	393.349
53.2	393.583
53.3	393.817
53.4	394.051
53.5	394.284
53.6	394.518
53.7	394.752
53.8	394.986
53.9	395.219
54	395.453
54.1	395.687
54.2	395.92
54.3	396.154
54.4	396.387
54.5	396.62
54.6	396.853
54.7	397.087
54.8	397.32
54.9	397.553
55	397.786
55.1	398.019
55.2	398.252
55.3	398.485
55.4	398.717
55.5	398.95
55.6	399.183
55.7	399.415
55.8	399.648
55.9	399.88
56	400.113
56.1	400.345
56.2	400.578
56.3	400.81
56.4	401.042
56.5	401.274
56.6	401.506
56.7	401.738
56.8	401.97
56.9	402.202
57	402.434
57.1	402.665
57.2	402.897
57.3	403.129
57.4	403.36
57.5	403.592
57.6	403.823
57.7	404.055
57.8	404.286
57.9	404.517
58	404.748
58.1	404.979
58.2	405.21
58.3	405.441
58.4	405.672
58.5	405.903
58.6	406.134
58.7	406.365
58.8	406.595
58.9	406.826
59	407.056
59.1	407.287
59.2	407.517
59.3	407.748
59.4	407.978
59.5	408.208
59.6	408.438
59.7	408.668
59.8	408.898
59.9	409.128
60	409.358
60.1	409.588
60.2	409.818
60.3	410.047
60.4	410.277
60.5	410.507
60.6	410.736
60.7	410.965
60.8	411.195
60.9	411.424
61	411.653
61.1	411.882
61.2	412.112
61.3	412.341
61.4	412.569
61.5	412.798
61.6	413.027
61.7	413.256
61.8	413.485
61.9	413.713
62	413.942
62.1	414.17
62.2	414.399
62.3	414.627
62.4	414.855
62.5	415.083
62.6	415.312
62.7	415.54
62.8	415.768
62.9	415.996
63	416.223
63.1	416.451
63.2	416.679
63.3	416.907
63.4	417.134
63.5	417.362
63.6	417.589
63.7	417.817
63.8	418.044
63.9	418.271
64	418.498
64.1	418.726
64.2	418.953
64.3	419.18
64.4	419.407
64.5	419.633
64.6	419.86
64.7	420.087
64.8	420.314
64.9	420.54
65	420.767
65.1	420.993
65.2	421.219
65.3	421.446
65.4	421.672
65.5	421.898
65.6	422.124
65.7	422.35
65.8	422.576
65.9	422.802
66	423.028
66.1	423.254
66.2	423.479
66.3	423.705
66.4	423.931
66.5	424.156
66.6	424.381
66.7	424.607
66.8	424.832
66.9	425.057
67	425.282
67.1	425.507
67.2	425.732
67.3	425.957
67.4	426.182
67.5	426.407
67.6	426.632
67.7	426.856
67.8	427.081
67.9	427.306
68	427.53
68.1	427.754
68.2	427.979
68.3	428.203
68.4	428.427
68.5	428.651
68.6	428.875
68.7	429.099
68.8	429.323
68.9	429.547
69	429.771
69.1	429.994
69.2	430.218
69.3	430.442
69.4	430.665
69.5	430.888
69.6	431.112
69.7	431.335
69.8	431.558
69.9	431.781
70	432.004
70.1	432.227
70.2	432.45
70.3	432.673
70.4	432.896
70.5	433.119
70.6	433.341
70.7	433.564
70.8	433.787
70.9	434.009
71	434.231
71.1	434.454
71.2	434.676
71.3	434.898
71.4	435.12
71.5	435.342
71.6	435.564
71.7	435.786
71.8	436.008
71.9	436.23
72	436.451
72.1	436.673
72.2	436.895
72.3	437.116
72.4	437.338
72.5	437.559
72.6	437.78
72.7	438.001
72.8	438.223
72.9	438.444
73	438.665
73.1	438.886
73.2	439.107
73.3	439.327
73.4	439.548
73.5	439.769
73.6	439.989
73.7	440.21
73.8	440.43
73.9	440.651
74	440.871
74.1	441.091
74.2	441.312
74.3	441.532
74.4	441.752
74.5	441.972
74.6	442.192
74.7	442.412
74.8	442.631
74.9	442.851
75	443.071
75.1	443.29
75.2	443.51
75.3	443.729
75.4	443.949
75.5	444.168
75.6	444.387
75.7	444.606
75.8	444.826
75.9	445.045
76	445.264
76.1	445.482
76.2	445.701
76.3	445.92
76.4	446.139
76.5	446.357
76.6	446.576
76.7	446.795
76.8	447.013
76.9	447.231
77	447.45
77.1	447.668
77.2	447.886
77.3	448.104
77.4	448.322
77.5	448.54
77.6	448.758
77.7	448.976
77.8	449.194
77.9	449.411
78	449.629
78.1	449.847
78.2	450.064
78.3	450.282
78.4	450.499
78.5	450.716
78.6	450.933
78.7	451.151
78.8	451.368
78.9	451.585
79	451.802
79.1	452.019
79.2	452.235
79.3	452.452
79.4	452.669
79.5	452.886
79.6	453.102
79.7	453.319
79.8	453.535
79.9	453.752
80	453.968
80.1	454.184
80.2	454.4
80.3	454.616
80.4	454.832
80.5	455.048
80.6	455.264
80.7	455.48
80.8	455.696
80.9	455.912
81	456.127
81.1	456.343
81.2	456.558
81.3	456.774
81.4	456.989
81.5	457.205
81.6	457.42
81.7	457.635
81.8	457.85
81.9	458.065
82	458.28
82.1	458.495
82.2	458.71
82.3	458.925
82.4	459.14
82.5	459.354
82.6	459.569
82.7	459.783
82.8	459.998
82.9	460.212
83	460.427
83.1	460.641
83.2	460.855
83.3	461.069
83.4	461.283
83.5	461.497
83.6	461.711
83.7	461.925
83.8	462.139
83.9	462.353
84	462.567
84.1	462.78
84.2	462.994
84.3	463.207
84.4	463.421
84.5	463.634
84.6	463.848
84.7	464.061
84.8	464.274
84.9	464.487
85	464.7
85.1	464.913
85.2	465.126
85.3	465.339
85.4	465.552
85.5	465.765
85.6	465.977
85.7	466.19
85.8	466.402
85.9	466.615
86	466.827
86.1	467.04
86.2	467.252
86.3	467.464
86.4	467.677
86.5	467.889
86.6	468.101
86.7	468.313
86.8	468.525
86.9	468.736
87	468.948
87.1	469.16
87.2	469.372
87.3	469.583
87.4	469.795
87.5	470.006
87.6	470.218
87.7	470.429
87.8	470.64
87.9	470.852
88	471.063
88.1	471.274
88.2	471.485
88.3	471.696
88.4	471.907
88.5	472.118
88.6	472.329
88.7	472.539
88.8	472.75
88.9	472.961
89	473.171
89.1	473.382
89.2	473.592
89.3	473.803
89.4	474.013
89.5	474.223
89.6	474.433
89.7	474.643
89.8	474.853
89.9	475.063
90	475.273
90.1	475.483
90.2	475.693
90.3	475.903
90.4	476.113
90.5	476.322
90.6	476.532
90.7	476.741
90.8	476.951
90.9	477.16
91	477.369
91.1	477.579
91.2	477.788
91.3	477.997
91.4	478.206
91.5	478.415
91.6	478.624
91.7	478.833
91.8	479.042
91.9	479.251
92	479.459
92.1	479.668
92.2	479.877
92.3	480.085
92.4	480.294
92.5	480.502
92.6	480.711
92.7	480.919
92.8	481.127
92.9	481.335
93	481.543
93.1	481.751
93.2	481.959
93.3	482.167
93.4	482.375
93.5	482.583
93.6	482.791
93.7	482.999
93.8	483.206
93.9	483.414
94	483.621
94.1	483.829
94.2	484.036
94.3	484.244
94.4	484.451
94.5	484.658
94.6	484.865
94.7	485.072
94.8	485.279
94.9	485.486
95	485.693
95.1	485.9
95.2	486.107
95.3	486.314
95.4	486.521
95.5	486.727
95.6	486.934
95.7	487.14
95.8	487.347
95.9	487.553
96	487.76
96.1	487.966
96.2	488.172
96.3	488.378
96.4	488.584
96.5	488.79
96.6	488.996
96.7	489.202
96.8	489.408
96.9	489.614
97	489.82
97.1	490.026
97.2	490.231
97.3	490.437
97.4	490.642
97.5	490.848
97.6	491.053
97.7	491.259
97.8	491.464
97.9	491.669
98	491.874
98.1	492.08
98.2	492.285
98.3	492.49
98.4	492.695
98.5	492.9
98.6	493.104
98.7	493.309
98.8	493.514
98.9	493.719
99	493.923
99.1	494.128
99.2	494.332
99.3	494.537
99.4	494.741
99.5	494.945
99.6	495.15
99.7	495.354
99.8	495.558
99.9	495.762
100	495.966
100.1	496.17
100.2	496.374
100.3	496.578
100.4	496.782
100.5	496.986
100.6	497.189
100.7	497.393
100.8	497.597
100.9	497.8
101	498.004
101.1	498.207
101.2	498.411
101.3	498.614
101.4	498.817
101.5	499.02
101.6	499.224
101.7	499.427
101.8	499.63
101.9	499.833
102	500.036
102.1	500.239
102.2	500.441
102.3	500.644
102.4	500.847
102.5	501.05
102.6	501.252
102.7	501.455
102.8	501.657
102.9	501.86
103	502.062
103.1	502.264
103.2	502.467
103.3	502.669
103.4	502.871
103.5	503.073
103.6	503.275
103.7	503.477
103.8	503.679
103.9	503.881
104	504.083
104.1	504.285
104.2	504.486
104.3	504.688
104.4	504.89
104.5	505.091
104.6	505.293
104.7	505.494
104.8	505.696
104.9	505.897
105	506.098
105.1	506.3
105.2	506.501
105.3	506.702
105.4	506.903
105.5	507.104
105.6	507.305
105.7	507.506
105.8	507.707
105.9	507.908
106	508.108
106.1	508.309
106.2	508.51
106.3	508.71
106.4	508.911
106.5	509.111
106.6	509.312
106.7	509.512
106.8	509.713
106.9	509.913
107	510.113
107.1	510.313
107.2	510.513
107.3	510.713
107.4	510.913
107.5	511.113
107.6	511.313
107.7	511.513
107.8	511.713
107.9	511.913
108	512.112
108.1	512.312
108.2	512.512
108.3	512.711
108.4	512.911
108.5	513.11
108.6	513.31
108.7	513.509
108.8	513.708
108.9	513.907
109	514.107
109.1	514.306
109.2	514.505
109.3	514.704
109.4	514.903
109.5	515.102
109.6	515.301
109.7	515.499
109.8	515.698
109.9	515.897
110	516.096
110.1	516.294
110.2	516.493
110.3	516.691
110.4	516.89
110.5	517.088
110.6	517.286
110.7	517.485
110.8	517.683
110.9	517.881
111	518.079
111.1	518.277
111.2	518.475
111.3	518.673
111.4	518.871
111.5	519.069
111.6	519.267
111.7	519.465
111.8	519.663
111.9	519.86
112	520.058
112.1	520.256
112.2	520.453
112.3	520.651
112.4	520.848
112.5	521.045
112.6	521.243
112.7	521.44
112.8	521.637
112.9	521.834
113	522.032
113.1	522.229
113.2	522.426
113.3	522.623
113.4	522.82
113.5	523.016
113.6	523.213
113.7	523.41
113.8	523.607
113.9	523.803
114	524
114.1	524.197
114.2	524.393
114.3	524.59
114.4	524.786
114.5	524.982
114.6	525.179
114.7	525.375
114.8	525.571
114.9	525.767
115	525.964
115.1	526.16
115.2	526.356
115.3	526.552
115.4	526.748
115.5	526.944
115.6	527.139
115.7	527.335
115.8	527.531
115.9	527.727
116	527.922
116.1	528.118
116.2	528.313
116.3	528.509
116.4	528.704
116.5	528.9
116.6	529.095
116.7	529.29
116.8	529.486
116.9	529.681
117	529.876
117.1	530.071
117.2	530.266
117.3	530.461
117.4	530.656
117.5	530.851
117.6	531.046
117.7	531.241
117.8	531.435
117.9	531.63
118	531.825
118.1	532.019
118.2	532.214
118.3	532.409
118.4	532.603
118.5	532.797
118.6	532.992
118.7	533.186
118.8	533.38
118.9	533.575
119	533.769
119.1	533.963
119.2	534.157
119.3	534.351
119.4	534.545
119.5	534.739
119.6	534.933
119.7	535.127
119.8	535.321
119.9	535.514
120	535.708
120.1	535.902
120.2	536.095
120.3	536.289
120.4	536.483
120.5	536.676
120.6	536.869
120.7	537.063
120.8	537.256
120.9	537.449
121	537.643
121.1	537.836
121.2	538.029
121.3	538.222
121.4	538.415
121.5	538.608
121.6	538.801
121.7	538.994
121.8	539.187
121.9	539.38
122	539.573
122.1	539.765
122.2	539.958
122.3	540.151
122.4	540.343
122.5	540.536
122.6	540.728
122.7	540.921
122.8	541.113
122.9	541.305
123	541.498
123.1	541.69
123.2	541.882
123.3	542.074
123.4	542.267
123.5	542.459
123.6	542.651
123.7	542.843
123.8	543.035
123.9	543.226
124	543.418
124.1	543.61
124.2	543.802
124.3	543.994
124.4	544.185
124.5	544.377
124.6	544.568
124.7	544.76
124.8	544.951
124.9	545.143
125	545.334
125.1	545.526
125.2	545.717
125.3	545.908
125.4	546.099
125.5	546.291
125.6	546.482
125.7	546.673
125.8	546.864
125.9	547.055
126	547.246
126.1	547.437
126.2	547.628
126.3	547.818
126.4	548.009
126.5	548.2
126.6	548.391
126.7	548.581
126.8	548.772
126.9	548.962
127	549.153
127.1	549.343
127.2	549.534
127.3	549.724
127.4	549.914
127.5	550.105
127.6	550.295
127.7	550.485
127.8	550.675
127.9	550.865
128	551.055
128.1	551.245
128.2	551.435
128.3	551.625
128.4	551.815
128.5	552.005
128.6	552.195
128.7	552.384
128.8	552.574
128.9	552.764
129	552.953
129.1	553.143
129.2	553.333
129.3	553.522
129.4	553.711
129.5	553.901
129.6	554.09
129.7	554.28
129.8	554.469
129.9	554.658
130	554.847
130.1	555.036
130.2	555.225
130.3	555.414
130.4	555.603
130.5	555.792
130.6	555.981
130.7	556.17
130.8	556.359
130.9	556.548
131	556.737
131.1	556.925
131.2	557.114
131.3	557.303
131.4	557.491
131.5	557.68
131.6	557.868
131.7	558.057
131.8	558.245
131.9	558.433
132	558.622
132.1	558.81
132.2	558.998
132.3	559.186
132.4	559.375
132.5	559.563
132.6	559.751
132.7	559.939
132.8	560.127
132.9	560.315
133	560.502
133.1	560.69
133.2	560.878
133.3	561.066
133.4	561.254
133.5	561.441
133.6	561.629
133.7	561.817
133.8	562.004
133.9	562.192
134	562.379
134.1	562.566
134.2	562.754
134.3	562.941
134.4	563.129
134.5	563.316
134.6	563.503
134.7	563.69
134.8	563.877
134.9	564.064
135	564.251
135.1	564.438
135.2	564.625
135.3	564.812
135.4	564.999
135.5	565.186
135.6	565.373
135.7	565.56
135.8	565.746
135.9	565.933
136	566.12
136.1	566.306
136.2	566.493
136.3	566.679
136.4	566.866
136.5	567.052
136.6	567.239
136.7	567.425
136.8	567.611
136.9	567.797
137	567.984
137.1	568.17
137.2	568.356
137.3	568.542
137.4	568.728
137.5	568.914
137.6	569.1
137.7	569.286
137.8	569.472
137.9	569.658
138	569.844
138.1	570.029
138.2	570.215
138.3	570.401
138.4	570.586
138.5	570.772
138.6	570.958
138.7	571.143
138.8	571.329
138.9	571.514
139	571.7
139.1	571.885
139.2	572.07
139.3	572.256
139.4	572.441
139.5	572.626
139.6	572.811
139.7	572.996
139.8	573.181
139.9	573.366
140	573.551
140.1	573.736
140.2	573.921
140.3	574.106
140.4	574.291
140.5	574.476
140.6	574.661
140.7	574.845
140.8	575.03
140.9	575.215
141	575.399
141.1	575.584
141.2	575.768
141.3	575.953
141.4	576.137
141.5	576.322
141.6	576.506
141.7	576.69
141.8	576.875
141.9	577.059
142	577.243
142.1	577.427
142.2	577.611
142.3	577.796
142.4	577.98
142.5	578.164
142.6	578.348
142.7	578.532
142.8	578.715
142.9	578.899
143	579.083
143.1	579.267
143.2	579.451
143.3	579.634
143.4	579.818
143.5	580.002
143.6	580.185
143.7	580.369
143.8	580.552
143.9	580.736
144	580.919
144.1	581.103
144.2	581.286
144.3	581.469
144.4	581.653
144.5	581.836
144.6	582.019
144.7	582.202
144.8	582.385
144.9	582.568
145	582.751
145.1	582.934
145.2	583.117
145.3	583.3
145.4	583.483
145.5	583.666
145.6	583.849
145.7	584.032
145.8	584.214
145.9	584.397
146	584.58
146.1	584.762
146.2	584.945
146.3	585.127
146.4	585.31
146.5	585.492
146.6	585.675
146.7	585.857
146.8	586.04
146.9	586.222
147	586.404
147.1	586.586
147.2	586.769
147.3	586.951
147.4	587.133
147.5	587.315
147.6	587.497
147.7	587.679
147.8	587.861
147.9	588.043
148	588.225
148.1	588.407
148.2	588.589
148.3	588.77
148.4	588.952
148.5	589.134
148.6	589.316
148.7	589.497
148.8	589.679
148.9	589.86
149	590.042
149.1	590.223
149.2	590.405
149.3	590.586
149.4	590.768
149.5	590.949
149.6	591.13
149.7	591.312
149.8	591.493
149.9	591.674
150	591.855
150.1	592.036
150.2	592.217
150.3	592.398
150.4	592.579
150.5	592.76
150.6	592.941
150.7	593.122
150.8	593.303
150.9	593.484
151	593.665
151.1	593.845
151.2	594.026
151.3	594.207
151.4	594.388
151.5	594.568
151.6	594.749
151.7	594.929
151.8	595.11
151.9	595.29
152	595.471
152.1	595.651
152.2	595.831
152.3	596.012
152.4	596.192
152.5	596.372
152.6	596.552
152.7	596.733
152.8	596.913
152.9	597.093
153	597.273
153.1	597.453
153.2	597.633
153.3	597.813
153.4	597.993
153.5	598.173
153.6	598.352
153.7	598.532
153.8	598.712
153.9	598.892
154	599.071
154.1	599.251
154.2	599.431
154.3	599.61
154.4	599.79
154.5	599.969
154.6	600.149
154.7	600.328
154.8	600.508
154.9	600.687
155	600.867
155.1	601.046
155.2	601.225
155.3	601.404
155.4	601.584
155.5	601.763
155.6	601.942
155.7	602.121
155.8	602.3
155.9	602.479
156	602.658
156.1	602.837
156.2	603.016
156.3	603.195
156.4	603.374
156.5	603.552
156.6	603.731
156.7	603.91
156.8	604.089
156.9	604.267
157	604.446
157.1	604.625
157.2	604.803
157.3	604.982
157.4	605.16
157.5	605.339
157.6	605.517
157.7	605.696
157.8	605.874
157.9	606.052
158	606.23
158.1	606.409
158.2	606.587
158.3	606.765
158.4	606.943
158.5	607.121
158.6	607.299
158.7	607.478
158.8	607.656
158.9	607.834
159	608.011
159.1	608.189
159.2	608.367
159.3	608.545
159.4	608.723
159.5	608.901
159.6	609.078
159.7	609.256
159.8	609.434
159.9	609.611
160	609.789
160.1	609.967
160.2	610.144
160.3	610.322
160.4	610.499
160.5	610.676
160.6	610.854
160.7	611.031
160.8	611.209
160.9	611.386
161	611.563
161.1	611.74
161.2	611.918
161.3	612.095
161.4	612.272
161.5	612.449
161.6	612.626
161.7	612.803
161.8	612.98
161.9	613.157
162	613.334
162.1	613.511
162.2	613.688
162.3	613.864
162.4	614.041
162.5	614.218
162.6	614.395
162.7	614.571
162.8	614.748
162.9	614.925
163	615.101
163.1	615.278
163.2	615.454
163.3	615.631
163.4	615.807
163.5	615.984
163.6	616.16
163.7	616.336
163.8	616.513
163.9	616.689
164	616.865
164.1	617.041
164.2	617.218
164.3	617.394
164.4	617.57
164.5	617.746
164.6	617.922
164.7	618.098
164.8	618.274
164.9	618.45
165	618.626
165.1	618.802
165.2	618.977
165.3	619.153
165.4	619.329
165.5	619.505
165.6	619.681
165.7	619.856
165.8	620.032
165.9	620.208
166	620.383
166.1	620.559
166.2	620.734
166.3	620.91
166.4	621.085
166.5	621.261
166.6	621.436
166.7	621.611
166.8	621.787
166.9	621.962
167	622.137
167.1	622.312
167.2	622.488
167.3	622.663
167.4	622.838
167.5	623.013
167.6	623.188
167.7	623.363
167.8	623.538
167.9	623.713
168	623.888
168.1	624.063
168.2	624.238
168.3	624.413
168.4	624.587
168.5	624.762
168.6	624.937
168.7	625.112
168.8	625.286
168.9	625.461
169	625.636
169.1	625.81
169.2	625.985
169.3	626.159
169.4	626.334
169.5	626.508
169.6	626.683
169.7	626.857
169.8	627.031
169.9	627.206
170	627.38
170.1	627.554
170.2	627.728
170.3	627.903
170.4	628.077
170.5	628.251
170.6	628.425
170.7	628.599
170.8	628.773
170.9	628.947
171	629.121
171.1	629.295
171.2	629.469
171.3	629.643
171.4	629.817
171.5	629.991
171.6	630.164
171.7	630.338
171.8	630.512
171.9	630.686
172	630.859
172.1	631.033
172.2	631.206
172.3	631.38
172.4	631.554
172.5	631.727
172.6	631.901
172.7	632.074
172.8	632.247
172.9	632.421
173	632.594
173.1	632.767
173.2	632.941
173.3	633.114
173.4	633.287
173.5	633.46
173.6	633.634
173.7	633.807
173.8	633.98
173.9	634.153
174	634.326
174.1	634.499
174.2	634.672
174.3	634.845
174.4	635.018
174.5	635.191
174.6	635.363
174.7	635.536
174.8	635.709
174.9	635.882
175	636.055
175.1	636.227
175.2	636.4
175.3	636.573
175.4	636.745
175.5	636.918
175.6	637.09
175.7	637.263
175.8	637.435
175.9	637.608
176	637.78
176.1	637.953
176.2	638.125
176.3	638.297
176.4	638.47
176.5	638.642
176.6	638.814
176.7	638.986
176.8	639.158
176.9	639.331
177	639.503
177.1	639.675
177.2	639.847
177.3	640.019
177.4	640.191
177.5	640.363
177.6	640.535
177.7	640.707
177.8	640.879
177.9	641.05
178	641.222
178.1	641.394
178.2	641.566
178.3	641.737
178.4	641.909
178.5	642.081
178.6	642.252
178.7	642.424
178.8	642.596
178.9	642.767
179	642.939
179.1	643.11
179.2	643.282
179.3	643.453
179.4	643.624
179.5	643.796
179.6	643.967
179.7	644.138
179.8	644.31
179.9	644.481
180	644.652
180.1	644.823
180.2	644.995
180.3	645.166
180.4	645.337
180.5	645.508
180.6	645.679
180.7	645.85
180.8	646.021
180.9	646.192
181	646.363
181.1	646.534
181.2	646.705
181.3	646.875
181.4	647.046
181.5	647.217
181.6	647.388
181.7	647.558
181.8	647.729
181.9	647.9
182	648.07
182.1	648.241
182.2	648.412
182.3	648.582
182.4	648.753
182.5	648.923
182.6	649.094
182.7	649.264
182.8	649.434
182.9	649.605
183	649.775
183.1	649.945
183.2	650.116
183.3	650.286
183.4	650.456
183.5	650.626
183.6	650.796
183.7	650.967
183.8	651.137
183.9	651.307
184	651.477
184.1	651.647
184.2	651.817
184.3	651.987
184.4	652.157
184.5	652.327
184.6	652.496
184.7	652.666
184.8	652.836
184.9	653.006
185	653.176
185.1	653.345
185.2	653.515
185.3	653.685
185.4	653.854
185.5	654.024
185.6	654.194
185.7	654.363
185.8	654.533
185.9	654.702
186	654.872
186.1	655.041
186.2	655.21
186.3	655.38
186.4	655.549
186.5	655.719
186.6	655.888
186.7	656.057
186.8	656.226
186.9	656.396
187	656.565
187.1	656.734
187.2	656.903
187.3	657.072
187.4	657.241
187.5	657.41
187.6	657.579
187.7	657.748
187.8	657.917
187.9	658.086
188	658.255
188.1	658.424
188.2	658.593
188.3	658.762
188.4	658.93
188.5	659.099
188.6	659.268
188.7	659.437
188.8	659.605
188.9	659.774
189	659.943
189.1	660.111
189.2	660.28
189.3	660.448
189.4	660.617
189.5	660.785
189.6	660.954
189.7	661.122
189.8	661.291
189.9	661.459
190	661.627
190.1	661.796
190.2	661.964
190.3	662.132
190.4	662.3
190.5	662.469
190.6	662.637
190.7	662.805
190.8	662.973
190.9	663.141
191	663.309
191.1	663.477
191.2	663.645
191.3	663.813
191.4	663.981
191.5	664.149
191.6	664.317
191.7	664.485
191.8	664.653
191.9	664.821
192	664.988
192.1	665.156
192.2	665.324
192.3	665.492
192.4	665.659
192.5	665.827
192.6	665.995
192.7	666.162
192.8	666.33
192.9	666.497
193	666.665
193.1	666.832
193.2	667
193.3	667.167
193.4	667.335
193.5	667.502
193.6	667.669
193.7	667.837
193.8	668.004
193.9	668.171
194	668.338
194.1	668.506
194.2	668.673
194.3	668.84
194.4	669.007
194.5	669.174
194.6	669.341
194.7	669.508
194.8	669.675
194.9	669.842
195	670.009
195.1	670.176
195.2	670.343
195.3	670.51
195.4	670.677
195.5	670.844
195.6	671.011
195.7	671.178
195.8	671.344
195.9	671.511
196	671.678
196.1	671.844
196.2	672.011
196.3	672.178
196.4	672.344
196.5	672.511
196.6	672.677
196.7	672.844
196.8	673.01
196.9	673.177
197	673.343
197.1	673.51
197.2	673.676
197.3	673.843
197.4	674.009
197.5	674.175
197.6	674.341
197.7	674.508
197.8	674.674
197.9	674.84
198	675.006
198.1	675.172
198.2	675.339
198.3	675.505
198.4	675.671
198.5	675.837
198.6	676.003
198.7	676.169
198.8	676.335
198.9	676.501
199	676.667
199.1	676.833
199.2	676.998
199.3	677.164
199.4	677.33
199.5	677.496
199.6	677.662
199.7	677.827
199.8	677.993
199.9	678.159
200	678.324
200.1	678.49
200.2	678.656
200.3	678.821
200.4	678.987
200.5	679.152
200.6	679.318
200.7	679.483
200.8	679.649
200.9	679.814
201	679.979
201.1	680.145
201.2	680.31
201.3	680.475
201.4	680.641
201.5	680.806
201.6	680.971
201.7	681.137
201.8	681.302
201.9	681.467
202	681.632
202.1	681.797
202.2	681.962
202.3	682.127
202.4	682.292
202.5	682.457
202.6	682.622
202.7	682.787
202.8	682.952
202.9	683.117
203	683.282
203.1	683.447
203.2	683.612
203.3	683.776
203.4	683.941
203.5	684.106
203.6	684.271
203.7	684.435
203.8	684.6
203.9	684.765
204	684.929
204.1	685.094
204.2	685.258
204.3	685.423
204.4	685.588
204.5	685.752
204.6	685.917
204.7	686.081
204.8	686.245
204.9	686.41
205	686.574
205.1	686.739
205.2	686.903
205.3	687.067
205.4	687.231
205.5	687.396
205.6	687.56
205.7	687.724
205.8	687.888
205.9	688.052
206	688.216
206.1	688.381
206.2	688.545
206.3	688.709
206.4	688.873
206.5	689.037
206.6	689.201
206.7	689.365
206.8	689.529
206.9	689.692
207	689.856
207.1	690.02
207.2	690.184
207.3	690.348
207.4	690.512
207.5	690.675
207.6	690.839
207.7	691.003
207.8	691.166
207.9	691.33
208	691.494
208.1	691.657
208.2	691.821
208.3	691.984
208.4	692.148
208.5	692.311
208.6	692.475
208.7	692.638
208.8	692.802
208.9	692.965
209	693.128
209.1	693.292
209.2	693.455
209.3	693.618
209.4	693.782
209.5	693.945
209.6	694.108
209.7	694.271
209.8	694.435
209.9	694.598
210	694.761
210.1	694.924
210.2	695.087
210.3	695.25
210.4	695.413
210.5	695.576
210.6	695.739
210.7	695.902
210.8	696.065
210.9	696.228
211	696.391
211.1	696.554
211.2	696.716
211.3	696.879
211.4	697.042
211.5	697.205
211.6	697.368
211.7	697.53
211.8	697.693
211.9	697.856
212	698.018
212.1	698.181
212.2	698.343
212.3	698.506
212.4	698.669
212.5	698.831
212.6	698.994
212.7	699.156
212.8	699.318
212.9	699.481
213	699.643
213.1	699.806
213.2	699.968
213.3	700.13
213.4	700.293
213.5	700.455
213.6	700.617
213.7	700.779
213.8	700.942
213.9	701.104
214	701.266
214.1	701.428
214.2	701.59
214.3	701.752
214.4	701.914
214.5	702.076
214.6	702.238
214.7	702.4
214.8	702.562
214.9	702.724
215	702.886
215.1	703.048
215.2	703.21
215.3	703.372
215.4	703.534
215.5	703.695
215.6	703.857
215.7	704.019
215.8	704.181
215.9	704.342
216	704.504
216.1	704.666
216.2	704.827
216.3	704.989
216.4	705.151
216.5	705.312
216.6	705.474
216.7	705.635
216.8	705.797
216.9	705.958
217	706.12
217.1	706.281
217.2	706.442
217.3	706.604
217.4	706.765
217.5	706.927
217.6	707.088
217.7	707.249
217.8	707.41
217.9	707.572
218	707.733
218.1	707.894
218.2	708.055
218.3	708.216
218.4	708.377
218.5	708.539
218.6	708.7
218.7	708.861
218.8	709.022
218.9	709.183
219	709.344
219.1	709.505
219.2	709.666
219.3	709.826
219.4	709.987
219.5	710.148
219.6	710.309
219.7	710.47
219.8	710.631
219.9	710.791
220	710.952
220.1	711.113
220.2	711.274
220.3	711.434
220.4	711.595
220.5	711.756
220.6	711.916
220.7	712.077
220.8	712.237
220.9	712.398
221	712.558
221.1	712.719
221.2	712.879
221.3	713.04
221.4	713.2
221.5	713.361
221.6	713.521
221.7	713.681
221.8	713.842
221.9	714.002
222	714.162
222.1	714.323
222.2	714.483
222.3	714.643
222.4	714.803
222.5	714.963
222.6	715.124
222.7	715.284
222.8	715.444
222.9	715.604
223	715.764
223.1	715.924
223.2	716.084
223.3	716.244
223.4	716.404
223.5	716.564
223.6	716.724
223.7	716.884
223.8	717.044
223.9	717.204
224	717.363
224.1	717.523
224.2	717.683
224.3	717.843
224.4	718.002
224.5	718.162
224.6	718.322
224.7	718.482
224.8	718.641
224.9	718.801
225	718.96
225.1	719.12
225.2	719.28
225.3	719.439
225.4	719.599
225.5	719.758
225.6	719.918
225.7	720.077
225.8	720.237
225.9	720.396
226	720.555
226.1	720.715
226.2	720.874
226.3	721.033
226.4	721.193
226.5	721.352
226.6	721.511
226.7	721.67
226.8	721.83
226.9	721.989
227	722.148
227.1	722.307
227.2	722.466
227.3	722.625
227.4	722.784
227.5	722.943
227.6	723.102
227.7	723.262
227.8	723.42
227.9	723.579
228	723.738
228.1	723.897
228.2	724.056
228.3	724.215
228.4	724.374
228.5	724.533
228.6	724.692
228.7	724.85
228.8	725.009
228.9	725.168
229	725.327
229.1	725.485
229.2	725.644
229.3	725.803
229.4	725.961
229.5	726.12
229.6	726.278
229.7	726.437
229.8	726.596
229.9	726.754
230	726.913
230.1	727.071
230.2	727.23
230.3	727.388
230.4	727.546
230.5	727.705
230.6	727.863
230.7	728.022
230.8	728.18
230.9	728.338
231	728.496
231.1	728.655
231.2	728.813
231.3	728.971
231.4	729.129
231.5	729.288
231.6	729.446
231.7	729.604
231.8	729.762
231.9	729.92
232	730.078
232.1	730.236
232.2	730.394
232.3	730.552
232.4	730.71
232.5	730.868
232.6	731.026
232.7	731.184
232.8	731.342
232.9	731.5
233	731.658
233.1	731.816
233.2	731.973
233.3	732.131
233.4	732.289
233.5	732.447
233.6	732.604
233.7	732.762
233.8	732.92
233.9	733.077
234	733.235
234.1	733.393
234.2	733.55
234.3	733.708
234.4	733.865
234.5	734.023
234.6	734.18
234.7	734.338
234.8	734.495
234.9	734.653
235	734.81
235.1	734.968
235.2	735.125
235.3	735.282
235.4	735.44
235.5	735.597
235.6	735.754
235.7	735.912
235.8	736.069
235.9	736.226
236	736.383
236.1	736.541
236.2	736.698
236.3	736.855
236.4	737.012
236.5	737.169
236.6	737.326
236.7	737.483
236.8	737.64
236.9	737.797
237	737.954
237.1	738.111
237.2	738.268
237.3	738.425
237.4	738.582
237.5	738.739
237.6	738.896
237.7	739.053
237.8	739.21
237.9	739.367
238	739.523
238.1	739.68
238.2	739.837
238.3	739.994
238.4	740.15
238.5	740.307
238.6	740.464
238.7	740.62
238.8	740.777
238.9	740.934
239	741.09
239.1	741.247
239.2	741.403
239.3	741.56
239.4	741.716
239.5	741.873
239.6	742.029
239.7	742.186
239.8	742.342
239.9	742.499
240	742.655
240.1	742.811
240.2	742.968
240.3	743.124
240.4	743.28
240.5	743.437
240.6	743.593
240.7	743.749
240.8	743.905
240.9	744.061
241	744.218
241.1	744.374
241.2	744.53
241.3	744.686
241.4	744.842
241.5	744.998
241.6	745.154
241.7	745.31
241.8	745.466
241.9	745.622
242	745.778
242.1	745.934
242.2	746.09
242.3	746.246
242.4	746.402
242.5	746.558
242.6	746.714
242.7	746.87
242.8	747.025
242.9	747.181
243	747.337
243.1	747.493
243.2	747.648
243.3	747.804
243.4	747.96
243.5	748.115
243.6	748.271
243.7	748.427
243.8	748.582
243.9	748.738
244	748.893
244.1	749.049
244.2	749.205
244.3	749.36
244.4	749.516
244.5	749.671
244.6	749.826
244.7	749.982
244.8	750.137
244.9	750.293
245	750.448
245.1	750.603
245.2	750.759
245.3	750.914
245.4	751.069
245.5	751.225
245.6	751.38
245.7	751.535
245.8	751.69
245.9	751.845
246	752.001
246.1	752.156
246.2	752.311
246.3	752.466
246.4	752.621
246.5	752.776
246.6	752.931
246.7	753.086
246.8	753.241
246.9	753.396
247	753.551
247.1	753.706
247.2	753.861
247.3	754.016
247.4	754.171
247.5	754.326
247.6	754.48
247.7	754.635
247.8	754.79
247.9	754.945
248	755.1
248.1	755.254
248.2	755.409
248.3	755.564
248.4	755.718
248.5	755.873
248.6	756.028
248.7	756.182
248.8	756.337
248.9	756.492
249	756.646
249.1	756.801
249.2	756.955
249.3	757.11
249.4	757.264
249.5	757.419
249.6	757.573
249.7	757.728
249.8	757.882
249.9	758.036
250	758.191
250.1	758.345
250.2	758.499
250.3	758.654
250.4	758.808
250.5	758.962
250.6	759.117
250.7	759.271
250.8	759.425
250.9	759.579
251	759.733
251.1	759.888
251.2	760.042
251.3	760.196
251.4	760.35
251.5	760.504
251.6	760.658
251.7	760.812
251.8	760.966
251.9	761.12
252	761.274
252.1	761.428
252.2	761.582
252.3	761.736
252.4	761.89
252.5	762.044
252.6	762.198
252.7	762.351
252.8	762.505
252.9	762.659
253	762.813
253.1	762.967
253.2	763.12
253.3	763.274
253.4	763.428
253.5	763.582
253.6	763.735
253.7	763.889
253.8	764.043
253.9	764.196
254	764.35
254.1	764.503
254.2	764.657
254.3	764.81
254.4	764.964
254.5	765.117
254.6	765.271
254.7	765.424
254.8	765.578
254.9	765.731
255	765.885
255.1	766.038
255.2	766.191
255.3	766.345
255.4	766.498
255.5	766.651
255.6	766.805
255.7	766.958
255.8	767.111
255.9	767.264
256	767.418
256.1	767.571
256.2	767.724
256.3	767.877
256.4	768.03
256.5	768.183
256.6	768.337
256.7	768.49
256.8	768.643
256.9	768.796
257	768.949
257.1	769.102
257.2	769.255
257.3	769.408
257.4	769.561
257.5	769.714
257.6	769.867
257.7	770.019
257.8	770.172
257.9	770.325
258	770.478
258.1	770.631
258.2	770.784
258.3	770.936
258.4	771.089
258.5	771.242
258.6	771.395
258.7	771.547
258.8	771.7
258.9	771.853
259	772.005
259.1	772.158
259.2	772.311
259.3	772.463
259.4	772.616
259.5	772.768
259.6	772.921
259.7	773.073
259.8	773.226
259.9	773.378
260	773.531
260.1	773.683
260.2	773.836
260.3	773.988
260.4	774.14
260.5	774.293
260.6	774.445
260.7	774.598
260.8	774.75
260.9	774.902
261	775.054
261.1	775.207
261.2	775.359
261.3	775.511
261.4	775.663
261.5	775.816
261.6	775.968
261.7	776.12
261.8	776.272
261.9	776.424
262	776.576
262.1	776.728
262.2	776.88
262.3	777.032
262.4	777.184
262.5	777.336
262.6	777.488
262.7	777.64
262.8	777.792
262.9	777.944
263	778.096
263.1	778.248
263.2	778.4
263.3	778.552
263.4	778.704
263.5	778.855
263.6	779.007
263.7	779.159
263.8	779.311
263.9	779.462
264	779.614
264.1	779.766
264.2	779.918
264.3	780.069
264.4	780.221
264.5	780.373
264.6	780.524
264.7	780.676
264.8	780.827
264.9	780.979
265	781.13
265.1	781.282
265.2	781.433
265.3	781.585
265.4	781.736
265.5	781.888
265.6	782.039
265.7	782.191
265.8	782.342
265.9	782.494
266	782.645
266.1	782.796
266.2	782.948
266.3	783.099
266.4	783.25
266.5	783.401
266.6	783.553
266.7	783.704
266.8	783.855
266.9	784.006
267	784.158
267.1	784.309
267.2	784.46
267.3	784.611
267.4	784.762
267.5	784.913
267.6	785.064
267.7	785.215
267.8	785.366
267.9	785.517
268	785.668
268.1	785.819
268.2	785.97
268.3	786.121
268.4	786.272
268.5	786.423
268.6	786.574
268.7	786.725
268.8	786.876
268.9	787.027
269	787.177
269.1	787.328
269.2	787.479
269.3	787.63
269.4	787.781
269.5	787.931
269.6	788.082
269.7	788.233
269.8	788.383
269.9	788.534
270	788.685
270.1	788.835
270.2	788.986
270.3	789.137
270.4	789.287
270.5	789.438
270.6	789.588
270.7	789.739
270.8	789.889
270.9	790.04
271	790.19
271.1	790.341
271.2	790.491
271.3	790.642
271.4	790.792
271.5	790.942
271.6	791.093
271.7	791.243
271.8	791.393
271.9	791.544
272	791.694
272.1	791.844
272.2	791.995
272.3	792.145
272.4	792.295
272.5	792.445
272.6	792.595
272.7	792.746
272.8	792.896
272.9	793.046
273	793.196
273.1	793.346
273.2	793.496
273.3	793.646
273.4	793.796
273.5	793.946
273.6	794.096
273.7	794.246
273.8	794.396
273.9	794.546
274	794.696
274.1	794.846
274.2	794.996
274.3	795.146
274.4	795.296
274.5	795.446
274.6	795.596
274.7	795.745
274.8	795.895
274.9	796.045
275	796.195
275.1	796.345
275.2	796.494
275.3	796.644
275.4	796.794
275.5	796.943
275.6	797.093
275.7	797.243
275.8	797.392
275.9	797.542
276	797.692
276.1	797.841
276.2	797.991
276.3	798.14
276.4	798.29
276.5	798.439
276.6	798.589
276.7	798.738
276.8	798.888
276.9	799.037
277	799.187
277.1	799.336
277.2	799.485
277.3	799.635
277.4	799.784
277.5	799.933
277.6	800.083
277.7	800.232
277.8	800.381
277.9	800.531
278	800.68
278.1	800.829
278.2	800.978
278.3	801.128
278.4	801.277
278.5	801.426
278.6	801.575
278.7	801.724
278.8	801.873
278.9	802.023
279	802.172
279.1	802.321
279.2	802.47
279.3	802.619
279.4	802.768
279.5	802.917
279.6	803.066
279.7	803.215
279.8	803.364
279.9	803.513
280	803.662
280.1	803.81
280.2	803.959
280.3	804.108
280.4	804.257
280.5	804.406
280.6	804.555
280.7	804.704
280.8	804.852
280.9	805.001
281	805.15
281.1	805.299
281.2	805.447
281.3	805.596
281.4	805.745
281.5	805.893
281.6	806.042
281.7	806.191
281.8	806.339
281.9	806.488
282	806.636
282.1	806.785
282.2	806.934
282.3	807.082
282.4	807.231
282.5	807.379
282.6	807.528
282.7	807.676
282.8	807.824
282.9	807.973
283	808.121
283.1	808.27
283.2	808.418
283.3	808.566
283.4	808.715
283.5	808.863
283.6	809.011
283.7	809.16
283.8	809.308
283.9	809.456
284	809.605
284.1	809.753
284.2	809.901
284.3	810.049
284.4	810.197
284.5	810.346
284.6	810.494
284.7	810.642
284.8	810.79
284.9	810.938
285	811.086
285.1	811.234
285.2	811.382
285.3	811.53
285.4	811.678
285.5	811.826
285.6	811.974
285.7	812.122
285.8	812.27
285.9	812.418
286	812.566
286.1	812.714
286.2	812.862
286.3	813.01
286.4	813.158
286.5	813.305
286.6	813.453
286.7	813.601
286.8	813.749
286.9	813.897
287	814.044
287.1	814.192
287.2	814.34
287.3	814.488
287.4	814.635
287.5	814.783
287.6	814.931
287.7	815.078
287.8	815.226
287.9	815.373
288	815.521
288.1	815.669
288.2	815.816
288.3	815.964
288.4	816.111
288.5	816.259
288.6	816.406
288.7	816.554
288.8	816.701
288.9	816.849
289	816.996
289.1	817.144
289.2	817.291
289.3	817.438
289.4	817.586
289.5	817.733
289.6	817.88
289.7	818.028
289.8	818.175
289.9	818.322
290	818.47
290.1	818.617
290.2	818.764
290.3	818.911
290.4	819.058
290.5	819.206
290.6	819.353
290.7	819.5
290.8	819.647
290.9	819.794
291	819.941
291.1	820.088
291.2	820.236
291.3	820.383
291.4	820.53
291.5	820.677
291.6	820.824
291.7	820.971
291.8	821.118
291.9	821.265
292	821.412
292.1	821.558
292.2	821.705
292.3	821.852
292.4	821.999
292.5	822.146
292.6	822.293
292.7	822.44
292.8	822.587
292.9	822.733
293	822.88
293.1	823.027
293.2	823.174
293.3	823.32
293.4	823.467
293.5	823.614
293.6	823.761
293.7	823.907
293.8	824.054
293.9	824.201
294	824.347
294.1	824.494
294.2	824.64
294.3	824.787
294.4	824.934
294.5	825.08
294.6	825.227
294.7	825.373
294.8	825.52
294.9	825.666
295	825.813
295.1	825.959
295.2	826.106
295.3	826.252
295.4	826.398
295.5	826.545
295.6	826.691
295.7	826.837
295.8	826.984
295.9	827.13
296	827.276
296.1	827.423
296.2	827.569
296.3	827.715
296.4	827.862
296.5	828.008
296.6	828.154
296.7	828.3
296.8	828.446
296.9	828.593
297	828.739
297.1	828.885
297.2	829.031
297.3	829.177
297.4	829.323
297.5	829.469
297.6	829.615
297.7	829.761
297.8	829.907
297.9	830.054
298	830.2
298.1	830.345
298.2	830.491
298.3	830.637
298.4	830.783
298.5	830.929
298.6	831.075
298.7	831.221
298.8	831.367
298.9	831.513
299	831.659
299.1	831.805
299.2	831.95
299.3	832.096
299.4	832.242
299.5	832.388
299.6	832.533
299.7	832.679
299.8	832.825
299.9	832.971
300	833.116
