W	Pred
1.5	462.757
1.6	451.305
1.7	441.281
1.8	432.448
1.9	424.618
2	417.64
2.1	411.392
2.2	405.772
2.3	400.7
2.4	396.105
2.5	391.929
2.6	388.123
2.7	384.646
2.8	381.46
2.9	378.537
3	375.848
3.1	373.37
3.2	371.083
3.3	368.969
3.4	367.013
3.5	365.199
3.6	363.516
3.7	361.953
3.8	360.499
3.9	359.147
4	357.887
4.1	356.714
4.2	355.619
4.3	354.598
4.4	353.645
4.5	352.755
4.6	351.924
4.7	351.148
4.8	350.423
4.9	349.746
5	349.113
5.1	348.522
5.2	347.97
5.3	347.455
5.4	346.975
5.5	346.527
5.6	346.109
5.7	345.72
5.8	345.358
5.9	345.022
6	344.709
6.1	344.42
6.2	344.152
6.3	343.904
6.4	343.676
6.5	343.465
6.6	343.273
6.7	343.096
6.8	342.935
6.9	342.789
7	342.657
7.1	342.538
7.2	342.432
7.3	342.338
7.4	342.256
7.5	342.184
7.6	342.123
7.7	342.072
7.8	342.031
7.9	341.998
8	341.974
8.1	341.959
8.2	341.951
8.3	341.951
8.4	341.958
8.5	341.972
8.6	341.992
8.7	342.019
8.8	342.051
8.9	342.09
9	342.134
9.1	342.183
9.2	342.237
9.3	342.297
9.4	342.36
9.5	342.429
9.6	342.501
9.7	342.578
9.8	342.658
9.9	342.742
10	342.83
10.1	342.922
10.2	343.016
10.3	343.114
10.4	343.215
10.5	343.319
10.6	343.425
10.7	343.534
10.8	343.646
10.9	343.761
11	343.877
11.1	343.996
11.2	344.118
11.3	344.241
11.4	344.366
11.5	344.494
11.6	344.623
11.7	344.754
11.8	344.886
11.9	345.021
12	345.157
12.1	345.294
12.2	345.433
12.3	345.573
12.4	345.715
12.5	345.858
12.6	346.002
12.7	346.147
12.8	346.294
12.9	346.441
13	346.59
13.1	346.74
13.2	346.89
13.3	347.042
13.4	347.194
13.5	347.347
13.6	347.501
13.7	347.656
13.8	347.812
13.9	347.968
14	348.125
14.1	348.282
14.2	348.44
14.3	348.599
14.4	348.758
14.5	348.918
14.6	349.078
14.7	349.239
14.8	349.4
14.9	349.562
15	349.724
15.1	349.887
15.2	350.05
15.3	350.213
15.4	350.376
15.5	350.54
15.6	350.704
15.7	350.869
15.8	351.033
15.9	351.198
16	351.363
16.1	351.529
16.2	351.694
16.3	351.86
16.4	352.026
16.5	352.192
16.6	352.358
16.7	352.524
16.8	352.69
16.9	352.857
17	353.023
17.1	353.19
17.2	353.357
17.3	353.523
17.4	353.69
17.5	353.857
17.6	354.024
17.7	354.191
17.8	354.358
17.9	354.525
18	354.692
18.1	354.858
18.2	355.025
18.3	355.192
18.4	355.359
18.5	355.526
18.6	355.692
18.7	355.859
18.8	356.026
18.9	356.192
19	356.359
19.1	356.525
19.2	356.691
19.3	356.857
19.4	357.023
19.5	357.189
19.6	357.355
19.7	357.521
19.8	357.687
19.9	357.852
20	358.017
20.1	358.183
20.2	358.348
20.3	358.513
20.4	358.677
20.5	358.842
20.6	359.007
20.7	359.171
20.8	359.335
20.9	359.499
21	359.663
21.1	359.827
21.2	359.99
21.3	360.154
21.4	360.317
21.5	360.48
21.6	360.643
21.7	360.805
21.8	360.968
21.9	361.13
22	361.292
22.1	361.454
22.2	361.616
22.3	361.777
22.4	361.939
22.5	362.1
22.6	362.261
22.7	362.421
22.8	362.582
22.9	362.742
23	362.902
23.1	363.062
23.2	363.222
23.3	363.381
23.4	363.541
23.5	363.7
23.6	363.858
23.7	364.017
23.8	364.175
23.9	364.334
24	364.491
24.1	364.649
24.2	364.807
24.3	364.964
24.4	365.121
24.5	365.278
24.6	365.434
24.7	365.591
24.8	365.747
24.9	365.903
25	366.059
25.1	366.214
25.2	366.369
25.3	366.524
25.4	366.679
25.5	366.834
25.6	366.988
25.7	367.142
25.8	367.296
25.9	367.449
26	367.603
26.1	367.756
26.2	367.909
26.3	368.062
26.4	368.214
26.5	368.366
26.6	368.518
26.7	368.67
26.8	368.822
26.9	368.973
27	369.124
27.1	369.275
27.2	369.425
27.3	369.576
27.4	369.726
27.5	369.876
27.6	370.025
27.7	370.175
27.8	370.324
27.9	370.473
28	370.622
28.1	370.77
28.2	370.918
28.3	371.066
28.4	371.214
28.5	371.362
28.6	371.509
28.7	371.656
28.8	371.803
28.9	371.95
29	372.096
29.1	372.242
29.2	372.388
29.3	372.534
29.4	372.679
29.5	372.824
29.6	372.969
29.7	373.114
29.8	373.259
29.9	373.403
30	373.547
30.1	373.691
30.2	373.835
30.3	373.978
30.4	374.121
30.5	374.264
30.6	374.407
30.7	374.549
30.8	374.691
30.9	374.833
31	374.975
31.1	375.117
31.2	375.258
31.3	375.399
31.4	375.54
31.5	375.681
31.6	375.821
31.7	375.962
31.8	376.102
31.9	376.241
32	376.381
32.1	376.52
32.2	376.659
32.3	376.798
32.4	376.937
32.5	377.075
32.6	377.213
32.7	377.351
32.8	377.489
32.9	377.627
33	377.764
33.1	377.901
33.2	378.038
33.3	378.175
33.4	378.311
33.5	378.448
33.6	378.584
33.7	378.72
33.8	378.855
33.9	378.991
34	379.126
34.1	379.261
34.2	379.396
34.3	379.53
34.4	379.664
34.5	379.799
34.6	379.932
34.7	380.066
34.8	380.2
34.9	380.333
35	380.466
35.1	380.599
35.2	380.732
35.3	380.864
35.4	380.996
35.5	381.128
35.6	381.26
35.7	381.392
35.8	381.523
35.9	381.655
36	381.786
36.1	381.916
36.2	382.047
36.3	382.177
36.4	382.308
36.5	382.438
36.6	382.567
36.7	382.697
36.8	382.826
36.9	382.956
37	383.085
37.1	383.214
37.2	383.342
37.3	383.471
37.4	383.599
37.5	383.727
37.6	383.855
37.7	383.982
37.8	384.11
37.9	384.237
38	384.364
38.1	384.491
38.2	384.618
38.3	384.744
38.4	384.87
38.5	384.996
38.6	385.122
38.7	385.248
38.8	385.374
38.9	385.499
39	385.624
39.1	385.749
39.2	385.874
39.3	385.998
39.4	386.123
39.5	386.247
39.6	386.371
39.7	386.495
39.8	386.619
39.9	386.742
40	386.865
40.1	386.988
40.2	387.111
40.3	387.234
40.4	387.357
40.5	387.479
40.6	387.601
40.7	387.723
40.8	387.845
40.9	387.967
41	388.088
41.1	388.209
41.2	388.331
41.3	388.452
41.4	388.572
41.5	388.693
41.6	388.813
41.7	388.934
41.8	389.054
41.9	389.174
42	389.293
42.1	389.413
42.2	389.532
42.3	389.651
42.4	389.77
42.5	389.889
42.6	390.008
42.7	390.126
42.8	390.245
42.9	390.363
43	390.481
43.1	390.599
43.2	390.716
43.3	390.834
43.4	390.951
43.5	391.068
43.6	391.185
43.7	391.302
43.8	391.419
43.9	391.535
44	391.652
44.1	391.768
44.2	391.884
44.3	392
44.4	392.115
44.5	392.231
44.6	392.346
44.7	392.461
44.8	392.576
44.9	392.691
45	392.806
45.1	392.92
45.2	393.035
45.3	393.149
45.4	393.263
45.5	393.377
45.6	393.491
45.7	393.604
45.8	393.718
45.9	393.831
46	393.944
46.1	394.057
46.2	394.17
46.3	394.282
46.4	394.395
46.5	394.507
46.6	394.62
46.7	394.732
46.8	394.843
46.9	394.955
47	395.067
47.1	395.178
47.2	395.289
47.3	395.4
47.4	395.511
47.5	395.622
47.6	395.733
47.7	395.843
47.8	395.954
47.9	396.064
48	396.174
48.1	396.284
48.2	396.394
48.3	396.503
48.4	396.613
48.5	396.722
48.6	396.831
48.7	396.94
48.8	397.049
48.9	397.158
49	397.267
49.1	397.375
49.2	397.483
49.3	397.592
49.4	397.7
49.5	397.808
49.6	397.915
49.7	398.023
49.8	398.13
49.9	398.238
50	398.345
50.1	398.452
50.2	398.559
50.3	398.666
50.4	398.772
50.5	398.879
50.6	398.985
50.7	399.091
50.8	399.197
50.9	399.303
51	399.409
51.1	399.515
51.2	399.62
51.3	399.726
51.4	399.831
51.5	399.936
51.6	400.041
51.7	400.146
51.8	400.25
51.9	400.355
52	400.46
52.1	400.564
52.2	400.668
52.3	400.772
52.4	400.876
52.5	400.98
52.6	401.083
52.7	401.187
52.8	401.29
52.9	401.394
53	401.497
53.1	401.6
53.2	401.702
53.3	401.805
53.4	401.908
53.5	402.01
53.6	402.113
53.7	402.215
53.8	402.317
53.9	402.419
54	402.521
54.1	402.622
54.2	402.724
54.3	402.826
54.4	402.927
54.5	403.028
54.6	403.129
54.7	403.23
54.8	403.331
54.9	403.432
55	403.532
55.1	403.633
55.2	403.733
55.3	403.833
55.4	403.933
55.5	404.033
55.6	404.133
55.7	404.233
55.8	404.332
55.9	404.432
56	404.531
56.1	404.631
56.2	404.73
56.3	404.829
56.4	404.928
56.5	405.026
56.6	405.125
56.7	405.224
56.8	405.322
56.9	405.42
57	405.518
57.1	405.616
57.2	405.714
57.3	405.812
57.4	405.91
57.5	406.008
57.6	406.105
57.7	406.202
57.8	406.3
57.9	406.397
58	406.494
58.1	406.591
58.2	406.687
58.3	406.784
58.4	406.881
58.5	406.977
58.6	407.073
58.7	407.17
58.8	407.266
58.9	407.362
59	407.458
59.1	407.553
59.2	407.649
59.3	407.744
59.4	407.84
59.5	407.935
59.6	408.03
59.7	408.126
59.8	408.221
59.9	408.315
60	408.41
60.1	408.505
60.2	408.599
60.3	408.694
60.4	408.788
60.5	408.882
60.6	408.976
60.7	409.071
60.8	409.164
60.9	409.258
61	409.352
61.1	409.445
61.2	409.539
61.3	409.632
61.4	409.726
61.5	409.819
61.6	409.912
61.7	410.005
61.8	410.098
61.9	410.19
62	410.283
62.1	410.375
62.2	410.468
62.3	410.56
62.4	410.652
62.5	410.745
62.6	410.837
62.7	410.928
62.8	411.02
62.9	411.112
63	411.204
63.1	411.295
63.2	411.386
63.3	411.478
63.4	411.569
63.5	411.66
63.6	411.751
63.7	411.842
63.8	411.933
63.9	412.023
64	412.114
64.1	412.204
64.2	412.295
64.3	412.385
64.4	412.475
64.5	412.565
64.6	412.655
64.7	412.745
64.8	412.835
64.9	412.925
65	413.014
65.1	413.104
65.2	413.193
65.3	413.283
65.4	413.372
65.5	413.461
65.6	413.55
65.7	413.639
65.8	413.728
65.9	413.817
66	413.905
66.1	413.994
66.2	414.082
66.3	414.171
66.4	414.259
66.5	414.347
66.6	414.435
66.7	414.523
66.8	414.611
66.9	414.699
67	414.786
67.1	414.874
67.2	414.962
67.3	415.049
67.4	415.136
67.5	415.224
67.6	415.311
67.7	415.398
67.8	415.485
67.9	415.572
68	415.658
68.1	415.745
68.2	415.832
68.3	415.918
68.4	416.005
68.5	416.091
68.6	416.177
68.7	416.263
68.8	416.349
68.9	416.435
69	416.521
69.1	416.607
69.2	416.693
69.3	416.778
69.4	416.864
69.5	416.949
69.6	417.035
69.7	417.12
69.8	417.205
69.9	417.29
70	417.375
70.1	417.46
70.2	417.545
70.3	417.63
70.4	417.714
70.5	417.799
70.6	417.883
70.7	417.968
70.8	418.052
70.9	418.136
71	418.221
71.1	418.305
71.2	418.389
71.3	418.472
71.4	418.556
71.5	418.64
71.6	418.724
71.7	418.807
71.8	418.891
71.9	418.974
72	419.057
72.1	419.14
72.2	419.224
72.3	419.307
72.4	419.39
72.5	419.473
72.6	419.555
72.7	419.638
72.8	419.721
72.9	419.803
73	419.886
73.1	419.968
73.2	420.05
73.3	420.133
73.4	420.215
73.5	420.297
73.6	420.379
73.7	420.461
73.8	420.543
73.9	420.624
74	420.706
74.1	420.788
74.2	420.869
74.3	420.95
74.4	421.032
74.5	421.113
74.6	421.194
74.7	421.275
74.8	421.356
74.9	421.437
75	421.518
75.1	421.599
75.2	421.68
75.3	421.76
75.4	421.841
75.5	421.921
75.6	422.002
75.7	422.082
75.8	422.162
75.9	422.243
76	422.323
76.1	422.403
76.2	422.483
76.3	422.562
76.4	422.642
76.5	422.722
76.6	422.802
76.7	422.881
76.8	422.961
76.9	423.04
77	423.119
77.1	423.199
77.2	423.278
77.3	423.357
77.4	423.436
77.5	423.515
77.6	423.594
77.7	423.673
77.8	423.751
77.9	423.83
78	423.909
78.1	423.987
78.2	424.066
78.3	424.144
78.4	424.222
78.5	424.3
78.6	424.379
78.7	424.457
78.8	424.535
78.9	424.613
79	424.69
79.1	424.768
79.2	424.846
79.3	424.924
79.4	425.001
79.5	425.079
79.6	425.156
79.7	425.233
79.8	425.311
79.9	425.388
80	425.465
80.1	425.542
80.2	425.619
80.3	425.696
80.4	425.773
80.5	425.85
80.6	425.927
80.7	426.003
80.8	426.08
80.9	426.156
81	426.233
81.1	426.309
81.2	426.385
81.3	426.462
81.4	426.538
81.5	426.614
81.6	426.69
81.7	426.766
81.8	426.842
81.9	426.918
82	426.993
82.1	427.069
82.2	427.145
82.3	427.22
82.4	427.296
82.5	427.371
82.6	427.446
82.7	427.522
82.8	427.597
82.9	427.672
83	427.747
83.1	427.822
83.2	427.897
83.3	427.972
83.4	428.047
83.5	428.122
83.6	428.196
83.7	428.271
83.8	428.345
83.9	428.42
84	428.494
84.1	428.569
84.2	428.643
84.3	428.717
84.4	428.791
84.5	428.865
84.6	428.939
84.7	429.013
84.8	429.087
84.9	429.161
85	429.235
85.1	429.309
85.2	429.382
85.3	429.456
85.4	429.529
85.5	429.603
85.6	429.676
85.7	429.749
85.8	429.823
85.9	429.896
86	429.969
86.1	430.042
86.2	430.115
86.3	430.188
86.4	430.261
86.5	430.334
86.6	430.406
86.7	430.479
86.8	430.552
86.9	430.624
87	430.697
87.1	430.769
87.2	430.842
87.3	430.914
87.4	430.986
87.5	431.058
87.6	431.131
87.7	431.203
87.8	431.275
87.9	431.347
88	431.418
88.1	431.49
88.2	431.562
88.3	431.634
88.4	431.705
88.5	431.777
88.6	431.848
88.7	431.92
88.8	431.991
88.9	432.063
89	432.134
89.1	432.205
89.2	432.276
89.3	432.347
89.4	432.418
89.5	432.489
89.6	432.56
89.7	432.631
89.8	432.702
89.9	432.773
90	432.844
90.1	432.914
90.2	432.985
90.3	433.055
90.4	433.126
90.5	433.196
90.6	433.266
90.7	433.337
90.8	433.407
90.9	433.477
91	433.547
91.1	433.617
91.2	433.687
91.3	433.757
91.4	433.827
91.5	433.897
91.6	433.967
91.7	434.036
91.8	434.106
91.9	434.176
92	434.245
92.1	434.315
92.2	434.384
92.3	434.453
92.4	434.523
92.5	434.592
92.6	434.661
92.7	434.73
92.8	434.799
92.9	434.868
93	434.937
93.1	435.006
93.2	435.075
93.3	435.144
93.4	435.213
93.5	435.281
93.6	435.35
93.7	435.419
93.8	435.487
93.9	435.556
94	435.624
94.1	435.692
94.2	435.761
94.3	435.829
94.4	435.897
94.5	435.965
94.6	436.033
94.7	436.101
94.8	436.169
94.9	436.237
95	436.305
95.1	436.373
95.2	436.441
95.3	436.509
95.4	436.576
95.5	436.644
95.6	436.711
95.7	436.779
95.8	436.846
95.9	436.914
96	436.981
96.1	437.048
96.2	437.116
96.3	437.183
96.4	437.25
96.5	437.317
96.6	437.384
96.7	437.451
96.8	437.518
96.9	437.585
97	437.652
97.1	437.718
97.2	437.785
97.3	437.852
97.4	437.918
97.5	437.985
97.6	438.051
97.7	438.118
97.8	438.184
97.9	438.251
98	438.317
98.1	438.383
98.2	438.449
98.3	438.516
98.4	438.582
98.5	438.648
98.6	438.714
98.7	438.78
98.8	438.845
98.9	438.911
99	438.977
99.1	439.043
99.2	439.109
99.3	439.174
99.4	439.24
99.5	439.305
99.6	439.371
99.7	439.436
99.8	439.502
99.9	439.567
100	439.632
100.1	439.698
100.2	439.763
100.3	439.828
100.4	439.893
100.5	439.958
100.6	440.023
100.7	440.088
100.8	440.153
100.9	440.218
101	440.283
101.1	440.347
101.2	440.412
101.3	440.477
101.4	440.541
101.5	440.606
101.6	440.67
101.7	440.735
101.8	440.799
101.9	440.864
102	440.928
102.1	440.992
102.2	441.056
102.3	441.121
102.4	441.185
102.5	441.249
102.6	441.313
102.7	441.377
102.8	441.441
102.9	441.505
103	441.568
103.1	441.632
103.2	441.696
103.3	441.76
103.4	441.823
103.5	441.887
103.6	441.951
103.7	442.014
103.8	442.078
103.9	442.141
104	442.204
104.1	442.268
104.2	442.331
104.3	442.394
104.4	442.457
104.5	442.52
104.6	442.584
104.7	442.647
104.8	442.71
104.9	442.773
105	442.836
105.1	442.898
105.2	442.961
105.3	443.024
105.4	443.087
105.5	443.149
105.6	443.212
105.7	443.275
105.8	443.337
105.9	443.4
106	443.462
106.1	443.525
106.2	443.587
106.3	443.649
106.4	443.712
106.5	443.774
106.6	443.836
106.7	443.898
106.8	443.96
106.9	444.022
107	444.084
107.1	444.146
107.2	444.208
107.3	444.27
107.4	444.332
107.5	444.394
107.6	444.455
107.7	444.517
107.8	444.579
107.9	444.64
108	444.702
108.1	444.764
108.2	444.825
108.3	444.887
108.4	444.948
108.5	445.009
108.6	445.071
108.7	445.132
108.8	445.193
108.9	445.254
109	445.315
109.1	445.376
109.2	445.438
109.3	445.499
109.4	445.56
109.5	445.62
109.6	445.681
109.7	445.742
109.8	445.803
109.9	445.864
110	445.924
110.1	445.985
110.2	446.046
110.3	446.106
110.4	446.167
110.5	446.227
110.6	446.288
110.7	446.348
110.8	446.409
110.9	446.469
111	446.529
111.1	446.59
111.2	446.65
111.3	446.71
111.4	446.77
111.5	446.83
111.6	446.89
111.7	446.95
111.8	447.01
111.9	447.07
112	447.13
112.1	447.19
112.2	447.25
112.3	447.309
112.4	447.369
112.5	447.429
112.6	447.488
112.7	447.548
112.8	447.608
112.9	447.667
113	447.727
113.1	447.786
113.2	447.845
113.3	447.905
113.4	447.964
113.5	448.023
113.6	448.083
113.7	448.142
113.8	448.201
113.9	448.26
114	448.319
114.1	448.378
114.2	448.437
114.3	448.496
114.4	448.555
114.5	448.614
114.6	448.673
114.7	448.731
114.8	448.79
114.9	448.849
115	448.908
115.1	448.966
115.2	449.025
115.3	449.083
115.4	449.142
115.5	449.2
115.6	449.259
115.7	449.317
115.8	449.376
115.9	449.434
116	449.492
116.1	449.55
116.2	449.609
116.3	449.667
116.4	449.725
116.5	449.783
116.6	449.841
116.7	449.899
116.8	449.957
116.9	450.015
117	450.073
117.1	450.131
117.2	450.189
117.3	450.246
117.4	450.304
117.5	450.362
117.6	450.42
117.7	450.477
117.8	450.535
117.9	450.592
118	450.65
118.1	450.707
118.2	450.765
118.3	450.822
118.4	450.88
118.5	450.937
118.6	450.994
118.7	451.051
118.8	451.109
118.9	451.166
119	451.223
119.1	451.28
119.2	451.337
119.3	451.394
119.4	451.451
119.5	451.508
119.6	451.565
119.7	451.622
119.8	451.679
119.9	451.736
120	451.792
120.1	451.849
120.2	451.906
120.3	451.963
120.4	452.019
120.5	452.076
120.6	452.132
120.7	452.189
120.8	452.245
120.9	452.302
121	452.358
121.1	452.415
121.2	452.471
121.3	452.527
121.4	452.584
121.5	452.64
121.6	452.696
121.7	452.752
121.8	452.808
121.9	452.864
122	452.92
122.1	452.976
122.2	453.032
122.3	453.088
122.4	453.144
122.5	453.2
122.6	453.256
122.7	453.312
122.8	453.368
122.9	453.423
123	453.479
123.1	453.535
123.2	453.59
123.3	453.646
123.4	453.702
123.5	453.757
123.6	453.813
123.7	453.868
123.8	453.923
123.9	453.979
124	454.034
124.1	454.089
124.2	454.145
124.3	454.2
124.4	454.255
124.5	454.31
124.6	454.366
124.7	454.421
124.8	454.476
124.9	454.531
125	454.586
125.1	454.641
125.2	454.696
125.3	454.751
125.4	454.806
125.5	454.86
125.6	454.915
125.7	454.97
125.8	455.025
125.9	455.079
126	455.134
126.1	455.189
126.2	455.243
126.3	455.298
126.4	455.352
126.5	455.407
126.6	455.461
126.7	455.516
126.8	455.57
126.9	455.625
127	455.679
127.1	455.733
127.2	455.787
127.3	455.842
127.4	455.896
127.5	455.95
127.6	456.004
127.7	456.058
127.8	456.112
127.9	456.166
128	456.22
128.1	456.274
128.2	456.328
128.3	456.382
128.4	456.436
128.5	456.49
128.6	456.544
128.7	456.598
128.8	456.651
128.9	456.705
129	456.759
129.1	456.812
129.2	456.866
129.3	456.92
129.4	456.973
129.5	457.027
129.6	457.08
129.7	457.134
129.8	457.187
129.9	457.24
130	457.294
130.1	457.347
130.2	457.4
130.3	457.454
130.4	457.507
130.5	457.56
130.6	457.613
130.7	457.666
130.8	457.719
130.9	457.773
131	457.826
131.1	457.879
131.2	457.932
131.3	457.985
131.4	458.037
131.5	458.09
131.6	458.143
131.7	458.196
131.8	458.249
131.9	458.302
132	458.354
132.1	458.407
132.2	458.46
132.3	458.512
132.4	458.565
132.5	458.617
132.6	458.67
132.7	458.722
132.8	458.775
132.9	458.827
133	458.88
133.1	458.932
133.2	458.985
133.3	459.037
133.4	459.089
133.5	459.141
133.6	459.194
133.7	459.246
133.8	459.298
133.9	459.35
134	459.402
134.1	459.454
134.2	459.506
134.3	459.558
134.4	459.61
134.5	459.662
134.6	459.714
134.7	459.766
134.8	459.818
134.9	459.87
135	459.922
135.1	459.974
135.2	460.025
135.3	460.077
135.4	460.129
135.5	460.18
135.6	460.232
135.7	460.284
135.8	460.335
135.9	460.387
136	460.438
136.1	460.49
136.2	460.541
136.3	460.593
136.4	460.644
136.5	460.695
136.6	460.747
136.7	460.798
136.8	460.849
136.9	460.9
137	460.952
137.1	461.003
137.2	461.054
137.3	461.105
137.4	461.156
137.5	461.207
137.6	461.258
137.7	461.309
137.8	461.36
137.9	461.411
138	461.462
138.1	461.513
138.2	461.564
138.3	461.615
138.4	461.666
138.5	461.716
138.6	461.767
138.7	461.818
138.8	461.869
138.9	461.919
139	461.97
139.1	462.021
139.2	462.071
139.3	462.122
139.4	462.172
139.5	462.223
139.6	462.273
139.7	462.324
139.8	462.374
139.9	462.424
140	462.475
140.1	462.525
140.2	462.575
140.3	462.626
140.4	462.676
140.5	462.726
140.6	462.776
140.7	462.826
140.8	462.877
140.9	462.927
141	462.977
141.1	463.027
141.2	463.077
141.3	463.127
141.4	463.177
141.5	463.227
141.6	463.277
141.7	463.326
141.8	463.376
141.9	463.426
142	463.476
142.1	463.526
142.2	463.575
142.3	463.625
142.4	463.675
142.5	463.725
142.6	463.774
142.7	463.824
142.8	463.873
142.9	463.923
143	463.972
143.1	464.022
143.2	464.071
143.3	464.121
143.4	464.17
143.5	464.22
143.6	464.269
143.7	464.318
143.8	464.368
143.9	464.417
144	464.466
144.1	464.515
144.2	464.565
144.3	464.614
144.4	464.663
144.5	464.712
144.6	464.761
144.7	464.81
144.8	464.859
144.9	464.908
145	464.957
145.1	465.006
145.2	465.055
145.3	465.104
145.4	465.153
145.5	465.202
145.6	465.251
145.7	465.299
145.8	465.348
145.9	465.397
146	465.446
146.1	465.494
146.2	465.543
146.3	465.592
146.4	465.64
146.5	465.689
146.6	465.737
146.7	465.786
146.8	465.834
146.9	465.883
147	465.931
147.1	465.98
147.2	466.028
147.3	466.077
147.4	466.125
147.5	466.173
147.6	466.222
147.7	466.27
147.8	466.318
147.9	466.366
148	466.415
148.1	466.463
148.2	466.511
148.3	466.559
148.4	466.607
148.5	466.655
148.6	466.703
148.7	466.751
148.8	466.799
148.9	466.847
149	466.895
149.1	466.943
149.2	466.991
149.3	467.039
149.4	467.087
149.5	467.135
149.6	467.182
149.7	467.23
149.8	467.278
149.9	467.326
150	467.373
150.1	467.421
150.2	467.469
150.3	467.516
150.4	467.564
150.5	467.611
150.6	467.659
150.7	467.707
150.8	467.754
150.9	467.802
151	467.849
151.1	467.896
151.2	467.944
151.3	467.991
151.4	468.039
151.5	468.086
151.6	468.133
151.7	468.18
151.8	468.228
151.9	468.275
152	468.322
152.1	468.369
152.2	468.416
152.3	468.464
152.4	468.511
152.5	468.558
152.6	468.605
152.7	468.652
152.8	468.699
152.9	468.746
153	468.793
153.1	468.84
153.2	468.887
153.3	468.933
153.4	468.98
153.5	469.027
153.6	469.074
153.7	469.121
153.8	469.168
153.9	469.214
154	469.261
154.1	469.308
154.2	469.354
154.3	469.401
154.4	469.448
154.5	469.494
154.6	469.541
154.7	469.587
154.8	469.634
154.9	469.68
155	469.727
155.1	469.773
155.2	469.82
155.3	469.866
155.4	469.913
155.5	469.959
155.6	470.005
155.7	470.052
155.8	470.098
155.9	470.144
156	470.19
156.1	470.237
156.2	470.283
156.3	470.329
156.4	470.375
156.5	470.421
156.6	470.467
156.7	470.513
156.8	470.559
156.9	470.606
157	470.652
157.1	470.698
157.2	470.743
157.3	470.789
157.4	470.835
157.5	470.881
157.6	470.927
157.7	470.973
157.8	471.019
157.9	471.065
158	471.11
158.1	471.156
158.2	471.202
158.3	471.248
158.4	471.293
158.5	471.339
158.6	471.385
158.7	471.43
158.8	471.476
158.9	471.521
159	471.567
159.1	471.612
159.2	471.658
159.3	471.703
159.4	471.749
159.5	471.794
159.6	471.84
159.7	471.885
159.8	471.931
159.9	471.976
160	472.021
160.1	472.066
160.2	472.112
160.3	472.157
160.4	472.202
160.5	472.247
160.6	472.293
160.7	472.338
160.8	472.383
160.9	472.428
161	472.473
161.1	472.518
161.2	472.563
161.3	472.608
161.4	472.653
161.5	472.698
161.6	472.743
161.7	472.788
161.8	472.833
161.9	472.878
162	472.923
162.1	472.968
162.2	473.013
162.3	473.058
162.4	473.102
162.5	473.147
162.6	473.192
162.7	473.237
162.8	473.281
162.9	473.326
163	473.371
163.1	473.415
163.2	473.46
163.3	473.505
163.4	473.549
163.5	473.594
163.6	473.638
163.7	473.683
163.8	473.727
163.9	473.772
164	473.816
164.1	473.861
164.2	473.905
164.3	473.949
164.4	473.994
164.5	474.038
164.6	474.082
164.7	474.127
164.8	474.171
164.9	474.215
165	474.259
165.1	474.304
165.2	474.348
165.3	474.392
165.4	474.436
165.5	474.48
165.6	474.524
165.7	474.568
165.8	474.613
165.9	474.657
166	474.701
166.1	474.745
166.2	474.789
166.3	474.833
166.4	474.877
166.5	474.92
166.6	474.964
166.7	475.008
166.8	475.052
166.9	475.096
167	475.14
167.1	475.183
167.2	475.227
167.3	475.271
167.4	475.315
167.5	475.358
167.6	475.402
167.7	475.446
167.8	475.489
167.9	475.533
168	475.577
168.1	475.62
168.2	475.664
168.3	475.707
168.4	475.751
168.5	475.794
168.6	475.838
168.7	475.881
168.8	475.925
168.9	475.968
169	476.012
169.1	476.055
169.2	476.098
169.3	476.142
169.4	476.185
169.5	476.228
169.6	476.272
169.7	476.315
169.8	476.358
169.9	476.401
170	476.445
170.1	476.488
170.2	476.531
170.3	476.574
170.4	476.617
170.5	476.66
170.6	476.703
170.7	476.746
170.8	476.789
170.9	476.832
171	476.875
171.1	476.918
171.2	476.961
171.3	477.004
171.4	477.047
171.5	477.09
171.6	477.133
171.7	477.176
171.8	477.219
171.9	477.262
172	477.304
172.1	477.347
172.2	477.39
172.3	477.433
172.4	477.475
172.5	477.518
172.6	477.561
172.7	477.603
172.8	477.646
172.9	477.689
173	477.731
173.1	477.774
173.2	477.816
173.3	477.859
173.4	477.901
173.5	477.944
173.6	477.986
173.7	478.029
173.8	478.071
173.9	478.114
174	478.156
174.1	478.199
174.2	478.241
174.3	478.283
174.4	478.326
174.5	478.368
174.6	478.41
174.7	478.452
174.8	478.495
174.9	478.537
175	478.579
175.1	478.621
175.2	478.664
175.3	478.706
175.4	478.748
175.5	478.79
175.6	478.832
175.7	478.874
175.8	478.916
175.9	478.958
176	479
176.1	479.042
176.2	479.084
176.3	479.126
176.4	479.168
176.5	479.21
176.6	479.252
176.7	479.294
176.8	479.336
176.9	479.378
177	479.419
177.1	479.461
177.2	479.503
177.3	479.545
177.4	479.587
177.5	479.628
177.6	479.67
177.7	479.712
177.8	479.753
177.9	479.795
178	479.837
178.1	479.878
178.2	479.92
178.3	479.962
178.4	480.003
178.5	480.045
178.6	480.086
178.7	480.128
178.8	480.169
178.9	480.211
179	480.252
179.1	480.294
179.2	480.335
179.3	480.377
179.4	480.418
179.5	480.459
179.6	480.501
179.7	480.542
179.8	480.583
179.9	480.625
180	480.666
180.1	480.707
180.2	480.748
180.3	480.79
180.4	480.831
180.5	480.872
180.6	480.913
180.7	480.954
180.8	480.995
180.9	481.037
181	481.078
181.1	481.119
181.2	481.16
181.3	481.201
181.4	481.242
181.5	481.283
181.6	481.324
181.7	481.365
181.8	481.406
181.9	481.447
182	481.488
182.1	481.528
182.2	481.569
182.3	481.61
182.4	481.651
182.5	481.692
182.6	481.733
182.7	481.773
182.8	481.814
182.9	481.855
183	481.896
183.1	481.936
183.2	481.977
183.3	482.018
183.4	482.059
183.5	482.099
183.6	482.14
183.7	482.18
183.8	482.221
183.9	482.262
184	482.302
184.1	482.343
184.2	482.383
184.3	482.424
184.4	482.464
184.5	482.505
184.6	482.545
184.7	482.586
184.8	482.626
184.9	482.666
185	482.707
185.1	482.747
185.2	482.788
185.3	482.828
185.4	482.868
185.5	482.908
185.6	482.949
185.7	482.989
185.8	483.029
185.9	483.069
186	483.11
186.1	483.15
186.2	483.19
186.3	483.23
186.4	483.27
186.5	483.31
186.6	483.351
186.7	483.391
186.8	483.431
186.9	483.471
187	483.511
187.1	483.551
187.2	483.591
187.3	483.631
187.4	483.671
187.5	483.711
187.6	483.751
187.7	483.791
187.8	483.831
187.9	483.87
188	483.91
188.1	483.95
188.2	483.99
188.3	484.03
188.4	484.07
188.5	484.109
188.6	484.149
188.7	484.189
188.8	484.229
188.9	484.268
189	484.308
189.1	484.348
189.2	484.387
189.3	484.427
189.4	484.467
189.5	484.506
189.6	484.546
189.7	484.586
189.8	484.625
189.9	484.665
190	484.704
190.1	484.744
190.2	484.783
190.3	484.823
190.4	484.862
190.5	484.902
190.6	484.941
190.7	484.98
190.8	485.02
190.9	485.059
191	485.099
191.1	485.138
191.2	485.177
191.3	485.217
191.4	485.256
191.5	485.295
191.6	485.334
191.7	485.374
191.8	485.413
191.9	485.452
192	485.491
192.1	485.531
192.2	485.57
192.3	485.609
192.4	485.648
192.5	485.687
192.6	485.726
192.7	485.765
192.8	485.804
192.9	485.843
193	485.883
193.1	485.922
193.2	485.961
193.3	486
193.4	486.039
193.5	486.077
193.6	486.116
193.7	486.155
193.8	486.194
193.9	486.233
194	486.272
194.1	486.311
194.2	486.35
194.3	486.389
194.4	486.427
194.5	486.466
194.6	486.505
194.7	486.544
194.8	486.583
194.9	486.621
195	486.66
195.1	486.699
195.2	486.737
195.3	486.776
195.4	486.815
195.5	486.853
195.6	486.892
195.7	486.931
195.8	486.969
195.9	487.008
196	487.046
196.1	487.085
196.2	487.123
196.3	487.162
196.4	487.2
196.5	487.239
196.6	487.277
196.7	487.316
196.8	487.354
196.9	487.393
197	487.431
197.1	487.469
197.2	487.508
197.3	487.546
197.4	487.585
197.5	487.623
197.6	487.661
197.7	487.699
197.8	487.738
197.9	487.776
198	487.814
198.1	487.852
198.2	487.891
198.3	487.929
198.4	487.967
198.5	488.005
198.6	488.043
198.7	488.082
198.8	488.12
198.9	488.158
199	488.196
199.1	488.234
199.2	488.272
199.3	488.31
199.4	488.348
199.5	488.386
199.6	488.424
199.7	488.462
199.8	488.5
199.9	488.538
200	488.576
200.1	488.614
200.2	488.652
200.3	488.69
200.4	488.728
200.5	488.765
200.6	488.803
200.7	488.841
200.8	488.879
200.9	488.917
201	488.955
201.1	488.992
201.2	489.03
201.3	489.068
201.4	489.106
201.5	489.143
201.6	489.181
201.7	489.219
201.8	489.256
201.9	489.294
202	489.332
202.1	489.369
202.2	489.407
202.3	489.445
202.4	489.482
202.5	489.52
202.6	489.557
202.7	489.595
202.8	489.632
202.9	489.67
203	489.707
203.1	489.745
203.2	489.782
203.3	489.82
203.4	489.857
203.5	489.895
203.6	489.932
203.7	489.969
203.8	490.007
203.9	490.044
204	490.081
204.1	490.119
204.2	490.156
204.3	490.193
204.4	490.231
204.5	490.268
204.6	490.305
204.7	490.342
204.8	490.38
204.9	490.417
205	490.454
205.1	490.491
205.2	490.528
205.3	490.566
205.4	490.603
205.5	490.64
205.6	490.677
205.7	490.714
205.8	490.751
205.9	490.788
206	490.825
206.1	490.862
206.2	490.899
206.3	490.936
206.4	490.973
206.5	491.01
206.6	491.047
206.7	491.084
206.8	491.121
206.9	491.158
207	491.195
207.1	491.232
207.2	491.269
207.3	491.306
207.4	491.342
207.5	491.379
207.6	491.416
207.7	491.453
207.8	491.49
207.9	491.527
208	491.563
208.1	491.6
208.2	491.637
208.3	491.673
208.4	491.71
208.5	491.747
208.6	491.784
208.7	491.82
208.8	491.857
208.9	491.894
209	491.93
209.1	491.967
209.2	492.003
209.3	492.04
209.4	492.077
209.5	492.113
209.6	492.15
209.7	492.186
209.8	492.223
209.9	492.259
210	492.296
210.1	492.332
210.2	492.369
210.3	492.405
210.4	492.441
210.5	492.478
210.6	492.514
210.7	492.551
210.8	492.587
210.9	492.623
211	492.66
211.1	492.696
211.2	492.732
211.3	492.769
211.4	492.805
211.5	492.841
211.6	492.878
211.7	492.914
211.8	492.95
211.9	492.986
212	493.022
212.1	493.059
212.2	493.095
212.3	493.131
212.4	493.167
212.5	493.203
212.6	493.239
212.7	493.276
212.8	493.312
212.9	493.348
213	493.384
213.1	493.42
213.2	493.456
213.3	493.492
213.4	493.528
213.5	493.564
213.6	493.6
213.7	493.636
213.8	493.672
213.9	493.708
214	493.744
214.1	493.78
214.2	493.816
214.3	493.851
214.4	493.887
214.5	493.923
214.6	493.959
214.7	493.995
214.8	494.031
214.9	494.067
215	494.102
215.1	494.138
215.2	494.174
215.3	494.21
215.4	494.245
215.5	494.281
215.6	494.317
215.7	494.353
215.8	494.388
215.9	494.424
216	494.46
216.1	494.495
216.2	494.531
216.3	494.567
216.4	494.602
216.5	494.638
216.6	494.673
216.7	494.709
216.8	494.745
216.9	494.78
217	494.816
217.1	494.851
217.2	494.887
217.3	494.922
217.4	494.958
217.5	494.993
217.6	495.029
217.7	495.064
217.8	495.099
217.9	495.135
218	495.17
218.1	495.206
218.2	495.241
218.3	495.276
218.4	495.312
218.5	495.347
218.6	495.382
218.7	495.418
218.8	495.453
218.9	495.488
219	495.524
219.1	495.559
219.2	495.594
219.3	495.629
219.4	495.665
219.5	495.7
219.6	495.735
219.7	495.77
219.8	495.805
219.9	495.84
220	495.876
220.1	495.911
220.2	495.946
220.3	495.981
220.4	496.016
220.5	496.051
220.6	496.086
220.7	496.121
220.8	496.156
220.9	496.191
221	496.226
221.1	496.261
221.2	496.296
221.3	496.331
221.4	496.366
221.5	496.401
221.6	496.436
221.7	496.471
221.8	496.506
221.9	496.541
222	496.576
222.1	496.611
222.2	496.646
222.3	496.68
222.4	496.715
222.5	496.75
222.6	496.785
222.7	496.82
222.8	496.854
222.9	496.889
223	496.924
223.1	496.959
223.2	496.994
223.3	497.028
223.4	497.063
223.5	497.098
223.6	497.132
223.7	497.167
223.8	497.202
223.9	497.236
224	497.271
224.1	497.306
224.2	497.34
224.3	497.375
224.4	497.409
224.5	497.444
224.6	497.479
224.7	497.513
224.8	497.548
224.9	497.582
225	497.617
225.1	497.651
225.2	497.686
225.3	497.72
225.4	497.755
225.5	497.789
225.6	497.823
225.7	497.858
225.8	497.892
225.9	497.927
226	497.961
226.1	497.996
226.2	498.03
226.3	498.064
226.4	498.099
226.5	498.133
226.6	498.167
226.7	498.202
226.8	498.236
226.9	498.27
227	498.304
227.1	498.339
227.2	498.373
227.3	498.407
227.4	498.441
227.5	498.476
227.6	498.51
227.7	498.544
227.8	498.578
227.9	498.612
228	498.646
228.1	498.681
228.2	498.715
228.3	498.749
228.4	498.783
228.5	498.817
228.6	498.851
228.7	498.885
228.8	498.919
228.9	498.953
229	498.987
229.1	499.021
229.2	499.055
229.3	499.089
229.4	499.123
229.5	499.157
229.6	499.191
229.7	499.225
229.8	499.259
229.9	499.293
230	499.327
230.1	499.361
230.2	499.395
230.3	499.428
230.4	499.462
230.5	499.496
230.6	499.53
230.7	499.564
230.8	499.598
230.9	499.631
231	499.665
231.1	499.699
231.2	499.733
231.3	499.767
231.4	499.8
231.5	499.834
231.6	499.868
231.7	499.901
231.8	499.935
231.9	499.969
232	500.002
232.1	500.036
232.2	500.07
232.3	500.103
232.4	500.137
232.5	500.171
232.6	500.204
232.7	500.238
232.8	500.271
232.9	500.305
233	500.339
233.1	500.372
233.2	500.406
233.3	500.439
233.4	500.473
233.5	500.506
233.6	500.54
233.7	500.573
233.8	500.607
233.9	500.64
234	500.673
234.1	500.707
234.2	500.74
234.3	500.774
234.4	500.807
234.5	500.841
234.6	500.874
234.7	500.907
234.8	500.941
234.9	500.974
235	501.007
235.1	501.041
235.2	501.074
235.3	501.107
235.4	501.14
235.5	501.174
235.6	501.207
235.7	501.24
235.8	501.273
235.9	501.307
236	501.34
236.1	501.373
236.2	501.406
236.3	501.439
236.4	501.473
236.5	501.506
236.6	501.539
236.7	501.572
236.8	501.605
236.9	501.638
237	501.671
237.1	501.704
237.2	501.737
237.3	501.771
237.4	501.804
237.5	501.837
237.6	501.87
237.7	501.903
237.8	501.936
237.9	501.969
238	502.002
238.1	502.035
238.2	502.068
238.3	502.101
238.4	502.133
238.5	502.166
238.6	502.199
238.7	502.232
238.8	502.265
238.9	502.298
239	502.331
239.1	502.364
239.2	502.397
239.3	502.429
239.4	502.462
239.5	502.495
239.6	502.528
239.7	502.561
239.8	502.593
239.9	502.626
240	502.659
240.1	502.692
240.2	502.725
240.3	502.757
240.4	502.79
240.5	502.823
240.6	502.855
240.7	502.888
240.8	502.921
240.9	502.953
241	502.986
241.1	503.019
241.2	503.051
241.3	503.084
241.4	503.117
241.5	503.149
241.6	503.182
241.7	503.214
241.8	503.247
241.9	503.279
242	503.312
242.1	503.344
242.2	503.377
242.3	503.41
242.4	503.442
242.5	503.475
242.6	503.507
242.7	503.539
242.8	503.572
242.9	503.604
243	503.637
243.1	503.669
243.2	503.702
243.3	503.734
243.4	503.766
243.5	503.799
243.6	503.831
243.7	503.864
243.8	503.896
243.9	503.928
244	503.961
244.1	503.993
244.2	504.025
244.3	504.057
244.4	504.09
244.5	504.122
244.6	504.154
244.7	504.187
244.8	504.219
244.9	504.251
245	504.283
245.1	504.315
245.2	504.348
245.3	504.38
245.4	504.412
245.5	504.444
245.6	504.476
245.7	504.508
245.8	504.541
245.9	504.573
246	504.605
246.1	504.637
246.2	504.669
246.3	504.701
246.4	504.733
246.5	504.765
246.6	504.797
246.7	504.829
246.8	504.861
246.9	504.893
247	504.925
247.1	504.957
247.2	504.989
247.3	505.021
247.4	505.053
247.5	505.085
247.6	505.117
247.7	505.149
247.8	505.181
247.9	505.213
248	505.245
248.1	505.277
248.2	505.309
248.3	505.341
248.4	505.372
248.5	505.404
248.6	505.436
248.7	505.468
248.8	505.5
248.9	505.532
249	505.563
249.1	505.595
249.2	505.627
249.3	505.659
249.4	505.69
249.5	505.722
249.6	505.754
249.7	505.786
249.8	505.817
249.9	505.849
250	505.881
250.1	505.913
250.2	505.944
250.3	505.976
250.4	506.008
250.5	506.039
250.6	506.071
250.7	506.102
250.8	506.134
250.9	506.166
251	506.197
251.1	506.229
251.2	506.26
251.3	506.292
251.4	506.324
251.5	506.355
251.6	506.387
251.7	506.418
251.8	506.45
251.9	506.481
252	506.513
252.1	506.544
252.2	506.576
252.3	506.607
252.4	506.639
252.5	506.67
252.6	506.701
252.7	506.733
252.8	506.764
252.9	506.796
253	506.827
253.1	506.858
253.2	506.89
253.3	506.921
253.4	506.952
253.5	506.984
253.6	507.015
253.7	507.046
253.8	507.078
253.9	507.109
254	507.14
254.1	507.172
254.2	507.203
254.3	507.234
254.4	507.265
254.5	507.297
254.6	507.328
254.7	507.359
254.8	507.39
254.9	507.422
255	507.453
255.1	507.484
255.2	507.515
255.3	507.546
255.4	507.577
255.5	507.609
255.6	507.64
255.7	507.671
255.8	507.702
255.9	507.733
256	507.764
256.1	507.795
256.2	507.826
256.3	507.857
256.4	507.888
256.5	507.919
256.6	507.951
256.7	507.982
256.8	508.013
256.9	508.044
257	508.075
257.1	508.106
257.2	508.137
257.3	508.167
257.4	508.198
257.5	508.229
257.6	508.26
257.7	508.291
257.8	508.322
257.9	508.353
258	508.384
258.1	508.415
258.2	508.446
258.3	508.477
258.4	508.507
258.5	508.538
258.6	508.569
258.7	508.6
258.8	508.631
258.9	508.662
259	508.692
259.1	508.723
259.2	508.754
259.3	508.785
259.4	508.816
259.5	508.846
259.6	508.877
259.7	508.908
259.8	508.939
259.9	508.969
260	509
260.1	509.031
260.2	509.061
260.3	509.092
260.4	509.123
260.5	509.153
260.6	509.184
260.7	509.215
260.8	509.245
260.9	509.276
261	509.306
261.1	509.337
261.2	509.368
261.3	509.398
261.4	509.429
261.5	509.459
261.6	509.49
261.7	509.52
261.8	509.551
261.9	509.582
262	509.612
262.1	509.643
262.2	509.673
262.3	509.704
262.4	509.734
262.5	509.764
262.6	509.795
262.7	509.825
262.8	509.856
262.9	509.886
263	509.917
263.1	509.947
263.2	509.977
263.3	510.008
263.4	510.038
263.5	510.069
263.6	510.099
263.7	510.129
263.8	510.16
263.9	510.19
264	510.22
264.1	510.251
264.2	510.281
264.3	510.311
264.4	510.342
264.5	510.372
264.6	510.402
264.7	510.432
264.8	510.463
264.9	510.493
265	510.523
265.1	510.553
265.2	510.584
265.3	510.614
265.4	510.644
265.5	510.674
265.6	510.704
265.7	510.735
265.8	510.765
265.9	510.795
266	510.825
266.1	510.855
266.2	510.885
266.3	510.915
266.4	510.945
266.5	510.976
266.6	511.006
266.7	511.036
266.8	511.066
266.9	511.096
267	511.126
267.1	511.156
267.2	511.186
267.3	511.216
267.4	511.246
267.5	511.276
267.6	511.306
267.7	511.336
267.8	511.366
267.9	511.396
268	511.426
268.1	511.456
268.2	511.486
268.3	511.516
268.4	511.546
268.5	511.576
268.6	511.605
268.7	511.635
268.8	511.665
268.9	511.695
269	511.725
269.1	511.755
269.2	511.785
269.3	511.815
269.4	511.844
269.5	511.874
269.6	511.904
269.7	511.934
269.8	511.964
269.9	511.993
270	512.023
270.1	512.053
270.2	512.083
270.3	512.113
270.4	512.142
270.5	512.172
270.6	512.202
270.7	512.231
270.8	512.261
270.9	512.291
271	512.321
271.1	512.35
271.2	512.38
271.3	512.41
271.4	512.439
271.5	512.469
271.6	512.498
271.7	512.528
271.8	512.558
271.9	512.587
272	512.617
272.1	512.647
272.2	512.676
272.3	512.706
272.4	512.735
272.5	512.765
272.6	512.794
272.7	512.824
272.8	512.853
272.9	512.883
273	512.912
273.1	512.942
273.2	512.971
273.3	513.001
273.4	513.03
273.5	513.06
273.6	513.089
273.7	513.119
273.8	513.148
273.9	513.178
274	513.207
274.1	513.237
274.2	513.266
274.3	513.295
274.4	513.325
274.5	513.354
274.6	513.384
274.7	513.413
274.8	513.442
274.9	513.472
275	513.501
275.1	513.53
275.2	513.56
275.3	513.589
275.4	513.618
275.5	513.647
275.6	513.677
275.7	513.706
275.8	513.735
275.9	513.765
276	513.794
276.1	513.823
276.2	513.852
276.3	513.882
276.4	513.911
276.5	513.94
276.6	513.969
276.7	513.998
276.8	514.028
276.9	514.057
277	514.086
277.1	514.115
277.2	514.144
277.3	514.173
277.4	514.202
277.5	514.232
277.6	514.261
277.7	514.29
277.8	514.319
277.9	514.348
278	514.377
278.1	514.406
278.2	514.435
278.3	514.464
278.4	514.493
278.5	514.522
278.6	514.551
278.7	514.58
278.8	514.609
278.9	514.638
279	514.667
279.1	514.696
279.2	514.725
279.3	514.754
279.4	514.783
279.5	514.812
279.6	514.841
279.7	514.87
279.8	514.899
279.9	514.928
280	514.957
280.1	514.986
280.2	515.015
280.3	515.044
280.4	515.073
280.5	515.101
280.6	515.13
280.7	515.159
280.8	515.188
280.9	515.217
281	515.246
281.1	515.274
281.2	515.303
281.3	515.332
281.4	515.361
281.5	515.39
281.6	515.418
281.7	515.447
281.8	515.476
281.9	515.505
282	515.533
282.1	515.562
282.2	515.591
282.3	515.62
282.4	515.648
282.5	515.677
282.6	515.706
282.7	515.734
282.8	515.763
282.9	515.792
283	515.82
283.1	515.849
283.2	515.878
283.3	515.906
283.4	515.935
283.5	515.964
283.6	515.992
283.7	516.021
283.8	516.049
283.9	516.078
284	516.107
284.1	516.135
284.2	516.164
284.3	516.192
284.4	516.221
284.5	516.249
284.6	516.278
284.7	516.306
284.8	516.335
284.9	516.363
285	516.392
285.1	516.42
285.2	516.449
285.3	516.477
285.4	516.506
285.5	516.534
285.6	516.563
285.7	516.591
285.8	516.62
285.9	516.648
286	516.677
286.1	516.705
286.2	516.733
286.3	516.762
286.4	516.79
286.5	516.818
286.6	516.847
286.7	516.875
286.8	516.904
286.9	516.932
287	516.96
287.1	516.989
287.2	517.017
287.3	517.045
287.4	517.074
287.5	517.102
287.6	517.13
287.7	517.158
287.8	517.187
287.9	517.215
288	517.243
288.1	517.271
288.2	517.3
288.3	517.328
288.4	517.356
288.5	517.384
288.6	517.413
288.7	517.441
288.8	517.469
288.9	517.497
289	517.525
289.1	517.554
289.2	517.582
289.3	517.61
289.4	517.638
289.5	517.666
289.6	517.694
289.7	517.722
289.8	517.75
289.9	517.779
290	517.807
290.1	517.835
290.2	517.863
290.3	517.891
290.4	517.919
290.5	517.947
290.6	517.975
290.7	518.003
290.8	518.031
290.9	518.059
291	518.087
291.1	518.115
291.2	518.143
291.3	518.171
291.4	518.199
291.5	518.227
291.6	518.255
291.7	518.283
291.8	518.311
291.9	518.339
292	518.367
292.1	518.395
292.2	518.423
292.3	518.451
292.4	518.479
292.5	518.507
292.6	518.534
292.7	518.562
292.8	518.59
292.9	518.618
293	518.646
293.1	518.674
293.2	518.702
293.3	518.73
293.4	518.757
293.5	518.785
293.6	518.813
293.7	518.841
293.8	518.869
293.9	518.896
294	518.924
294.1	518.952
294.2	518.98
294.3	519.008
294.4	519.035
294.5	519.063
294.6	519.091
294.7	519.119
294.8	519.146
294.9	519.174
295	519.202
295.1	519.229
295.2	519.257
295.3	519.285
295.4	519.312
295.5	519.34
295.6	519.368
295.7	519.395
295.8	519.423
295.9	519.451
296	519.478
296.1	519.506
296.2	519.534
296.3	519.561
296.4	519.589
296.5	519.616
296.6	519.644
296.7	519.672
296.8	519.699
296.9	519.727
297	519.754
297.1	519.782
297.2	519.809
297.3	519.837
297.4	519.864
297.5	519.892
297.6	519.919
297.7	519.947
297.8	519.974
297.9	520.002
298	520.029
298.1	520.057
298.2	520.084
298.3	520.112
298.4	520.139
298.5	520.167
298.6	520.194
298.7	520.222
298.8	520.249
298.9	520.276
299	520.304
299.1	520.331
299.2	520.359
299.3	520.386
299.4	520.413
299.5	520.441
299.6	520.468
299.7	520.496
299.8	520.523
299.9	520.55
300	520.578
