W	Pred
1.5	433.104
1.6	425.139
1.7	418.104
1.8	411.851
1.9	406.264
2	401.246
2.1	396.72
2.2	392.621
2.3	388.896
2.4	385.5
2.5	382.395
2.6	379.549
2.7	376.933
2.8	374.524
2.9	372.3
3	370.245
3.1	368.341
3.2	366.575
3.3	364.935
3.4	363.409
3.5	361.989
3.6	360.664
3.7	359.429
3.8	358.275
3.9	357.196
4	356.187
4.1	355.243
4.2	354.359
4.3	353.53
4.4	352.754
4.5	352.026
4.6	351.343
4.7	350.702
4.8	350.101
4.9	349.537
5	349.008
5.1	348.512
5.2	348.046
5.3	347.61
5.4	347.201
5.5	346.817
5.6	346.458
5.7	346.122
5.8	345.807
5.9	345.513
6	345.239
6.1	344.983
6.2	344.744
6.3	344.522
6.4	344.316
6.5	344.124
6.6	343.948
6.7	343.784
6.8	343.634
6.9	343.495
7	343.369
7.1	343.254
7.2	343.149
7.3	343.055
7.4	342.97
7.5	342.894
7.6	342.828
7.7	342.77
7.8	342.72
7.9	342.677
8	342.643
8.1	342.615
8.2	342.594
8.3	342.58
8.4	342.572
8.5	342.57
8.6	342.574
8.7	342.583
8.8	342.598
8.9	342.617
9	342.642
9.1	342.671
9.2	342.705
9.3	342.743
9.4	342.786
9.5	342.832
9.6	342.882
9.7	342.936
9.8	342.994
9.9	343.055
10	343.119
10.1	343.186
10.2	343.257
10.3	343.33
10.4	343.407
10.5	343.486
10.6	343.567
10.7	343.652
10.8	343.738
10.9	343.828
11	343.919
11.1	344.012
11.2	344.108
11.3	344.206
11.4	344.305
11.5	344.407
11.6	344.51
11.7	344.616
11.8	344.723
11.9	344.831
12	344.941
12.1	345.053
12.2	345.166
12.3	345.28
12.4	345.396
12.5	345.513
12.6	345.632
12.7	345.752
12.8	345.873
12.9	345.995
13	346.118
13.1	346.242
13.2	346.367
13.3	346.493
13.4	346.621
13.5	346.749
13.6	346.878
13.7	347.007
13.8	347.138
13.9	347.27
14	347.402
14.1	347.535
14.2	347.668
14.3	347.803
14.4	347.938
14.5	348.073
14.6	348.21
14.7	348.346
14.8	348.484
14.9	348.622
15	348.76
15.1	348.899
15.2	349.039
15.3	349.178
15.4	349.319
15.5	349.46
15.6	349.601
15.7	349.742
15.8	349.884
15.9	350.027
16	350.169
16.1	350.312
16.2	350.455
16.3	350.599
16.4	350.743
16.5	350.887
16.6	351.031
16.7	351.176
16.8	351.321
16.9	351.466
17	351.611
17.1	351.757
17.2	351.903
17.3	352.048
17.4	352.194
17.5	352.341
17.6	352.487
17.7	352.634
17.8	352.78
17.9	352.927
18	353.074
18.1	353.221
18.2	353.368
18.3	353.515
18.4	353.662
18.5	353.81
18.6	353.957
18.7	354.104
18.8	354.252
18.9	354.4
19	354.547
19.1	354.695
19.2	354.842
19.3	354.99
19.4	355.138
19.5	355.285
19.6	355.433
19.7	355.581
19.8	355.729
19.9	355.876
20	356.024
20.1	356.172
20.2	356.319
20.3	356.467
20.4	356.615
20.5	356.762
20.6	356.91
20.7	357.057
20.8	357.205
20.9	357.352
21	357.499
21.1	357.646
21.2	357.794
21.3	357.941
21.4	358.088
21.5	358.235
21.6	358.382
21.7	358.529
21.8	358.675
21.9	358.822
22	358.969
22.1	359.115
22.2	359.261
22.3	359.408
22.4	359.554
22.5	359.7
22.6	359.846
22.7	359.992
22.8	360.138
22.9	360.283
23	360.429
23.1	360.575
23.2	360.72
23.3	360.865
23.4	361.01
23.5	361.155
23.6	361.3
23.7	361.445
23.8	361.589
23.9	361.734
24	361.878
24.1	362.023
24.2	362.167
24.3	362.311
24.4	362.454
24.5	362.598
24.6	362.742
24.7	362.885
24.8	363.029
24.9	363.172
25	363.315
25.1	363.458
25.2	363.6
25.3	363.743
25.4	363.885
25.5	364.028
25.6	364.17
25.7	364.312
25.8	364.454
25.9	364.595
26	364.737
26.1	364.878
26.2	365.019
26.3	365.161
26.4	365.302
26.5	365.442
26.6	365.583
26.7	365.723
26.8	365.864
26.9	366.004
27	366.144
27.1	366.284
27.2	366.423
27.3	366.563
27.4	366.702
27.5	366.842
27.6	366.981
27.7	367.12
27.8	367.258
27.9	367.397
28	367.535
28.1	367.673
28.2	367.812
28.3	367.95
28.4	368.087
28.5	368.225
28.6	368.362
28.7	368.5
28.8	368.637
28.9	368.774
29	368.91
29.1	369.047
29.2	369.183
29.3	369.32
29.4	369.456
29.5	369.592
29.6	369.728
29.7	369.863
29.8	369.999
29.9	370.134
30	370.269
30.1	370.404
30.2	370.539
30.3	370.673
30.4	370.808
30.5	370.942
30.6	371.076
30.7	371.21
30.8	371.344
30.9	371.478
31	371.611
31.1	371.745
31.2	371.878
31.3	372.011
31.4	372.143
31.5	372.276
31.6	372.409
31.7	372.541
31.8	372.673
31.9	372.805
32	372.937
32.1	373.068
32.2	373.2
32.3	373.331
32.4	373.462
32.5	373.593
32.6	373.724
32.7	373.855
32.8	373.985
32.9	374.116
33	374.246
33.1	374.376
33.2	374.506
33.3	374.635
33.4	374.765
33.5	374.894
33.6	375.023
33.7	375.152
33.8	375.281
33.9	375.41
34	375.538
34.1	375.667
34.2	375.795
34.3	375.923
34.4	376.051
34.5	376.179
34.6	376.306
34.7	376.434
34.8	376.561
34.9	376.688
35	376.815
35.1	376.942
35.2	377.068
35.3	377.195
35.4	377.321
35.5	377.447
35.6	377.573
35.7	377.699
35.8	377.824
35.9	377.95
36	378.075
36.1	378.2
36.2	378.325
36.3	378.45
36.4	378.575
36.5	378.699
36.6	378.824
36.7	378.948
36.8	379.072
36.9	379.196
37	379.32
37.1	379.443
37.2	379.567
37.3	379.69
37.4	379.813
37.5	379.936
37.6	380.059
37.7	380.182
37.8	380.304
37.9	380.426
38	380.549
38.1	380.671
38.2	380.793
38.3	380.914
38.4	381.036
38.5	381.157
38.6	381.279
38.7	381.4
38.8	381.521
38.9	381.642
39	381.762
39.1	381.883
39.2	382.003
39.3	382.124
39.4	382.244
39.5	382.364
39.6	382.483
39.7	382.603
39.8	382.723
39.9	382.842
40	382.961
40.1	383.08
40.2	383.199
40.3	383.318
40.4	383.437
40.5	383.555
40.6	383.673
40.7	383.792
40.8	383.91
40.9	384.027
41	384.145
41.1	384.263
41.2	384.38
41.3	384.498
41.4	384.615
41.5	384.732
41.6	384.849
41.7	384.965
41.8	385.082
41.9	385.199
42	385.315
42.1	385.431
42.2	385.547
42.3	385.663
42.4	385.779
42.5	385.894
42.6	386.01
42.7	386.125
42.8	386.24
42.9	386.355
43	386.47
43.1	386.585
43.2	386.7
43.3	386.814
43.4	386.929
43.5	387.043
43.6	387.157
43.7	387.271
43.8	387.385
43.9	387.499
44	387.612
44.1	387.726
44.2	387.839
44.3	387.952
44.4	388.065
44.5	388.178
44.6	388.291
44.7	388.403
44.8	388.516
44.9	388.628
45	388.74
45.1	388.853
45.2	388.964
45.3	389.076
45.4	389.188
45.5	389.3
45.6	389.411
45.7	389.522
45.8	389.634
45.9	389.745
46	389.855
46.1	389.966
46.2	390.077
46.3	390.187
46.4	390.298
46.5	390.408
46.6	390.518
46.7	390.628
46.8	390.738
46.9	390.848
47	390.958
47.1	391.067
47.2	391.176
47.3	391.286
47.4	391.395
47.5	391.504
47.6	391.613
47.7	391.722
47.8	391.83
47.9	391.939
48	392.047
48.1	392.155
48.2	392.263
48.3	392.371
48.4	392.479
48.5	392.587
48.6	392.695
48.7	392.802
48.8	392.91
48.9	393.017
49	393.124
49.1	393.231
49.2	393.338
49.3	393.445
49.4	393.552
49.5	393.658
49.6	393.765
49.7	393.871
49.8	393.977
49.9	394.083
50	394.189
50.1	394.295
50.2	394.401
50.3	394.506
50.4	394.612
50.5	394.717
50.6	394.823
50.7	394.928
50.8	395.033
50.9	395.138
51	395.242
51.1	395.347
51.2	395.452
51.3	395.556
51.4	395.66
51.5	395.765
51.6	395.869
51.7	395.973
51.8	396.077
51.9	396.18
52	396.284
52.1	396.388
52.2	396.491
52.3	396.594
52.4	396.698
52.5	396.801
52.6	396.904
52.7	397.007
52.8	397.109
52.9	397.212
53	397.314
53.1	397.417
53.2	397.519
53.3	397.621
53.4	397.723
53.5	397.825
53.6	397.927
53.7	398.029
53.8	398.131
53.9	398.232
54	398.334
54.1	398.435
54.2	398.536
54.3	398.637
54.4	398.738
54.5	398.839
54.6	398.94
54.7	399.041
54.8	399.141
54.9	399.242
55	399.342
55.1	399.443
55.2	399.543
55.3	399.643
55.4	399.743
55.5	399.843
55.6	399.942
55.7	400.042
55.8	400.141
55.9	400.241
56	400.34
56.1	400.439
56.2	400.539
56.3	400.638
56.4	400.736
56.5	400.835
56.6	400.934
56.7	401.033
56.8	401.131
56.9	401.229
57	401.328
57.1	401.426
57.2	401.524
57.3	401.622
57.4	401.72
57.5	401.818
57.6	401.915
57.7	402.013
57.8	402.111
57.9	402.208
58	402.305
58.1	402.402
58.2	402.5
58.3	402.597
58.4	402.693
58.5	402.79
58.6	402.887
58.7	402.984
58.8	403.08
58.9	403.176
59	403.273
59.1	403.369
59.2	403.465
59.3	403.561
59.4	403.657
59.5	403.753
59.6	403.849
59.7	403.944
59.8	404.04
59.9	404.135
60	404.231
60.1	404.326
60.2	404.421
60.3	404.516
60.4	404.611
60.5	404.706
60.6	404.801
60.7	404.895
60.8	404.99
60.9	405.085
61	405.179
61.1	405.273
61.2	405.368
61.3	405.462
61.4	405.556
61.5	405.65
61.6	405.744
61.7	405.837
61.8	405.931
61.9	406.025
62	406.118
62.1	406.212
62.2	406.305
62.3	406.398
62.4	406.491
62.5	406.584
62.6	406.677
62.7	406.77
62.8	406.863
62.9	406.956
63	407.048
63.1	407.141
63.2	407.233
63.3	407.325
63.4	407.418
63.5	407.51
63.6	407.602
63.7	407.694
63.8	407.786
63.9	407.877
64	407.969
64.1	408.061
64.2	408.152
64.3	408.244
64.4	408.335
64.5	408.426
64.6	408.518
64.7	408.609
64.8	408.7
64.9	408.791
65	408.882
65.1	408.972
65.2	409.063
65.3	409.154
65.4	409.244
65.5	409.335
65.6	409.425
65.7	409.515
65.8	409.605
65.9	409.695
66	409.785
66.1	409.875
66.2	409.965
66.3	410.055
66.4	410.145
66.5	410.234
66.6	410.324
66.7	410.413
66.8	410.502
66.9	410.592
67	410.681
67.1	410.77
67.2	410.859
67.3	410.948
67.4	411.037
67.5	411.125
67.6	411.214
67.7	411.303
67.8	411.391
67.9	411.48
68	411.568
68.1	411.656
68.2	411.745
68.3	411.833
68.4	411.921
68.5	412.009
68.6	412.097
68.7	412.184
68.8	412.272
68.9	412.36
69	412.447
69.1	412.535
69.2	412.622
69.3	412.71
69.4	412.797
69.5	412.884
69.6	412.971
69.7	413.058
69.8	413.145
69.9	413.232
70	413.319
70.1	413.405
70.2	413.492
70.3	413.578
70.4	413.665
70.5	413.751
70.6	413.838
70.7	413.924
70.8	414.01
70.9	414.096
71	414.182
71.1	414.268
71.2	414.354
71.3	414.44
71.4	414.526
71.5	414.611
71.6	414.697
71.7	414.782
71.8	414.868
71.9	414.953
72	415.038
72.1	415.123
72.2	415.209
72.3	415.294
72.4	415.379
72.5	415.463
72.6	415.548
72.7	415.633
72.8	415.718
72.9	415.802
73	415.887
73.1	415.971
73.2	416.056
73.3	416.14
73.4	416.224
73.5	416.308
73.6	416.392
73.7	416.476
73.8	416.56
73.9	416.644
74	416.728
74.1	416.812
74.2	416.896
74.3	416.979
74.4	417.063
74.5	417.146
74.6	417.229
74.7	417.313
74.8	417.396
74.9	417.479
75	417.562
75.1	417.645
75.2	417.728
75.3	417.811
75.4	417.894
75.5	417.977
75.6	418.059
75.7	418.142
75.8	418.225
75.9	418.307
76	418.389
76.1	418.472
76.2	418.554
76.3	418.636
76.4	418.718
76.5	418.8
76.6	418.882
76.7	418.964
76.8	419.046
76.9	419.128
77	419.21
77.1	419.291
77.2	419.373
77.3	419.454
77.4	419.536
77.5	419.617
77.6	419.699
77.7	419.78
77.8	419.861
77.9	419.942
78	420.023
78.1	420.104
78.2	420.185
78.3	420.266
78.4	420.347
78.5	420.427
78.6	420.508
78.7	420.589
78.8	420.669
78.9	420.75
79	420.83
79.1	420.91
79.2	420.991
79.3	421.071
79.4	421.151
79.5	421.231
79.6	421.311
79.7	421.391
79.8	421.471
79.9	421.551
80	421.63
80.1	421.71
80.2	421.79
80.3	421.869
80.4	421.949
80.5	422.028
80.6	422.107
80.7	422.187
80.8	422.266
80.9	422.345
81	422.424
81.1	422.503
81.2	422.582
81.3	422.661
81.4	422.74
81.5	422.819
81.6	422.898
81.7	422.976
81.8	423.055
81.9	423.133
82	423.212
82.1	423.29
82.2	423.369
82.3	423.447
82.4	423.525
82.5	423.603
82.6	423.681
82.7	423.76
82.8	423.838
82.9	423.915
83	423.993
83.1	424.071
83.2	424.149
83.3	424.227
83.4	424.304
83.5	424.382
83.6	424.459
83.7	424.537
83.8	424.614
83.9	424.691
84	424.769
84.1	424.846
84.2	424.923
84.3	425
84.4	425.077
84.5	425.154
84.6	425.231
84.7	425.308
84.8	425.385
84.9	425.461
85	425.538
85.1	425.615
85.2	425.691
85.3	425.768
85.4	425.844
85.5	425.921
85.6	425.997
85.7	426.073
85.8	426.149
85.9	426.226
86	426.302
86.1	426.378
86.2	426.454
86.3	426.53
86.4	426.606
86.5	426.681
86.6	426.757
86.7	426.833
86.8	426.908
86.9	426.984
87	427.06
87.1	427.135
87.2	427.21
87.3	427.286
87.4	427.361
87.5	427.436
87.6	427.511
87.7	427.587
87.8	427.662
87.9	427.737
88	427.812
88.1	427.887
88.2	427.961
88.3	428.036
88.4	428.111
88.5	428.186
88.6	428.26
88.7	428.335
88.8	428.409
88.9	428.484
89	428.558
89.1	428.633
89.2	428.707
89.3	428.781
89.4	428.855
89.5	428.929
89.6	429.004
89.7	429.078
89.8	429.152
89.9	429.225
90	429.299
90.1	429.373
90.2	429.447
90.3	429.521
90.4	429.594
90.5	429.668
90.6	429.741
90.7	429.815
90.8	429.888
90.9	429.962
91	430.035
91.1	430.108
91.2	430.182
91.3	430.255
91.4	430.328
91.5	430.401
91.6	430.474
91.7	430.547
91.8	430.62
91.9	430.693
92	430.765
92.1	430.838
92.2	430.911
92.3	430.984
92.4	431.056
92.5	431.129
92.6	431.201
92.7	431.274
92.8	431.346
92.9	431.418
93	431.491
93.1	431.563
93.2	431.635
93.3	431.707
93.4	431.779
93.5	431.851
93.6	431.923
93.7	431.995
93.8	432.067
93.9	432.139
94	432.211
94.1	432.282
94.2	432.354
94.3	432.426
94.4	432.497
94.5	432.569
94.6	432.64
94.7	432.712
94.8	432.783
94.9	432.854
95	432.926
95.1	432.997
95.2	433.068
95.3	433.139
95.4	433.21
95.5	433.281
95.6	433.352
95.7	433.423
95.8	433.494
95.9	433.565
96	433.636
96.1	433.707
96.2	433.777
96.3	433.848
96.4	433.918
96.5	433.989
96.6	434.06
96.7	434.13
96.8	434.2
96.9	434.271
97	434.341
97.1	434.411
97.2	434.481
97.3	434.552
97.4	434.622
97.5	434.692
97.6	434.762
97.7	434.832
97.8	434.902
97.9	434.972
98	435.041
98.1	435.111
98.2	435.181
98.3	435.251
98.4	435.32
98.5	435.39
98.6	435.459
98.7	435.529
98.8	435.598
98.9	435.668
99	435.737
99.1	435.806
99.2	435.876
99.3	435.945
99.4	436.014
99.5	436.083
99.6	436.152
99.7	436.221
99.8	436.29
99.9	436.359
100	436.428
100.1	436.497
100.2	436.566
100.3	436.634
100.4	436.703
100.5	436.772
100.6	436.84
100.7	436.909
100.8	436.977
100.9	437.046
101	437.114
101.1	437.183
101.2	437.251
101.3	437.319
101.4	437.388
101.5	437.456
101.6	437.524
101.7	437.592
101.8	437.66
101.9	437.728
102	437.796
102.1	437.864
102.2	437.932
102.3	438
102.4	438.068
102.5	438.135
102.6	438.203
102.7	438.271
102.8	438.338
102.9	438.406
103	438.473
103.1	438.541
103.2	438.608
103.3	438.676
103.4	438.743
103.5	438.811
103.6	438.878
103.7	438.945
103.8	439.012
103.9	439.079
104	439.146
104.1	439.214
104.2	439.281
104.3	439.348
104.4	439.414
104.5	439.481
104.6	439.548
104.7	439.615
104.8	439.682
104.9	439.748
105	439.815
105.1	439.882
105.2	439.948
105.3	440.015
105.4	440.081
105.5	440.148
105.6	440.214
105.7	440.281
105.8	440.347
105.9	440.413
106	440.48
106.1	440.546
106.2	440.612
106.3	440.678
106.4	440.744
106.5	440.81
106.6	440.876
106.7	440.942
106.8	441.008
106.9	441.074
107	441.14
107.1	441.205
107.2	441.271
107.3	441.337
107.4	441.403
107.5	441.468
107.6	441.534
107.7	441.599
107.8	441.665
107.9	441.73
108	441.796
108.1	441.861
108.2	441.926
108.3	441.992
108.4	442.057
108.5	442.122
108.6	442.187
108.7	442.253
108.8	442.318
108.9	442.383
109	442.448
109.1	442.513
109.2	442.578
109.3	442.642
109.4	442.707
109.5	442.772
109.6	442.837
109.7	442.902
109.8	442.966
109.9	443.031
110	443.096
110.1	443.16
110.2	443.225
110.3	443.289
110.4	443.354
110.5	443.418
110.6	443.482
110.7	443.547
110.8	443.611
110.9	443.675
111	443.74
111.1	443.804
111.2	443.868
111.3	443.932
111.4	443.996
111.5	444.06
111.6	444.124
111.7	444.188
111.8	444.252
111.9	444.316
112	444.38
112.1	444.443
112.2	444.507
112.3	444.571
112.4	444.635
112.5	444.698
112.6	444.762
112.7	444.825
112.8	444.889
112.9	444.952
113	445.016
113.1	445.079
113.2	445.143
113.3	445.206
113.4	445.269
113.5	445.332
113.6	445.396
113.7	445.459
113.8	445.522
113.9	445.585
114	445.648
114.1	445.711
114.2	445.774
114.3	445.837
114.4	445.9
114.5	445.963
114.6	446.026
114.7	446.089
114.8	446.151
114.9	446.214
115	446.277
115.1	446.339
115.2	446.402
115.3	446.465
115.4	446.527
115.5	446.59
115.6	446.652
115.7	446.715
115.8	446.777
115.9	446.839
116	446.902
116.1	446.964
116.2	447.026
116.3	447.089
116.4	447.151
116.5	447.213
116.6	447.275
116.7	447.337
116.8	447.399
116.9	447.461
117	447.523
117.1	447.585
117.2	447.647
117.3	447.709
117.4	447.771
117.5	447.832
117.6	447.894
117.7	447.956
117.8	448.017
117.9	448.079
118	448.141
118.1	448.202
118.2	448.264
118.3	448.325
118.4	448.387
118.5	448.448
118.6	448.51
118.7	448.571
118.8	448.632
118.9	448.694
119	448.755
119.1	448.816
119.2	448.877
119.3	448.938
119.4	448.999
119.5	449.061
119.6	449.122
119.7	449.183
119.8	449.244
119.9	449.304
120	449.365
120.1	449.426
120.2	449.487
120.3	449.548
120.4	449.609
120.5	449.669
120.6	449.73
120.7	449.791
120.8	449.851
120.9	449.912
121	449.972
121.1	450.033
121.2	450.094
121.3	450.154
121.4	450.214
121.5	450.275
121.6	450.335
121.7	450.395
121.8	450.456
121.9	450.516
122	450.576
122.1	450.636
122.2	450.697
122.3	450.757
122.4	450.817
122.5	450.877
122.6	450.937
122.7	450.997
122.8	451.057
122.9	451.117
123	451.177
123.1	451.236
123.2	451.296
123.3	451.356
123.4	451.416
123.5	451.475
123.6	451.535
123.7	451.595
123.8	451.654
123.9	451.714
124	451.774
124.1	451.833
124.2	451.893
124.3	451.952
124.4	452.011
124.5	452.071
124.6	452.13
124.7	452.189
124.8	452.249
124.9	452.308
125	452.367
125.1	452.426
125.2	452.486
125.3	452.545
125.4	452.604
125.5	452.663
125.6	452.722
125.7	452.781
125.8	452.84
125.9	452.899
126	452.958
126.1	453.017
126.2	453.075
126.3	453.134
126.4	453.193
126.5	453.252
126.6	453.31
126.7	453.369
126.8	453.428
126.9	453.486
127	453.545
127.1	453.603
127.2	453.662
127.3	453.72
127.4	453.779
127.5	453.837
127.6	453.896
127.7	453.954
127.8	454.012
127.9	454.071
128	454.129
128.1	454.187
128.2	454.245
128.3	454.304
128.4	454.362
128.5	454.42
128.6	454.478
128.7	454.536
128.8	454.594
128.9	454.652
129	454.71
129.1	454.768
129.2	454.826
129.3	454.884
129.4	454.941
129.5	454.999
129.6	455.057
129.7	455.115
129.8	455.172
129.9	455.23
130	455.288
130.1	455.345
130.2	455.403
130.3	455.461
130.4	455.518
130.5	455.576
130.6	455.633
130.7	455.69
130.8	455.748
130.9	455.805
131	455.863
131.1	455.92
131.2	455.977
131.3	456.034
131.4	456.092
131.5	456.149
131.6	456.206
131.7	456.263
131.8	456.32
131.9	456.377
132	456.434
132.1	456.491
132.2	456.548
132.3	456.605
132.4	456.662
132.5	456.719
132.6	456.776
132.7	456.833
132.8	456.89
132.9	456.946
133	457.003
133.1	457.06
133.2	457.117
133.3	457.173
133.4	457.23
133.5	457.287
133.6	457.343
133.7	457.4
133.8	457.456
133.9	457.513
134	457.569
134.1	457.626
134.2	457.682
134.3	457.738
134.4	457.795
134.5	457.851
134.6	457.907
134.7	457.963
134.8	458.02
134.9	458.076
135	458.132
135.1	458.188
135.2	458.244
135.3	458.3
135.4	458.356
135.5	458.412
135.6	458.468
135.7	458.524
135.8	458.58
135.9	458.636
136	458.692
136.1	458.748
136.2	458.804
136.3	458.86
136.4	458.915
136.5	458.971
136.6	459.027
136.7	459.082
136.8	459.138
136.9	459.194
137	459.249
137.1	459.305
137.2	459.36
137.3	459.416
137.4	459.471
137.5	459.527
137.6	459.582
137.7	459.638
137.8	459.693
137.9	459.748
138	459.804
138.1	459.859
138.2	459.914
138.3	459.97
138.4	460.025
138.5	460.08
138.6	460.135
138.7	460.19
138.8	460.245
138.9	460.3
139	460.355
139.1	460.41
139.2	460.465
139.3	460.52
139.4	460.575
139.5	460.63
139.6	460.685
139.7	460.74
139.8	460.795
139.9	460.85
140	460.904
140.1	460.959
140.2	461.014
140.3	461.068
140.4	461.123
140.5	461.178
140.6	461.232
140.7	461.287
140.8	461.341
140.9	461.396
141	461.451
141.1	461.505
141.2	461.559
141.3	461.614
141.4	461.668
141.5	461.723
141.6	461.777
141.7	461.831
141.8	461.886
141.9	461.94
142	461.994
142.1	462.048
142.2	462.102
142.3	462.157
142.4	462.211
142.5	462.265
142.6	462.319
142.7	462.373
142.8	462.427
142.9	462.481
143	462.535
143.1	462.589
143.2	462.643
143.3	462.697
143.4	462.751
143.5	462.804
143.6	462.858
143.7	462.912
143.8	462.966
143.9	463.019
144	463.073
144.1	463.127
144.2	463.18
144.3	463.234
144.4	463.288
144.5	463.341
144.6	463.395
144.7	463.448
144.8	463.502
144.9	463.555
145	463.609
145.1	463.662
145.2	463.716
145.3	463.769
145.4	463.822
145.5	463.876
145.6	463.929
145.7	463.982
145.8	464.035
145.9	464.089
146	464.142
146.1	464.195
146.2	464.248
146.3	464.301
146.4	464.354
146.5	464.407
146.6	464.46
146.7	464.514
146.8	464.566
146.9	464.619
147	464.672
147.1	464.725
147.2	464.778
147.3	464.831
147.4	464.884
147.5	464.937
147.6	464.99
147.7	465.042
147.8	465.095
147.9	465.148
148	465.2
148.1	465.253
148.2	465.306
148.3	465.358
148.4	465.411
148.5	465.464
148.6	465.516
148.7	465.569
148.8	465.621
148.9	465.674
149	465.726
149.1	465.778
149.2	465.831
149.3	465.883
149.4	465.936
149.5	465.988
149.6	466.04
149.7	466.092
149.8	466.145
149.9	466.197
150	466.249
150.1	466.301
150.2	466.353
150.3	466.406
150.4	466.458
150.5	466.51
150.6	466.562
150.7	466.614
150.8	466.666
150.9	466.718
151	466.77
151.1	466.822
151.2	466.874
151.3	466.926
151.4	466.977
151.5	467.029
151.6	467.081
151.7	467.133
151.8	467.185
151.9	467.236
152	467.288
152.1	467.34
152.2	467.391
152.3	467.443
152.4	467.495
152.5	467.546
152.6	467.598
152.7	467.649
152.8	467.701
152.9	467.752
153	467.804
153.1	467.855
153.2	467.907
153.3	467.958
153.4	468.01
153.5	468.061
153.6	468.112
153.7	468.164
153.8	468.215
153.9	468.266
154	468.318
154.1	468.369
154.2	468.42
154.3	468.471
154.4	468.522
154.5	468.573
154.6	468.625
154.7	468.676
154.8	468.727
154.9	468.778
155	468.829
155.1	468.88
155.2	468.931
155.3	468.982
155.4	469.033
155.5	469.083
155.6	469.134
155.7	469.185
155.8	469.236
155.9	469.287
156	469.338
156.1	469.388
156.2	469.439
156.3	469.49
156.4	469.541
156.5	469.591
156.6	469.642
156.7	469.693
156.8	469.743
156.9	469.794
157	469.844
157.1	469.895
157.2	469.945
157.3	469.996
157.4	470.046
157.5	470.097
157.6	470.147
157.7	470.198
157.8	470.248
157.9	470.298
158	470.349
158.1	470.399
158.2	470.449
158.3	470.5
158.4	470.55
158.5	470.6
158.6	470.65
158.7	470.7
158.8	470.751
158.9	470.801
159	470.851
159.1	470.901
159.2	470.951
159.3	471.001
159.4	471.051
159.5	471.101
159.6	471.151
159.7	471.201
159.8	471.251
159.9	471.301
160	471.351
160.1	471.401
160.2	471.451
160.3	471.5
160.4	471.55
160.5	471.6
160.6	471.65
160.7	471.699
160.8	471.749
160.9	471.799
161	471.849
161.1	471.898
161.2	471.948
161.3	471.997
161.4	472.047
161.5	472.097
161.6	472.146
161.7	472.196
161.8	472.245
161.9	472.295
162	472.344
162.1	472.394
162.2	472.443
162.3	472.492
162.4	472.542
162.5	472.591
162.6	472.64
162.7	472.69
162.8	472.739
162.9	472.788
163	472.838
163.1	472.887
163.2	472.936
163.3	472.985
163.4	473.034
163.5	473.084
163.6	473.133
163.7	473.182
163.8	473.231
163.9	473.28
164	473.329
164.1	473.378
164.2	473.427
164.3	473.476
164.4	473.525
164.5	473.574
164.6	473.623
164.7	473.672
164.8	473.72
164.9	473.769
165	473.818
165.1	473.867
165.2	473.916
165.3	473.965
165.4	474.013
165.5	474.062
165.6	474.111
165.7	474.159
165.8	474.208
165.9	474.257
166	474.305
166.1	474.354
166.2	474.402
166.3	474.451
166.4	474.5
166.5	474.548
166.6	474.597
166.7	474.645
166.8	474.694
166.9	474.742
167	474.79
167.1	474.839
167.2	474.887
167.3	474.936
167.4	474.984
167.5	475.032
167.6	475.08
167.7	475.129
167.8	475.177
167.9	475.225
168	475.273
168.1	475.322
168.2	475.37
168.3	475.418
168.4	475.466
168.5	475.514
168.6	475.562
168.7	475.61
168.8	475.658
168.9	475.706
169	475.754
169.1	475.802
169.2	475.85
169.3	475.898
169.4	475.946
169.5	475.994
169.6	476.042
169.7	476.09
169.8	476.138
169.9	476.186
170	476.234
170.1	476.281
170.2	476.329
170.3	476.377
170.4	476.425
170.5	476.472
170.6	476.52
170.7	476.568
170.8	476.615
170.9	476.663
171	476.711
171.1	476.758
171.2	476.806
171.3	476.853
171.4	476.901
171.5	476.948
171.6	476.996
171.7	477.043
171.8	477.091
171.9	477.138
172	477.186
172.1	477.233
172.2	477.28
172.3	477.328
172.4	477.375
172.5	477.422
172.6	477.47
172.7	477.517
172.8	477.564
172.9	477.612
173	477.659
173.1	477.706
173.2	477.753
173.3	477.8
173.4	477.848
173.5	477.895
173.6	477.942
173.7	477.989
173.8	478.036
173.9	478.083
174	478.13
174.1	478.177
174.2	478.224
174.3	478.271
174.4	478.318
174.5	478.365
174.6	478.412
174.7	478.459
174.8	478.506
174.9	478.553
175	478.599
175.1	478.646
175.2	478.693
175.3	478.74
175.4	478.787
175.5	478.833
175.6	478.88
175.7	478.927
175.8	478.973
175.9	479.02
176	479.067
176.1	479.113
176.2	479.16
176.3	479.207
176.4	479.253
176.5	479.3
176.6	479.346
176.7	479.393
176.8	479.439
176.9	479.486
177	479.532
177.1	479.579
177.2	479.625
177.3	479.672
177.4	479.718
177.5	479.764
177.6	479.811
177.7	479.857
177.8	479.903
177.9	479.95
178	479.996
178.1	480.042
178.2	480.089
178.3	480.135
178.4	480.181
178.5	480.227
178.6	480.273
178.7	480.32
178.8	480.366
178.9	480.412
179	480.458
179.1	480.504
179.2	480.55
179.3	480.596
179.4	480.642
179.5	480.688
179.6	480.734
179.7	480.78
179.8	480.826
179.9	480.872
180	480.918
180.1	480.964
180.2	481.01
180.3	481.056
180.4	481.102
180.5	481.147
180.6	481.193
180.7	481.239
180.8	481.285
180.9	481.331
181	481.376
181.1	481.422
181.2	481.468
181.3	481.513
181.4	481.559
181.5	481.605
181.6	481.65
181.7	481.696
181.8	481.742
181.9	481.787
182	481.833
182.1	481.878
182.2	481.924
182.3	481.969
182.4	482.015
182.5	482.06
182.6	482.106
182.7	482.151
182.8	482.197
182.9	482.242
183	482.287
183.1	482.333
183.2	482.378
183.3	482.423
183.4	482.469
183.5	482.514
183.6	482.559
183.7	482.605
183.8	482.65
183.9	482.695
184	482.74
184.1	482.786
184.2	482.831
184.3	482.876
184.4	482.921
184.5	482.966
184.6	483.011
184.7	483.056
184.8	483.101
184.9	483.147
185	483.192
185.1	483.237
185.2	483.282
185.3	483.327
185.4	483.372
185.5	483.417
185.6	483.461
185.7	483.506
185.8	483.551
185.9	483.596
186	483.641
186.1	483.686
186.2	483.731
186.3	483.776
186.4	483.82
186.5	483.865
186.6	483.91
186.7	483.955
186.8	483.999
186.9	484.044
187	484.089
187.1	484.133
187.2	484.178
187.3	484.223
187.4	484.267
187.5	484.312
187.6	484.357
187.7	484.401
187.8	484.446
187.9	484.49
188	484.535
188.1	484.579
188.2	484.624
188.3	484.668
188.4	484.713
188.5	484.757
188.6	484.802
188.7	484.846
188.8	484.891
188.9	484.935
189	484.979
189.1	485.024
189.2	485.068
189.3	485.112
189.4	485.157
189.5	485.201
189.6	485.245
189.7	485.289
189.8	485.334
189.9	485.378
190	485.422
190.1	485.466
190.2	485.51
190.3	485.554
190.4	485.599
190.5	485.643
190.6	485.687
190.7	485.731
190.8	485.775
190.9	485.819
191	485.863
191.1	485.907
191.2	485.951
191.3	485.995
191.4	486.039
191.5	486.083
191.6	486.127
191.7	486.171
191.8	486.215
191.9	486.259
192	486.303
192.1	486.346
192.2	486.39
192.3	486.434
192.4	486.478
192.5	486.522
192.6	486.565
192.7	486.609
192.8	486.653
192.9	486.697
193	486.74
193.1	486.784
193.2	486.828
193.3	486.871
193.4	486.915
193.5	486.959
193.6	487.002
193.7	487.046
193.8	487.089
193.9	487.133
194	487.177
194.1	487.22
194.2	487.264
194.3	487.307
194.4	487.351
194.5	487.394
194.6	487.438
194.7	487.481
194.8	487.524
194.9	487.568
195	487.611
195.1	487.655
195.2	487.698
195.3	487.741
195.4	487.785
195.5	487.828
195.6	487.871
195.7	487.914
195.8	487.958
195.9	488.001
196	488.044
196.1	488.087
196.2	488.131
196.3	488.174
196.4	488.217
196.5	488.26
196.6	488.303
196.7	488.346
196.8	488.39
196.9	488.433
197	488.476
197.1	488.519
197.2	488.562
197.3	488.605
197.4	488.648
197.5	488.691
197.6	488.734
197.7	488.777
197.8	488.82
197.9	488.863
198	488.906
198.1	488.949
198.2	488.991
198.3	489.034
198.4	489.077
198.5	489.12
198.6	489.163
198.7	489.206
198.8	489.248
198.9	489.291
199	489.334
199.1	489.377
199.2	489.42
199.3	489.462
199.4	489.505
199.5	489.548
199.6	489.59
199.7	489.633
199.8	489.676
199.9	489.718
200	489.761
200.1	489.803
200.2	489.846
200.3	489.889
200.4	489.931
200.5	489.974
200.6	490.016
200.7	490.059
200.8	490.101
200.9	490.144
201	490.186
201.1	490.229
201.2	490.271
201.3	490.314
201.4	490.356
201.5	490.398
201.6	490.441
201.7	490.483
201.8	490.525
201.9	490.568
202	490.61
202.1	490.652
202.2	490.695
202.3	490.737
202.4	490.779
202.5	490.821
202.6	490.864
202.7	490.906
202.8	490.948
202.9	490.99
203	491.032
203.1	491.075
203.2	491.117
203.3	491.159
203.4	491.201
203.5	491.243
203.6	491.285
203.7	491.327
203.8	491.369
203.9	491.411
204	491.453
204.1	491.495
204.2	491.537
204.3	491.579
204.4	491.621
204.5	491.663
204.6	491.705
204.7	491.747
204.8	491.789
204.9	491.831
205	491.873
205.1	491.915
205.2	491.956
205.3	491.998
205.4	492.04
205.5	492.082
205.6	492.124
205.7	492.165
205.8	492.207
205.9	492.249
206	492.291
206.1	492.332
206.2	492.374
206.3	492.416
206.4	492.457
206.5	492.499
206.6	492.541
206.7	492.582
206.8	492.624
206.9	492.666
207	492.707
207.1	492.749
207.2	492.79
207.3	492.832
207.4	492.873
207.5	492.915
207.6	492.956
207.7	492.998
207.8	493.039
207.9	493.081
208	493.122
208.1	493.164
208.2	493.205
208.3	493.246
208.4	493.288
208.5	493.329
208.6	493.371
208.7	493.412
208.8	493.453
208.9	493.495
209	493.536
209.1	493.577
209.2	493.618
209.3	493.66
209.4	493.701
209.5	493.742
209.6	493.783
209.7	493.825
209.8	493.866
209.9	493.907
210	493.948
210.1	493.989
210.2	494.03
210.3	494.072
210.4	494.113
210.5	494.154
210.6	494.195
210.7	494.236
210.8	494.277
210.9	494.318
211	494.359
211.1	494.4
211.2	494.441
211.3	494.482
211.4	494.523
211.5	494.564
211.6	494.605
211.7	494.646
211.8	494.687
211.9	494.728
212	494.768
212.1	494.809
212.2	494.85
212.3	494.891
212.4	494.932
212.5	494.973
212.6	495.013
212.7	495.054
212.8	495.095
212.9	495.136
213	495.177
213.1	495.217
213.2	495.258
213.3	495.299
213.4	495.339
213.5	495.38
213.6	495.421
213.7	495.461
213.8	495.502
213.9	495.543
214	495.583
214.1	495.624
214.2	495.664
214.3	495.705
214.4	495.746
214.5	495.786
214.6	495.827
214.7	495.867
214.8	495.908
214.9	495.948
215	495.989
215.1	496.029
215.2	496.07
215.3	496.11
215.4	496.15
215.5	496.191
215.6	496.231
215.7	496.272
215.8	496.312
215.9	496.352
216	496.393
216.1	496.433
216.2	496.473
216.3	496.514
216.4	496.554
216.5	496.594
216.6	496.634
216.7	496.675
216.8	496.715
216.9	496.755
217	496.795
217.1	496.836
217.2	496.876
217.3	496.916
217.4	496.956
217.5	496.996
217.6	497.036
217.7	497.076
217.8	497.117
217.9	497.157
218	497.197
218.1	497.237
218.2	497.277
218.3	497.317
218.4	497.357
218.5	497.397
218.6	497.437
218.7	497.477
218.8	497.517
218.9	497.557
219	497.597
219.1	497.637
219.2	497.677
219.3	497.717
219.4	497.756
219.5	497.796
219.6	497.836
219.7	497.876
219.8	497.916
219.9	497.956
220	497.996
220.1	498.035
220.2	498.075
220.3	498.115
220.4	498.155
220.5	498.194
220.6	498.234
220.7	498.274
220.8	498.314
220.9	498.353
221	498.393
221.1	498.433
221.2	498.472
221.3	498.512
221.4	498.552
221.5	498.591
221.6	498.631
221.7	498.67
221.8	498.71
221.9	498.75
222	498.789
222.1	498.829
222.2	498.868
222.3	498.908
222.4	498.947
222.5	498.987
222.6	499.026
222.7	499.066
222.8	499.105
222.9	499.145
223	499.184
223.1	499.223
223.2	499.263
223.3	499.302
223.4	499.342
223.5	499.381
223.6	499.42
223.7	499.46
223.8	499.499
223.9	499.538
224	499.578
224.1	499.617
224.2	499.656
224.3	499.696
224.4	499.735
224.5	499.774
224.6	499.813
224.7	499.853
224.8	499.892
224.9	499.931
225	499.97
225.1	500.009
225.2	500.048
225.3	500.088
225.4	500.127
225.5	500.166
225.6	500.205
225.7	500.244
225.8	500.283
225.9	500.322
226	500.361
226.1	500.4
226.2	500.439
226.3	500.478
226.4	500.517
226.5	500.556
226.6	500.595
226.7	500.634
226.8	500.673
226.9	500.712
227	500.751
227.1	500.79
227.2	500.829
227.3	500.868
227.4	500.907
227.5	500.946
227.6	500.984
227.7	501.023
227.8	501.062
227.9	501.101
228	501.14
228.1	501.179
228.2	501.217
228.3	501.256
228.4	501.295
228.5	501.334
228.6	501.372
228.7	501.411
228.8	501.45
228.9	501.489
229	501.527
229.1	501.566
229.2	501.605
229.3	501.643
229.4	501.682
229.5	501.721
229.6	501.759
229.7	501.798
229.8	501.836
229.9	501.875
230	501.914
230.1	501.952
230.2	501.991
230.3	502.029
230.4	502.068
230.5	502.106
230.6	502.145
230.7	502.183
230.8	502.222
230.9	502.26
231	502.299
231.1	502.337
231.2	502.375
231.3	502.414
231.4	502.452
231.5	502.491
231.6	502.529
231.7	502.567
231.8	502.606
231.9	502.644
232	502.682
232.1	502.721
232.2	502.759
232.3	502.797
232.4	502.836
232.5	502.874
232.6	502.912
232.7	502.95
232.8	502.989
232.9	503.027
233	503.065
233.1	503.103
233.2	503.141
233.3	503.18
233.4	503.218
233.5	503.256
233.6	503.294
233.7	503.332
233.8	503.37
233.9	503.409
234	503.447
234.1	503.485
234.2	503.523
234.3	503.561
234.4	503.599
234.5	503.637
234.6	503.675
234.7	503.713
234.8	503.751
234.9	503.789
235	503.827
235.1	503.865
235.2	503.903
235.3	503.941
235.4	503.979
235.5	504.017
235.6	504.055
235.7	504.092
235.8	504.13
235.9	504.168
236	504.206
236.1	504.244
236.2	504.282
236.3	504.32
236.4	504.357
236.5	504.395
236.6	504.433
236.7	504.471
236.8	504.509
236.9	504.546
237	504.584
237.1	504.622
237.2	504.66
237.3	504.697
237.4	504.735
237.5	504.773
237.6	504.81
237.7	504.848
237.8	504.886
237.9	504.923
238	504.961
238.1	504.999
238.2	505.036
238.3	505.074
238.4	505.111
238.5	505.149
238.6	505.187
238.7	505.224
238.8	505.262
238.9	505.299
239	505.337
239.1	505.374
239.2	505.412
239.3	505.449
239.4	505.487
239.5	505.524
239.6	505.562
239.7	505.599
239.8	505.637
239.9	505.674
240	505.711
240.1	505.749
240.2	505.786
240.3	505.824
240.4	505.861
240.5	505.898
240.6	505.936
240.7	505.973
240.8	506.01
240.9	506.048
241	506.085
241.1	506.122
241.2	506.159
241.3	506.197
241.4	506.234
241.5	506.271
241.6	506.308
241.7	506.346
241.8	506.383
241.9	506.42
242	506.457
242.1	506.494
242.2	506.532
242.3	506.569
242.4	506.606
242.5	506.643
242.6	506.68
242.7	506.717
242.8	506.754
242.9	506.792
243	506.829
243.1	506.866
243.2	506.903
243.3	506.94
243.4	506.977
243.5	507.014
243.6	507.051
243.7	507.088
243.8	507.125
243.9	507.162
244	507.199
244.1	507.236
244.2	507.273
244.3	507.31
244.4	507.347
244.5	507.383
244.6	507.42
244.7	507.457
244.8	507.494
244.9	507.531
245	507.568
245.1	507.605
245.2	507.642
245.3	507.678
245.4	507.715
245.5	507.752
245.6	507.789
245.7	507.826
245.8	507.862
245.9	507.899
246	507.936
246.1	507.973
246.2	508.009
246.3	508.046
246.4	508.083
246.5	508.12
246.6	508.156
246.7	508.193
246.8	508.23
246.9	508.266
247	508.303
247.1	508.34
247.2	508.376
247.3	508.413
247.4	508.449
247.5	508.486
247.6	508.523
247.7	508.559
247.8	508.596
247.9	508.632
248	508.669
248.1	508.705
248.2	508.742
248.3	508.778
248.4	508.815
248.5	508.851
248.6	508.888
248.7	508.924
248.8	508.961
248.9	508.997
249	509.034
249.1	509.07
249.2	509.106
249.3	509.143
249.4	509.179
249.5	509.216
249.6	509.252
249.7	509.288
249.8	509.325
249.9	509.361
250	509.397
250.1	509.434
250.2	509.47
250.3	509.506
250.4	509.543
250.5	509.579
250.6	509.615
250.7	509.651
250.8	509.688
250.9	509.724
251	509.76
251.1	509.796
251.2	509.833
251.3	509.869
251.4	509.905
251.5	509.941
251.6	509.977
251.7	510.013
251.8	510.05
251.9	510.086
252	510.122
252.1	510.158
252.2	510.194
252.3	510.23
252.4	510.266
252.5	510.302
252.6	510.338
252.7	510.374
252.8	510.41
252.9	510.446
253	510.483
253.1	510.519
253.2	510.555
253.3	510.591
253.4	510.626
253.5	510.662
253.6	510.698
253.7	510.734
253.8	510.77
253.9	510.806
254	510.842
254.1	510.878
254.2	510.914
254.3	510.95
254.4	510.986
254.5	511.022
254.6	511.057
254.7	511.093
254.8	511.129
254.9	511.165
255	511.201
255.1	511.237
255.2	511.272
255.3	511.308
255.4	511.344
255.5	511.38
255.6	511.415
255.7	511.451
255.8	511.487
255.9	511.523
256	511.558
256.1	511.594
256.2	511.63
256.3	511.666
256.4	511.701
256.5	511.737
256.6	511.773
256.7	511.808
256.8	511.844
256.9	511.879
257	511.915
257.1	511.951
257.2	511.986
257.3	512.022
257.4	512.057
257.5	512.093
257.6	512.129
257.7	512.164
257.8	512.2
257.9	512.235
258	512.271
258.1	512.306
258.2	512.342
258.3	512.377
258.4	512.413
258.5	512.448
258.6	512.484
258.7	512.519
258.8	512.554
258.9	512.59
259	512.625
259.1	512.661
259.2	512.696
259.3	512.732
259.4	512.767
259.5	512.802
259.6	512.838
259.7	512.873
259.8	512.908
259.9	512.944
260	512.979
260.1	513.014
260.2	513.05
260.3	513.085
260.4	513.12
260.5	513.155
260.6	513.191
260.7	513.226
260.8	513.261
260.9	513.296
261	513.332
261.1	513.367
261.2	513.402
261.3	513.437
261.4	513.472
261.5	513.508
261.6	513.543
261.7	513.578
261.8	513.613
261.9	513.648
262	513.683
262.1	513.718
262.2	513.754
262.3	513.789
262.4	513.824
262.5	513.859
262.6	513.894
262.7	513.929
262.8	513.964
262.9	513.999
263	514.034
263.1	514.069
263.2	514.104
263.3	514.139
263.4	514.174
263.5	514.209
263.6	514.244
263.7	514.279
263.8	514.314
263.9	514.349
264	514.384
264.1	514.419
264.2	514.454
264.3	514.489
264.4	514.523
264.5	514.558
264.6	514.593
264.7	514.628
264.8	514.663
264.9	514.698
265	514.733
265.1	514.768
265.2	514.802
265.3	514.837
265.4	514.872
265.5	514.907
265.6	514.942
265.7	514.976
265.8	515.011
265.9	515.046
266	515.081
266.1	515.115
266.2	515.15
266.3	515.185
266.4	515.219
266.5	515.254
266.6	515.289
266.7	515.324
266.8	515.358
266.9	515.393
267	515.428
267.1	515.462
267.2	515.497
267.3	515.531
267.4	515.566
267.5	515.601
267.6	515.635
267.7	515.67
267.8	515.704
267.9	515.739
268	515.774
268.1	515.808
268.2	515.843
268.3	515.877
268.4	515.912
268.5	515.946
268.6	515.981
268.7	516.015
268.8	516.05
268.9	516.084
269	516.119
269.1	516.153
269.2	516.187
269.3	516.222
269.4	516.256
269.5	516.291
269.6	516.325
269.7	516.36
269.8	516.394
269.9	516.428
270	516.463
270.1	516.497
270.2	516.531
270.3	516.566
270.4	516.6
270.5	516.634
270.6	516.669
270.7	516.703
270.8	516.737
270.9	516.772
271	516.806
271.1	516.84
271.2	516.875
271.3	516.909
271.4	516.943
271.5	516.977
271.6	517.011
271.7	517.046
271.8	517.08
271.9	517.114
272	517.148
272.1	517.182
272.2	517.217
272.3	517.251
272.4	517.285
272.5	517.319
272.6	517.353
272.7	517.387
272.8	517.422
272.9	517.456
273	517.49
273.1	517.524
273.2	517.558
273.3	517.592
273.4	517.626
273.5	517.66
273.6	517.694
273.7	517.728
273.8	517.762
273.9	517.796
274	517.83
274.1	517.864
274.2	517.898
274.3	517.932
274.4	517.966
274.5	518
274.6	518.034
274.7	518.068
274.8	518.102
274.9	518.136
275	518.17
275.1	518.204
275.2	518.238
275.3	518.272
275.4	518.305
275.5	518.339
275.6	518.373
275.7	518.407
275.8	518.441
275.9	518.475
276	518.509
276.1	518.542
276.2	518.576
276.3	518.61
276.4	518.644
276.5	518.678
276.6	518.711
276.7	518.745
276.8	518.779
276.9	518.813
277	518.846
277.1	518.88
277.2	518.914
277.3	518.948
277.4	518.981
277.5	519.015
277.6	519.049
277.7	519.082
277.8	519.116
277.9	519.15
278	519.183
278.1	519.217
278.2	519.251
278.3	519.284
278.4	519.318
278.5	519.352
278.6	519.385
278.7	519.419
278.8	519.452
278.9	519.486
279	519.52
279.1	519.553
279.2	519.587
279.3	519.62
279.4	519.654
279.5	519.687
279.6	519.721
279.7	519.754
279.8	519.788
279.9	519.821
280	519.855
280.1	519.888
280.2	519.922
280.3	519.955
280.4	519.989
280.5	520.022
280.6	520.056
280.7	520.089
280.8	520.122
280.9	520.156
281	520.189
281.1	520.223
281.2	520.256
281.3	520.289
281.4	520.323
281.5	520.356
281.6	520.389
281.7	520.423
281.8	520.456
281.9	520.489
282	520.523
282.1	520.556
282.2	520.589
282.3	520.623
282.4	520.656
282.5	520.689
282.6	520.722
282.7	520.756
282.8	520.789
282.9	520.822
283	520.855
283.1	520.889
283.2	520.922
283.3	520.955
283.4	520.988
283.5	521.021
283.6	521.055
283.7	521.088
283.8	521.121
283.9	521.154
284	521.187
284.1	521.22
284.2	521.253
284.3	521.287
284.4	521.32
284.5	521.353
284.6	521.386
284.7	521.419
284.8	521.452
284.9	521.485
285	521.518
285.1	521.551
285.2	521.584
285.3	521.617
285.4	521.65
285.5	521.683
285.6	521.716
285.7	521.749
285.8	521.782
285.9	521.815
286	521.848
286.1	521.881
286.2	521.914
286.3	521.947
286.4	521.98
286.5	522.013
286.6	522.046
286.7	522.079
286.8	522.112
286.9	522.145
287	522.178
287.1	522.21
287.2	522.243
287.3	522.276
287.4	522.309
287.5	522.342
287.6	522.375
287.7	522.408
287.8	522.44
287.9	522.473
288	522.506
288.1	522.539
288.2	522.572
288.3	522.604
288.4	522.637
288.5	522.67
288.6	522.703
288.7	522.735
288.8	522.768
288.9	522.801
289	522.834
289.1	522.866
289.2	522.899
289.3	522.932
289.4	522.965
289.5	522.997
289.6	523.03
289.7	523.063
289.8	523.095
289.9	523.128
290	523.161
290.1	523.193
290.2	523.226
290.3	523.258
290.4	523.291
290.5	523.324
290.6	523.356
290.7	523.389
290.8	523.421
290.9	523.454
291	523.487
291.1	523.519
291.2	523.552
291.3	523.584
291.4	523.617
291.5	523.649
291.6	523.682
291.7	523.714
291.8	523.747
291.9	523.779
292	523.812
292.1	523.844
292.2	523.877
292.3	523.909
292.4	523.942
292.5	523.974
292.6	524.007
292.7	524.039
292.8	524.071
292.9	524.104
293	524.136
293.1	524.169
293.2	524.201
293.3	524.233
293.4	524.266
293.5	524.298
293.6	524.33
293.7	524.363
293.8	524.395
293.9	524.428
294	524.46
294.1	524.492
294.2	524.524
294.3	524.557
294.4	524.589
294.5	524.621
294.6	524.654
294.7	524.686
294.8	524.718
294.9	524.75
295	524.783
295.1	524.815
295.2	524.847
295.3	524.879
295.4	524.912
295.5	524.944
295.6	524.976
295.7	525.008
295.8	525.04
295.9	525.073
296	525.105
296.1	525.137
296.2	525.169
296.3	525.201
296.4	525.233
296.5	525.265
296.6	525.298
296.7	525.33
296.8	525.362
296.9	525.394
297	525.426
297.1	525.458
297.2	525.49
297.3	525.522
297.4	525.554
297.5	525.586
297.6	525.618
297.7	525.65
297.8	525.682
297.9	525.714
298	525.746
298.1	525.778
298.2	525.81
298.3	525.842
298.4	525.874
298.5	525.906
298.6	525.938
298.7	525.97
298.8	526.002
298.9	526.034
299	526.066
299.1	526.098
299.2	526.13
299.3	526.162
299.4	526.194
299.5	526.226
299.6	526.258
299.7	526.289
299.8	526.321
299.9	526.353
300	526.385
