A	Vg	Vf	k	w
-9.99194	1.9159e+11	0	5.89028e-10	1.99973e-09
-9.98194	1.87627e+11	0	6.00875e-10	2.03905e-09
-9.97194	1.83745e+11	0	6.12961e-10	2.07913e-09
-9.96194	1.79943e+11	0	6.25289e-10	2.12001e-09
-9.95194	1.7622e+11	0	6.37865e-10	2.16168e-09
-9.94194	1.72574e+11	0	6.50693e-10	2.20418e-09
-9.93194	1.69003e+11	0	6.6378e-10	2.2475e-09
-9.92194	1.65506e+11	0	6.77129e-10	2.29168e-09
-9.91194	1.62081e+11	0	6.90746e-10	2.33672e-09
-9.90194	1.58727e+11	0	7.04638e-10	2.38265e-09
-9.89194	1.55442e+11	0	7.18808e-10	2.42948e-09
-9.88194	1.52225e+11	0	7.33263e-10	2.47723e-09
-9.87194	1.49074e+11	0	7.48008e-10	2.52591e-09
-9.86194	1.45989e+11	0	7.6305e-10	2.57555e-09
-9.85194	1.42967e+11	0	7.78393e-10	2.62617e-09
-9.84194	1.40008e+11	0	7.94046e-10	2.67778e-09
-9.83194	1.3711e+11	0	8.10012e-10	2.7304e-09
-9.82194	1.34271e+11	0	8.26299e-10	2.78405e-09
-9.81194	1.31492e+11	0	8.42914e-10	2.83875e-09
-9.80194	1.2877e+11	0	8.59862e-10	2.89453e-09
-9.79194	1.26104e+11	0	8.7715e-10	2.9514e-09
-9.78194	1.23493e+11	0	8.94786e-10	3.00939e-09
-9.77194	1.20936e+11	0	9.12776e-10	3.06851e-09
-9.76194	1.18432e+11	0	9.31128e-10	3.1288e-09
-9.75194	1.1598e+11	0	9.49848e-10	3.19027e-09
-9.74194	1.13578e+11	0	9.68944e-10	3.25294e-09
-9.73194	1.11226e+11	0	9.88423e-10	3.31684e-09
-9.72194	1.08923e+11	0	1.00829e-09	3.38199e-09
-9.71194	1.06667e+11	0	1.02856e-09	3.44843e-09
-9.70194	1.04458e+11	0	1.04924e-09	3.51616e-09
-9.69194	1.02295e+11	0	1.07033e-09	3.58522e-09
-9.68194	1.00176e+11	0	1.09185e-09	3.65564e-09
-9.67194	9.81012e+10	0	1.1138e-09	3.72744e-09
-9.66194	9.60692e+10	0	1.13619e-09	3.80065e-09
-9.65194	9.40792e+10	0	1.15902e-09	3.87529e-09
-9.64194	9.21304e+10	0	1.18232e-09	3.95139e-09
-9.63194	9.02218e+10	0	1.20609e-09	4.02899e-09
-9.62194	8.83527e+10	0	1.23033e-09	4.10811e-09
-9.61194	8.65223e+10	0	1.25506e-09	4.18878e-09
-9.60194	8.47297e+10	0	1.28028e-09	4.27103e-09
-9.59194	8.29742e+10	0	1.30601e-09	4.35489e-09
-9.58194	8.1255e+10	0	1.33226e-09	4.44039e-09
-9.57194	7.95714e+10	0	1.35903e-09	4.52758e-09
-9.56194	7.79226e+10	0	1.38635e-09	4.61647e-09
-9.55194	7.63078e+10	0	1.41421e-09	4.7071e-09
-9.54194	7.47265e+10	0	1.44263e-09	4.79951e-09
-9.53194	7.31779e+10	0	1.47162e-09	4.89373e-09
-9.52194	7.16613e+10	0	1.50119e-09	4.98979e-09
-9.51194	7.01761e+10	0	1.53136e-09	5.08774e-09
-9.50194	6.87216e+10	0	1.56213e-09	5.18761e-09
-9.49194	6.72972e+10	0	1.59352e-09	5.28943e-09
-9.48194	6.59023e+10	0	1.62554e-09	5.39325e-09
-9.47194	6.45362e+10	0	1.6582e-09	5.49911e-09
-9.46194	6.31984e+10	0	1.69152e-09	5.60704e-09
-9.45194	6.18883e+10	0	1.72551e-09	5.71708e-09
-9.44194	6.06053e+10	0	1.76017e-09	5.82928e-09
-9.43194	5.93488e+10	0	1.79554e-09	5.94367e-09
-9.42194	5.81183e+10	0	1.83161e-09	6.06031e-09
-9.41194	5.69133e+10	0	1.86841e-09	6.17923e-09
-9.40194	5.57333e+10	0	1.90595e-09	6.30048e-09
-9.39194	5.45776e+10	0	1.94424e-09	6.42411e-09
-9.38194	5.34459e+10	0	1.9833e-09	6.55015e-09
-9.37194	5.23376e+10	0	2.02314e-09	6.67867e-09
-9.36194	5.12522e+10	0	2.06378e-09	6.8097e-09
-9.35194	5.01893e+10	0	2.10524e-09	6.9433e-09
-9.34194	4.91484e+10	0	2.14752e-09	7.07951e-09
-9.33194	4.81291e+10	0	2.19066e-09	7.21839e-09
-9.32194	4.71308e+10	0	2.23466e-09	7.36e-09
-9.31194	4.61532e+10	0	2.27955e-09	7.50437e-09
-9.30194	4.51959e+10	0	2.32533e-09	7.65157e-09
-9.29194	4.42583e+10	0	2.37204e-09	7.80165e-09
-9.28194	4.33402e+10	0	2.41968e-09	7.95467e-09
-9.27194	4.24411e+10	0	2.46828e-09	8.11069e-09
-9.26194	4.15606e+10	0	2.51785e-09	8.26976e-09
-9.25194	4.06983e+10	0	2.56842e-09	8.43194e-09
-9.24194	3.98539e+10	0	2.62e-09	8.5973e-09
-9.23194	3.9027e+10	0	2.67261e-09	8.7659e-09
-9.22194	3.82172e+10	0	2.72628e-09	8.93779e-09
-9.21194	3.74242e+10	0	2.78103e-09	9.11305e-09
-9.20194	3.66476e+10	0	2.83687e-09	9.29174e-09
-9.19194	3.58871e+10	0	2.89384e-09	9.47393e-09
-9.18194	3.51423e+10	0	2.95195e-09	9.65968e-09
-9.17194	3.4413e+10	0	3.01122e-09	9.84906e-09
-9.16194	3.36987e+10	0	3.07168e-09	1.00422e-08
-9.15194	3.29993e+10	0	3.13335e-09	1.0239e-08
-9.14194	3.23143e+10	0	3.19626e-09	1.04397e-08
-9.13194	3.16436e+10	0	3.26044e-09	1.06444e-08
-9.12194	3.09867e+10	0	3.32589e-09	1.08531e-08
-9.11194	3.03434e+10	0	3.39267e-09	1.10658e-08
-9.10194	2.97135e+10	0	3.46078e-09	1.12827e-08
-9.09194	2.90966e+10	0	3.53025e-09	1.15038e-08
-9.08194	2.84925e+10	0	3.60112e-09	1.17293e-08
-9.07194	2.7901e+10	0	3.67341e-09	1.19592e-08
-9.06194	2.73216e+10	0	3.74715e-09	1.21935e-08
-9.05194	2.67543e+10	0	3.82236e-09	1.24325e-08
-9.04194	2.61988e+10	0	3.89909e-09	1.26761e-08
-9.03194	2.56547e+10	0	3.97735e-09	1.29245e-08
-9.02194	2.51219e+10	0	4.05718e-09	1.31778e-08
-9.01194	2.46002e+10	0	4.13861e-09	1.3436e-08
-9.00194	2.40893e+10	0	4.22168e-09	1.36992e-08
-8.99194	2.3589e+10	0	4.30641e-09	1.39676e-08
-8.98194	2.3099e+10	0	4.39283e-09	1.42413e-08
-8.97194	2.26192e+10	0	4.48099e-09	1.45203e-08
-8.96194	2.21494e+10	0	4.57092e-09	1.48047e-08
-8.95194	2.16892e+10	0	4.66265e-09	1.50947e-08
-8.94194	2.12387e+10	0	4.75621e-09	1.53904e-08
-8.93194	2.07974e+10	0	4.85165e-09	1.56919e-08
-8.92194	2.03654e+10	0	4.94901e-09	1.59992e-08
-8.91194	1.99422e+10	0	5.04831e-09	1.63126e-08
-8.90194	1.95279e+10	0	5.14961e-09	1.66321e-08
-8.89194	1.91221e+10	0	5.25293e-09	1.69578e-08
-8.88194	1.87248e+10	0	5.35833e-09	1.72899e-08
-8.87194	1.83357e+10	0	5.46583e-09	1.76285e-08
-8.86194	1.79546e+10	0	5.57549e-09	1.79737e-08
-8.85194	1.75815e+10	0	5.68735e-09	1.83257e-08
-8.84194	1.72161e+10	0	5.80144e-09	1.86845e-08
-8.83194	1.68583e+10	0	5.91783e-09	1.90503e-08
-8.82194	1.65079e+10	0	6.03654e-09	1.94233e-08
-8.81194	1.61647e+10	0	6.15763e-09	1.98036e-08
-8.80194	1.58287e+10	0	6.28115e-09	2.01913e-08
-8.79194	1.54997e+10	0	6.40714e-09	2.05866e-08
-8.78194	1.51775e+10	0	6.53566e-09	2.09896e-08
-8.77194	1.48619e+10	0	6.66675e-09	2.14004e-08
-8.76194	1.4553e+10	0	6.80046e-09	2.18193e-08
-8.75194	1.42504e+10	0	6.93685e-09	2.22464e-08
-8.74194	1.39541e+10	0	7.07598e-09	2.26818e-08
-8.73194	1.36639e+10	0	7.21789e-09	2.31257e-08
-8.72194	1.33798e+10	0	7.36264e-09	2.35783e-08
-8.71194	1.31016e+10	0	7.51029e-09	2.40397e-08
-8.70194	1.28291e+10	0	7.6609e-09	2.45102e-08
-8.69194	1.25623e+10	0	7.81452e-09	2.49898e-08
-8.68194	1.2301e+10	0	7.97121e-09	2.54788e-08
-8.67194	1.20452e+10	0	8.13105e-09	2.59773e-08
-8.66194	1.17947e+10	0	8.29408e-09	2.64856e-08
-8.65194	1.15493e+10	0	8.46038e-09	2.70038e-08
-8.64194	1.13091e+10	0	8.63001e-09	2.75321e-08
-8.63194	1.10738e+10	0	8.80303e-09	2.80707e-08
-8.62194	1.08435e+10	0	8.97952e-09	2.86198e-08
-8.61194	1.06179e+10	0	9.15954e-09	2.91797e-08
-8.60194	1.0397e+10	0	9.34316e-09	2.97505e-08
-8.59194	1.01806e+10	0	9.53046e-09	3.03324e-08
-8.58194	9.96881e+09	0	9.72151e-09	3.09256e-08
-8.57194	9.76138e+09	0	9.91638e-09	3.15305e-08
-8.56194	9.55826e+09	0	1.01151e-08	3.21471e-08
-8.55194	9.35935e+09	0	1.03179e-08	3.27758e-08
-8.54194	9.16458e+09	0	1.05247e-08	3.34168e-08
-8.53194	8.97385e+09	0	1.07356e-08	3.40702e-08
-8.52194	8.78708e+09	0	1.09508e-08	3.47364e-08
-8.51194	8.60419e+09	0	1.11703e-08	3.54156e-08
-8.50194	8.42509e+09	0	1.13941e-08	3.61081e-08
-8.49194	8.24972e+09	0	1.16225e-08	3.6814e-08
-8.48194	8.07799e+09	0	1.18554e-08	3.75338e-08
-8.47194	7.90983e+09	0	1.20929e-08	3.82675e-08
-8.46194	7.74516e+09	0	1.23353e-08	3.90156e-08
-8.45194	7.58391e+09	0	1.25824e-08	3.97782e-08
-8.44194	7.42601e+09	0	1.28345e-08	4.05558e-08
-8.43194	7.27139e+09	0	1.30917e-08	4.13485e-08
-8.42194	7.11998e+09	0	1.3354e-08	4.21566e-08
-8.41194	6.97172e+09	0	1.36215e-08	4.29805e-08
-8.40194	6.82654e+09	0	1.38944e-08	4.38205e-08
-8.39194	6.68438e+09	0	1.41728e-08	4.46769e-08
-8.38194	6.54517e+09	0	1.44567e-08	4.55499e-08
-8.37194	6.40885e+09	0	1.47463e-08	4.644e-08
-8.36194	6.27537e+09	0	1.50417e-08	4.73474e-08
-8.35194	6.14466e+09	0	1.5343e-08	4.82725e-08
-8.34194	6.01667e+09	0	1.56503e-08	4.92156e-08
-8.33194	5.89133e+09	0	1.59637e-08	5.01771e-08
-8.32194	5.76861e+09	0	1.62835e-08	5.11574e-08
-8.31194	5.64843e+09	0	1.66096e-08	5.21567e-08
-8.30194	5.53075e+09	0	1.69422e-08	5.31755e-08
-8.29194	5.41552e+09	0	1.72815e-08	5.42142e-08
-8.28194	5.30268e+09	0	1.76276e-08	5.52731e-08
-8.27194	5.19219e+09	0	1.79806e-08	5.63527e-08
-8.26194	5.084e+09	0	1.83406e-08	5.74533e-08
-8.25194	4.97805e+09	0	1.87078e-08	5.85753e-08
-8.24194	4.87431e+09	0	1.90824e-08	5.97192e-08
-8.23194	4.77273e+09	0	1.94645e-08	6.08853e-08
-8.22194	4.67326e+09	0	1.98542e-08	6.20742e-08
-8.21194	4.57585e+09	0	2.02517e-08	6.32862e-08
-8.20194	4.48048e+09	0	2.06571e-08	6.45218e-08
-8.19194	4.38708e+09	0	2.10706e-08	6.57815e-08
-8.18194	4.29563e+09	0	2.14924e-08	6.70658e-08
-8.17194	4.20608e+09	0	2.19226e-08	6.8375e-08
-8.16194	4.11839e+09	0	2.23615e-08	6.97097e-08
-8.15194	4.03253e+09	0	2.2809e-08	7.10704e-08
-8.14194	3.94845e+09	0	2.32656e-08	7.24576e-08
-8.13194	3.86613e+09	0	2.37312e-08	7.38718e-08
-8.12194	3.78551e+09	0	2.42062e-08	7.53136e-08
-8.11194	3.70657e+09	0	2.46906e-08	7.67834e-08
-8.10194	3.62928e+09	0	2.51847e-08	7.82818e-08
-8.09194	3.55359e+09	0	2.56887e-08	7.98093e-08
-8.08194	3.47948e+09	0	2.62027e-08	8.13666e-08
-8.07194	3.40691e+09	0	2.6727e-08	8.29542e-08
-8.06194	3.33585e+09	0	2.72618e-08	8.45728e-08
-8.05194	3.26626e+09	0	2.78072e-08	8.62227e-08
-8.04194	3.19813e+09	0	2.83636e-08	8.79048e-08
-8.03194	3.13142e+09	0	2.8931e-08	8.96197e-08
-8.02194	3.06609e+09	0	2.95098e-08	9.13679e-08
-8.01194	3.00212e+09	0	3.01001e-08	9.31501e-08
-8.00194	2.93949e+09	0	3.07023e-08	9.49669e-08
-7.99194	2.87815e+09	0	3.13164e-08	9.68191e-08
-7.98194	2.8181e+09	0	3.19428e-08	9.87074e-08
-7.97194	2.75929e+09	0	3.25817e-08	1.00632e-07
-7.96194	2.70171e+09	0	3.32334e-08	1.02595e-07
-7.95194	2.64533e+09	0	3.3898e-08	1.04595e-07
-7.94194	2.59012e+09	0	3.45759e-08	1.06635e-07
-7.93194	2.53607e+09	0	3.52674e-08	1.08714e-07
-7.92194	2.48313e+09	0	3.59726e-08	1.10833e-07
-7.91194	2.4313e+09	0	3.6692e-08	1.12994e-07
-7.90194	2.38055e+09	0	3.74256e-08	1.15197e-07
-7.89194	2.33086e+09	0	3.8174e-08	1.17442e-07
-7.88194	2.2822e+09	0	3.89372e-08	1.19732e-07
-7.87194	2.23455e+09	0	3.97157e-08	1.22065e-07
-7.86194	2.1879e+09	0	4.05097e-08	1.24444e-07
-7.85194	2.14222e+09	0	4.13195e-08	1.2687e-07
-7.84194	2.09749e+09	0	4.21455e-08	1.29342e-07
-7.83194	2.05369e+09	0	4.2988e-08	1.31863e-07
-7.82194	2.0108e+09	0	4.38473e-08	1.34432e-07
-7.81194	1.96881e+09	0	4.47237e-08	1.37052e-07
-7.80194	1.92769e+09	0	4.56176e-08	1.39722e-07
-7.79194	1.88743e+09	0	4.65293e-08	1.42444e-07
-7.78194	1.84801e+09	0	4.74592e-08	1.45219e-07
-7.77194	1.80941e+09	0	4.84076e-08	1.48048e-07
-7.76194	1.77161e+09	0	4.9375e-08	1.50932e-07
-7.75194	1.7346e+09	0	5.03616e-08	1.53872e-07
-7.74194	1.69837e+09	0	5.13679e-08	1.56869e-07
-7.73194	1.66289e+09	0	5.23942e-08	1.59924e-07
-7.72194	1.62814e+09	0	5.34411e-08	1.63038e-07
-7.71194	1.59412e+09	0	5.45088e-08	1.66213e-07
-7.70194	1.56081e+09	0	5.55977e-08	1.6945e-07
-7.69194	1.5282e+09	0	5.67084e-08	1.7275e-07
-7.68194	1.49626e+09	0	5.78412e-08	1.76113e-07
-7.67194	1.465e+09	0	5.89966e-08	1.79542e-07
-7.66194	1.43438e+09	0	6.0175e-08	1.83037e-07
-7.65194	1.4044e+09	0	6.13769e-08	1.866e-07
-7.64194	1.37505e+09	0	6.26027e-08	1.90233e-07
-7.63194	1.3463e+09	0	6.3853e-08	1.93936e-07
-7.62194	1.31816e+09	0	6.51282e-08	1.9771e-07
-7.61194	1.29061e+09	0	6.64287e-08	2.01558e-07
-7.60194	1.26362e+09	0	6.77552e-08	2.05481e-07
-7.59194	1.23721e+09	0	6.91081e-08	2.0948e-07
-7.58194	1.21134e+09	0	7.0488e-08	2.13556e-07
-7.57194	1.18601e+09	0	7.18953e-08	2.17711e-07
-7.56194	1.16121e+09	0	7.33306e-08	2.21947e-07
-7.55194	1.13693e+09	0	7.47946e-08	2.26265e-07
-7.54194	1.11315e+09	0	7.62877e-08	2.30667e-07
-7.53194	1.08987e+09	0	7.78105e-08	2.35155e-07
-7.52194	1.06708e+09	0	7.93637e-08	2.39729e-07
-7.51194	1.04476e+09	0	8.09477e-08	2.44392e-07
-7.50194	1.02291e+09	0	8.25633e-08	2.49145e-07
-7.49194	1.00151e+09	0	8.42111e-08	2.53991e-07
-7.48194	9.80561e+08	0	8.58917e-08	2.5893e-07
-7.47194	9.60048e+08	0	8.76057e-08	2.63965e-07
-7.46194	9.39963e+08	0	8.93538e-08	2.69098e-07
-7.45194	9.20297e+08	0	9.11367e-08	2.7433e-07
-7.44194	9.01041e+08	0	9.29552e-08	2.79664e-07
-7.43194	8.82188e+08	0	9.48098e-08	2.85101e-07
-7.42194	8.63728e+08	0	9.67013e-08	2.90643e-07
-7.41194	8.45653e+08	0	9.86304e-08	2.96293e-07
-7.40194	8.27955e+08	0	1.00598e-07	3.02052e-07
-7.39194	8.10627e+08	0	1.02605e-07	3.07923e-07
-7.38194	7.93661e+08	0	1.04651e-07	3.13908e-07
-7.37194	7.77049e+08	0	1.06738e-07	3.20008e-07
-7.36194	7.60784e+08	0	1.08867e-07	3.26227e-07
-7.35194	7.44858e+08	0	1.11038e-07	3.32566e-07
-7.34194	7.29265e+08	0	1.13253e-07	3.39028e-07
-7.33194	7.13998e+08	0	1.15511e-07	3.45615e-07
-7.32194	6.99049e+08	0	1.17814e-07	3.52329e-07
-7.31194	6.84413e+08	0	1.20163e-07	3.59174e-07
-7.30194	6.70082e+08	0	1.22559e-07	3.66151e-07
-7.29194	6.56051e+08	0	1.25003e-07	3.73263e-07
-7.28194	6.42312e+08	0	1.27495e-07	3.80512e-07
-7.27194	6.28861e+08	0	1.30036e-07	3.87903e-07
-7.26194	6.15691e+08	0	1.32628e-07	3.95436e-07
-7.25194	6.02796e+08	0	1.35272e-07	4.03114e-07
-7.24194	5.9017e+08	0	1.37968e-07	4.10942e-07
-7.23194	5.77808e+08	0	1.40718e-07	4.18921e-07
-7.22194	5.65704e+08	0	1.43522e-07	4.27054e-07
-7.21194	5.53853e+08	0	1.46382e-07	4.35345e-07
-7.20194	5.4225e+08	0	1.49299e-07	4.43796e-07
-7.19194	5.30889e+08	0	1.52274e-07	4.5241e-07
-7.18194	5.19766e+08	0	1.55308e-07	4.61191e-07
-7.17194	5.08875e+08	0	1.58402e-07	4.70142e-07
-7.16194	4.98212e+08	0	1.61558e-07	4.79266e-07
-7.15194	4.87771e+08	0	1.64776e-07	4.88567e-07
-7.14194	4.77549e+08	0	1.68059e-07	4.98047e-07
-7.13194	4.67541e+08	0	1.71406e-07	5.07711e-07
-7.12194	4.57742e+08	0	1.7482e-07	5.17561e-07
-7.11194	4.48147e+08	0	1.78302e-07	5.27602e-07
-7.10194	4.38753e+08	0	1.81853e-07	5.37837e-07
-7.09194	4.29556e+08	0	1.85474e-07	5.48269e-07
-7.08194	4.20551e+08	0	1.89167e-07	5.58904e-07
-7.07194	4.11734e+08	0	1.92934e-07	5.69744e-07
-7.06194	4.03102e+08	0	1.96775e-07	5.80793e-07
-7.05194	3.9465e+08	0	2.00693e-07	5.92056e-07
-7.04194	3.86375e+08	0	2.04688e-07	6.03536e-07
-7.03194	3.78273e+08	0	2.08763e-07	6.15238e-07
-7.02194	3.7034e+08	0	2.12919e-07	6.27166e-07
-7.01194	3.62573e+08	0	2.17157e-07	6.39325e-07
-7.00194	3.54969e+08	0	2.21479e-07	6.51718e-07
-6.99194	3.47524e+08	0	2.25886e-07	6.64351e-07
-6.98194	3.40234e+08	2.16718e-310	2.30382e-07	6.77227e-07
-6.97194	3.33098e+08	2.30582e-309	2.34966e-07	6.90353e-07
-6.96194	3.2611e+08	3.22005e-308	2.39642e-07	7.03731e-07
-6.95194	3.19269e+08	4.6427e-307	2.4441e-07	7.17368e-07
-6.94194	3.1257e+08	6.66946e-306	2.49272e-07	7.31268e-07
-6.93194	3.06012e+08	9.5248e-305	2.54232e-07	7.45437e-07
-6.92194	2.99591e+08	1.3525e-303	2.59289e-07	7.59879e-07
-6.91194	2.93305e+08	1.90961e-302	2.64447e-07	7.74599e-07
-6.90194	2.8715e+08	2.68087e-301	2.69707e-07	7.89604e-07
-6.89194	2.81124e+08	3.74224e-300	2.75071e-07	8.04898e-07
-6.88194	2.75224e+08	5.19417e-299	2.80542e-07	8.20487e-07
-6.87194	2.69447e+08	7.16852e-298	2.86121e-07	8.36377e-07
-6.86194	2.63792e+08	9.83726e-297	2.9181e-07	8.52573e-07
-6.85194	2.58255e+08	1.3423e-295	2.97613e-07	8.69082e-07
-6.84194	2.52834e+08	1.82121e-294	3.0353e-07	8.85909e-07
-6.83194	2.47526e+08	2.45701e-293	3.09565e-07	9.0306e-07
-6.82194	2.42329e+08	3.29602e-292	3.15719e-07	9.20543e-07
-6.81194	2.37241e+08	4.39654e-291	3.21995e-07	9.38362e-07
-6.80194	2.3226e+08	5.83139e-290	3.28395e-07	9.56525e-07
-6.79194	2.27383e+08	7.69086e-289	3.34923e-07	9.75038e-07
-6.78194	2.22608e+08	1.0086e-287	3.41579e-07	9.93908e-07
-6.77194	2.17934e+08	1.31526e-286	3.48368e-07	1.01314e-06
-6.76194	2.13357e+08	1.70548e-285	3.5529e-07	1.03275e-06
-6.75194	2.08876e+08	2.19903e-284	3.6235e-07	1.05273e-06
-6.74194	2.04489e+08	2.81945e-283	3.6955e-07	1.07309e-06
-6.73194	2.00193e+08	3.59459e-282	3.76892e-07	1.09385e-06
-6.72194	1.95988e+08	4.55706e-281	3.8438e-07	1.11501e-06
-6.71194	1.91871e+08	5.7448e-280	3.92016e-07	1.13658e-06
-6.70194	1.8784e+08	7.20145e-279	3.99803e-07	1.15856e-06
-6.69194	1.83893e+08	8.97681e-278	4.07744e-07	1.18097e-06
-6.68194	1.8003e+08	1.11271e-276	4.15842e-07	1.2038e-06
-6.67194	1.76247e+08	1.37152e-275	4.24101e-07	1.22708e-06
-6.66194	1.72543e+08	1.68106e-274	4.32523e-07	1.25081e-06
-6.65194	1.68917e+08	2.04893e-273	4.41111e-07	1.27499e-06
-6.64194	1.65367e+08	2.48334e-272	4.4987e-07	1.29963e-06
-6.63194	1.61892e+08	2.99302e-271	4.58802e-07	1.32475e-06
-6.62194	1.58489e+08	3.58717e-270	4.6791e-07	1.35036e-06
-6.61194	1.55158e+08	4.27526e-269	4.77199e-07	1.37646e-06
-6.60194	1.51896e+08	5.06691e-268	4.86671e-07	1.40306e-06
-6.59194	1.48703e+08	5.97167e-267	4.96331e-07	1.43017e-06
-6.58194	1.45577e+08	6.99877e-266	5.06181e-07	1.4578e-06
-6.57194	1.42516e+08	8.15686e-265	5.16227e-07	1.48596e-06
-6.56194	1.3952e+08	9.45366e-264	5.26471e-07	1.51467e-06
-6.55194	1.36586e+08	1.08957e-262	5.36917e-07	1.54393e-06
-6.54194	1.33714e+08	1.24879e-261	5.4757e-07	1.57375e-06
-6.53194	1.30902e+08	1.42333e-260	5.58434e-07	1.60414e-06
-6.52194	1.28149e+08	1.61325e-259	5.69512e-07	1.63512e-06
-6.51194	1.25454e+08	1.81838e-258	5.8081e-07	1.6667e-06
-6.50194	1.22815e+08	2.03822e-257	5.9233e-07	1.69888e-06
-6.49194	1.20232e+08	2.27198e-256	6.04078e-07	1.73168e-06
-6.48194	1.17703e+08	2.51853e-255	6.16058e-07	1.76511e-06
-6.47194	1.15227e+08	2.77638e-254	6.28275e-07	1.79918e-06
-6.46194	1.12803e+08	3.0437e-253	6.40734e-07	1.8339e-06
-6.45194	1.10429e+08	3.31831e-252	6.53438e-07	1.8693e-06
-6.44194	1.08106e+08	3.59771e-251	6.66393e-07	1.90537e-06
-6.43194	1.05831e+08	3.87911e-250	6.79604e-07	1.94214e-06
-6.42194	1.03604e+08	4.15944e-249	6.93076e-07	1.97961e-06
-6.41194	1.01424e+08	4.43544e-248	7.06814e-07	2.0178e-06
-6.40194	9.92894e+07	4.70368e-247	7.20823e-07	2.05673e-06
-6.39194	9.71997e+07	4.96068e-246	7.35108e-07	2.0964e-06
-6.38194	9.51539e+07	5.20292e-245	7.49676e-07	2.13683e-06
-6.37194	9.3151e+07	5.42698e-244	7.64531e-07	2.17804e-06
-6.36194	9.11901e+07	5.62957e-243	7.79679e-07	2.22005e-06
-6.35194	8.92704e+07	5.80763e-242	7.95126e-07	2.26285e-06
-6.34194	8.7391e+07	5.95844e-241	8.10878e-07	2.30648e-06
-6.33194	8.55511e+07	6.07961e-240	8.26941e-07	2.35095e-06
-6.32194	8.37498e+07	6.16924e-239	8.4332e-07	2.39627e-06
-6.31194	8.19863e+07	6.22587e-238	8.60023e-07	2.44245e-06
-6.30194	8.02598e+07	6.24861e-237	8.77055e-07	2.48953e-06
-6.29194	7.85696e+07	6.23711e-236	8.94423e-07	2.5375e-06
-6.28194	7.69149e+07	6.19157e-235	9.12133e-07	2.5864e-06
-6.27194	7.52949e+07	6.11276e-234	9.30193e-07	2.63623e-06
-6.26194	7.3709e+07	6.00198e-233	9.48608e-07	2.68702e-06
-6.25194	7.21564e+07	5.86103e-232	9.67387e-07	2.73879e-06
-6.24194	7.06364e+07	5.69216e-231	9.86536e-07	2.79154e-06
-6.23194	6.91483e+07	5.498e-230	1.00606e-06	2.84531e-06
-6.22194	6.76915e+07	5.28152e-229	1.02597e-06	2.9001e-06
-6.21194	6.62653e+07	5.04592e-228	1.04628e-06	2.95595e-06
-6.20194	6.4869e+07	4.79459e-227	1.06698e-06	3.01286e-06
-6.19194	6.35021e+07	4.531e-226	1.08809e-06	3.07087e-06
-6.18194	6.21639e+07	4.25861e-225	1.10962e-06	3.12999e-06
-6.17194	6.08538e+07	3.98085e-224	1.13157e-06	3.19024e-06
-6.16194	5.95713e+07	3.701e-223	1.15395e-06	3.25164e-06
-6.15194	5.83157e+07	3.42214e-222	1.17678e-06	3.31422e-06
-6.14194	5.70865e+07	3.14713e-221	1.20005e-06	3.37799e-06
-6.13194	5.58832e+07	2.87854e-220	1.22378e-06	3.44299e-06
-6.12194	5.47051e+07	2.6186e-219	1.24798e-06	3.50923e-06
-6.11194	5.35518e+07	2.36924e-218	1.27266e-06	3.57674e-06
-6.10194	5.24227e+07	2.13202e-217	1.29782e-06	3.64554e-06
-6.09194	5.13174e+07	1.90819e-216	1.32347e-06	3.71565e-06
-6.08194	5.02353e+07	1.69862e-215	1.34964e-06	3.78711e-06
-6.07194	4.9176e+07	1.5039e-214	1.37631e-06	3.85994e-06
-6.06194	4.8139e+07	1.32431e-213	1.40351e-06	3.93415e-06
-6.05194	4.71237e+07	1.15988e-212	1.43125e-06	4.00979e-06
-6.04194	4.61298e+07	1.01039e-211	1.45953e-06	4.08687e-06
-6.03194	4.51568e+07	8.75421e-211	1.48837e-06	4.16543e-06
-6.02194	4.42043e+07	7.54399e-210	1.51777e-06	4.24548e-06
-6.01194	4.32718e+07	6.46608e-209	1.54776e-06	4.32707e-06
-6.00194	4.23589e+07	5.51238e-208	1.57833e-06	4.41022e-06
-5.99194	4.14653e+07	4.67408e-207	1.6095e-06	4.49495e-06
-5.98194	4.05904e+07	3.94198e-206	1.64129e-06	4.5813e-06
-5.97194	3.97339e+07	3.3067e-205	1.6737e-06	4.66931e-06
-5.96194	3.88955e+07	2.75892e-204	1.70675e-06	4.75899e-06
-5.95194	3.80747e+07	2.28953e-203	1.74044e-06	4.85039e-06
-5.94194	3.72711e+07	1.88983e-202	1.7748e-06	4.94353e-06
-5.93194	3.64845e+07	1.55155e-201	1.80984e-06	5.03845e-06
-5.92194	3.57144e+07	1.267e-200	1.84556e-06	5.13518e-06
-5.91194	3.49606e+07	1.0291e-199	1.88199e-06	5.23376e-06
-5.90194	3.42226e+07	8.31406e-199	1.91913e-06	5.33422e-06
-5.89194	3.35001e+07	6.68099e-198	1.957e-06	5.43659e-06
-5.88194	3.27929e+07	5.34003e-197	1.99561e-06	5.54092e-06
-5.87194	3.21005e+07	4.24543e-196	2.03498e-06	5.64724e-06
-5.86194	3.14227e+07	3.35721e-195	2.07512e-06	5.75559e-06
-5.85194	3.07592e+07	2.64066e-194	2.11605e-06	5.866e-06
-5.84194	3.01096e+07	2.06599e-193	2.15779e-06	5.97852e-06
-5.83194	2.94738e+07	1.60778e-192	2.20034e-06	6.09319e-06
-5.82194	2.88513e+07	1.24453e-191	2.24373e-06	6.21004e-06
-5.81194	2.82419e+07	9.58232e-191	2.28797e-06	6.32911e-06
-5.80194	2.76454e+07	7.33874e-190	2.33308e-06	6.45046e-06
-5.79194	2.70614e+07	5.59061e-189	2.37907e-06	6.57412e-06
-5.78194	2.64897e+07	4.23629e-188	2.42597e-06	6.70013e-06
-5.77194	2.59301e+07	3.19303e-187	2.47378e-06	6.82855e-06
-5.76194	2.53822e+07	2.39393e-186	2.52253e-06	6.95941e-06
-5.75194	2.48459e+07	1.7853e-185	2.57224e-06	7.09276e-06
-5.74194	2.43209e+07	1.32436e-184	2.62292e-06	7.22865e-06
-5.73194	2.3807e+07	9.77232e-184	2.6746e-06	7.36713e-06
-5.72194	2.33038e+07	7.17274e-183	2.72729e-06	7.50824e-06
-5.71194	2.28113e+07	5.23686e-182	2.78101e-06	7.65205e-06
-5.70194	2.23292e+07	3.80327e-181	2.83578e-06	7.79858e-06
-5.69194	2.18572e+07	2.74754e-180	2.89163e-06	7.94791e-06
-5.68194	2.13952e+07	1.97439e-179	2.94857e-06	8.10007e-06
-5.67194	2.09429e+07	1.41132e-178	3.00662e-06	8.25513e-06
-5.66194	2.05001e+07	1.00352e-177	3.06581e-06	8.41314e-06
-5.65194	2.00667e+07	7.09791e-177	3.12616e-06	8.57416e-06
-5.64194	1.96424e+07	4.99395e-176	3.1877e-06	8.73823e-06
-5.63194	1.92271e+07	3.49515e-175	3.25044e-06	8.90543e-06
-5.62194	1.88205e+07	2.43332e-174	3.3144e-06	9.0758e-06
-5.61194	1.84225e+07	1.68517e-173	3.37962e-06	9.24941e-06
-5.60194	1.80328e+07	1.16092e-172	3.44611e-06	9.42631e-06
-5.59194	1.76514e+07	7.95568e-172	3.51391e-06	9.60658e-06
-5.58194	1.72781e+07	5.42334e-171	3.58303e-06	9.79028e-06
-5.57194	1.69126e+07	3.67769e-170	3.6535e-06	9.97746e-06
-5.56194	1.65548e+07	2.48085e-169	3.72535e-06	1.01682e-05
-5.55194	1.62046e+07	1.66474e-168	3.79861e-06	1.03625e-05
-5.54194	1.58617e+07	1.11126e-167	3.8733e-06	1.05606e-05
-5.53194	1.55261e+07	7.37916e-167	3.94944e-06	1.07624e-05
-5.52194	1.51976e+07	4.87442e-166	4.02708e-06	1.0968e-05
-5.51194	1.4876e+07	3.20305e-165	4.10624e-06	1.11776e-05
-5.50194	1.45612e+07	2.09379e-164	4.18694e-06	1.13911e-05
-5.49194	1.4253e+07	1.36154e-163	4.26922e-06	1.16086e-05
-5.48194	1.39513e+07	8.80758e-163	4.3531e-06	1.18303e-05
-5.47194	1.3656e+07	5.6678e-162	4.43863e-06	1.20562e-05
-5.46194	1.33669e+07	3.62832e-161	4.52583e-06	1.22864e-05
-5.45194	1.3084e+07	2.31063e-160	4.61472e-06	1.25209e-05
-5.44194	1.2807e+07	1.46383e-159	4.70536e-06	1.27599e-05
-5.43194	1.25358e+07	9.22541e-159	4.79776e-06	1.30034e-05
-5.42194	1.22704e+07	5.78389e-158	4.89197e-06	1.32515e-05
-5.41194	1.20106e+07	3.6074e-157	4.98802e-06	1.35044e-05
-5.40194	1.17562e+07	2.23825e-156	5.08594e-06	1.3762e-05
-5.39194	1.15072e+07	1.38154e-155	5.18577e-06	1.40244e-05
-5.38194	1.12635e+07	8.48329e-155	5.28755e-06	1.42919e-05
-5.37194	1.1025e+07	5.18213e-154	5.39132e-06	1.45644e-05
-5.36194	1.07914e+07	3.14919e-153	5.49711e-06	1.48421e-05
-5.35194	1.05628e+07	1.90387e-152	5.60496e-06	1.5125e-05
-5.34194	1.03391e+07	1.14505e-151	5.71492e-06	1.54133e-05
-5.33194	1.012e+07	6.85111e-151	5.82702e-06	1.5707e-05
-5.32194	9.9056e+06	4.07802e-150	5.94131e-06	1.60063e-05
-5.31194	9.69571e+06	2.41485e-149	6.05782e-06	1.63113e-05
-5.30194	9.49026e+06	1.42261e-148	6.17661e-06	1.6622e-05
-5.29194	9.28915e+06	8.33753e-148	6.29771e-06	1.69386e-05
-5.28194	9.09228e+06	4.86122e-147	6.42116e-06	1.72611e-05
-5.27194	8.89958e+06	2.81976e-146	6.54703e-06	1.75898e-05
-5.26194	8.71095e+06	1.62719e-145	6.67535e-06	1.79247e-05
-5.25194	8.5263e+06	9.34166e-145	6.80616e-06	1.82659e-05
-5.24194	8.34556e+06	5.33548e-144	6.93952e-06	1.86135e-05
-5.23194	8.16863e+06	3.0317e-143	7.07548e-06	1.89677e-05
-5.22194	7.99545e+06	1.71381e-142	7.21409e-06	1.93286e-05
-5.21194	7.82592e+06	9.63847e-142	7.35539e-06	1.96963e-05
-5.20194	7.65998e+06	5.39287e-141	7.49945e-06	2.00709e-05
-5.19194	7.49755e+06	3.00193e-140	7.6463e-06	2.04527e-05
-5.18194	7.33855e+06	1.66246e-139	7.79602e-06	2.08416e-05
-5.17194	7.18291e+06	9.15957e-139	7.94864e-06	2.12378e-05
-5.16194	7.03057e+06	5.02078e-138	8.10424e-06	2.16415e-05
-5.15194	6.88144e+06	2.73805e-137	8.26286e-06	2.20528e-05
-5.14194	6.73547e+06	1.48555e-136	8.42457e-06	2.24719e-05
-5.13194	6.59259e+06	8.01884e-136	8.58942e-06	2.28989e-05
-5.12194	6.45272e+06	4.30639e-135	8.75747e-06	2.33339e-05
-5.11194	6.31582e+06	2.30089e-134	8.92879e-06	2.37771e-05
-5.10194	6.18181e+06	1.22309e-133	9.10344e-06	2.42287e-05
-5.09194	6.05064e+06	6.46852e-133	9.28148e-06	2.46887e-05
-5.08194	5.92224e+06	3.40357e-132	9.46298e-06	2.51575e-05
-5.07194	5.79656e+06	1.78176e-131	9.64801e-06	2.5635e-05
-5.06194	5.67353e+06	9.28007e-131	9.83663e-06	2.61215e-05
-5.05194	5.55311e+06	4.80884e-130	1.00289e-05	2.66172e-05
-5.04194	5.43524e+06	2.47925e-129	1.02249e-05	2.71222e-05
-5.03194	5.31987e+06	1.27171e-128	1.04248e-05	2.76367e-05
-5.02194	5.20693e+06	6.49009e-128	1.06285e-05	2.81609e-05
-5.01194	5.09638e+06	3.29538e-127	1.08361e-05	2.86949e-05
-5.00194	4.98818e+06	1.66478e-126	1.10478e-05	2.9239e-05
-4.99194	4.88226e+06	8.36762e-126	1.12636e-05	2.97933e-05
-4.98194	4.77859e+06	4.18452e-125	1.14836e-05	3.0358e-05
-4.97194	4.67711e+06	2.08203e-124	1.17078e-05	3.09333e-05
-4.96194	4.57778e+06	1.0307e-123	1.19364e-05	3.15194e-05
-4.95194	4.48055e+06	5.07662e-123	1.21694e-05	3.21165e-05
-4.94194	4.38539e+06	2.48784e-122	1.24069e-05	3.27248e-05
-4.93194	4.29223e+06	1.21304e-121	1.26491e-05	3.33445e-05
-4.92194	4.20105e+06	5.88479e-121	1.28959e-05	3.39759e-05
-4.91194	4.1118e+06	2.8405e-120	1.31475e-05	3.46191e-05
-4.90194	4.02444e+06	1.36417e-119	1.3404e-05	3.52744e-05
-4.89194	3.93893e+06	6.51853e-119	1.36655e-05	3.59419e-05
-4.88194	3.85524e+06	3.09916e-118	1.3932e-05	3.6622e-05
-4.87194	3.77331e+06	1.46605e-117	1.42037e-05	3.73148e-05
-4.86194	3.69312e+06	6.90033e-117	1.44806e-05	3.80206e-05
-4.85194	3.61463e+06	3.23151e-116	1.47629e-05	3.87396e-05
-4.84194	3.53781e+06	1.50576e-115	1.50507e-05	3.94721e-05
-4.83194	3.46261e+06	6.98115e-115	1.5344e-05	4.02183e-05
-4.82194	3.389e+06	3.22045e-114	1.56431e-05	4.09784e-05
-4.81194	3.31695e+06	1.47818e-113	1.59478e-05	4.17528e-05
-4.80194	3.24644e+06	6.75086e-113	1.62585e-05	4.25417e-05
-4.79194	3.17741e+06	3.06772e-112	1.65752e-05	4.33453e-05
-4.78194	3.10985e+06	1.38706e-111	1.68981e-05	4.4164e-05
-4.77194	3.04372e+06	6.24027e-111	1.72271e-05	4.49979e-05
-4.76194	2.97899e+06	2.79344e-110	1.75625e-05	4.58475e-05
-4.75194	2.91564e+06	1.24424e-109	1.79044e-05	4.67129e-05
-4.74194	2.85363e+06	5.51439e-109	1.82529e-05	4.75945e-05
-4.73194	2.79293e+06	2.43178e-108	1.86082e-05	4.84926e-05
-4.72194	2.73352e+06	1.06705e-107	1.89703e-05	4.94074e-05
-4.71194	2.67537e+06	4.65886e-107	1.93394e-05	5.03393e-05
-4.70194	2.61845e+06	2.024e-106	1.97156e-05	5.12886e-05
-4.69194	2.56274e+06	8.74941e-106	2.00991e-05	5.22556e-05
-4.68194	2.50822e+06	3.76345e-105	2.049e-05	5.32407e-05
-4.67194	2.45484e+06	1.61077e-104	2.08884e-05	5.42441e-05
-4.66194	2.4026e+06	6.85999e-104	2.12945e-05	5.52662e-05
-4.65194	2.35147e+06	2.90708e-103	2.17085e-05	5.63074e-05
-4.64194	2.30143e+06	1.22584e-102	2.21304e-05	5.7368e-05
-4.63194	2.25244e+06	5.14348e-102	2.25605e-05	5.84484e-05
-4.62194	2.2045e+06	2.14747e-101	2.29988e-05	5.95488e-05
-4.61194	2.15757e+06	8.92171e-101	2.34457e-05	6.06698e-05
-4.60194	2.11164e+06	3.68823e-100	2.39011e-05	6.18117e-05
-4.59194	2.06668e+06	1.51719e-99	2.43653e-05	6.29747e-05
-4.58194	2.02268e+06	6.21034e-99	2.48384e-05	6.41595e-05
-4.57194	1.97961e+06	2.52956e-98	2.53207e-05	6.53662e-05
-4.56194	1.93745e+06	1.02525e-97	2.58122e-05	6.65954e-05
-4.55194	1.89619e+06	4.13499e-97	2.63133e-05	6.78475e-05
-4.54194	1.85581e+06	1.6595e-96	2.68239e-05	6.91228e-05
-4.53194	1.81628e+06	6.62734e-96	2.73444e-05	7.04219e-05
-4.52194	1.7776e+06	2.63369e-95	2.78749e-05	7.1745e-05
-4.51194	1.73973e+06	1.04148e-94	2.84156e-05	7.30928e-05
-4.50194	1.70267e+06	4.09831e-94	2.89668e-05	7.44655e-05
-4.49194	1.66639e+06	1.60481e-93	2.95285e-05	7.58637e-05
-4.48194	1.63089e+06	6.25332e-93	3.0101e-05	7.72879e-05
-4.47194	1.59614e+06	2.42475e-92	3.06845e-05	7.87385e-05
-4.46194	1.56213e+06	9.35607e-92	3.12793e-05	8.0216e-05
-4.45194	1.52884e+06	3.59247e-91	3.18855e-05	8.17209e-05
-4.44194	1.49625e+06	1.37267e-90	3.25033e-05	8.32537e-05
-4.43194	1.46436e+06	5.21931e-90	3.3133e-05	8.48149e-05
-4.42194	1.43315e+06	1.97487e-89	3.37748e-05	8.6405e-05
-4.41194	1.4026e+06	7.43602e-89	3.4429e-05	8.80245e-05
-4.40194	1.3727e+06	2.78627e-88	3.50956e-05	8.9674e-05
-4.39194	1.34344e+06	1.03893e-87	3.57751e-05	9.13541e-05
-4.38194	1.31479e+06	3.85507e-87	3.64677e-05	9.30652e-05
-4.37194	1.28676e+06	1.42352e-86	3.71735e-05	9.4808e-05
-4.36194	1.25932e+06	5.23093e-86	3.78929e-05	9.6583e-05
-4.35194	1.23247e+06	1.91286e-85	3.86261e-05	9.83908e-05
-4.34194	1.20618e+06	6.96104e-85	3.93733e-05	0.000100232
-4.33194	1.18046e+06	2.52091e-84	4.01349e-05	0.000102107
-4.32194	1.15528e+06	9.08513e-84	4.0911e-05	0.000104017
-4.31194	1.13064e+06	3.25836e-83	4.17021e-05	0.000105962
-4.30194	1.10652e+06	1.16295e-82	4.25083e-05	0.000107943
-4.29194	1.08291e+06	4.13067e-82	4.333e-05	0.000109961
-4.28194	1.05981e+06	1.46009e-81	4.41674e-05	0.000112016
-4.27194	1.03719e+06	5.13612e-81	4.50208e-05	0.000114108
-4.26194	1.01506e+06	1.79802e-80	4.58906e-05	0.000116239
-4.25194	993400	6.26404e-80	4.67771e-05	0.00011841
-4.24194	972200	2.1718e-79	4.76805e-05	0.00012062
-4.23194	951450	7.49361e-79	4.86012e-05	0.000122872
-4.22194	931143	2.57318e-78	4.95396e-05	0.000125164
-4.21194	911267	8.79342e-78	5.04959e-05	0.000127499
-4.20194	891814	2.99059e-77	5.14704e-05	0.000129877
-4.19194	872775	1.0122e-76	5.24637e-05	0.000132298
-4.18194	854141	3.40952e-76	5.34759e-05	0.000134764
-4.17194	835904	1.14297e-75	5.45075e-05	0.000137276
-4.16194	818055	3.81322e-75	5.55587e-05	0.000139833
-4.15194	800586	1.2661e-74	5.66301e-05	0.000142437
-4.14194	783488	4.18376e-74	5.7722e-05	0.00014509
-4.13194	766755	1.3759e-73	5.88347e-05	0.00014779
-4.12194	750378	4.5033e-73	5.99686e-05	0.000150541
-4.11194	734349	1.4669e-72	6.11242e-05	0.000153342
-4.10194	718662	4.7555e-72	6.23019e-05	0.000156194
-4.09194	703309	1.53434e-71	6.35021e-05	0.000159098
-4.08194	688283	4.92694e-71	6.47251e-05	0.000162056
-4.07194	673577	1.57458e-70	6.59715e-05	0.000165068
-4.06194	659184	5.00827e-70	6.72417e-05	0.000168135
-4.05194	645097	1.58543e-69	6.85361e-05	0.000171258
-4.04194	631311	4.99507e-69	6.98552e-05	0.000174438
-4.03194	617818	1.5663e-68	7.11994e-05	0.000177677
-4.02194	604613	4.88822e-68	7.25692e-05	0.000180974
-4.01194	591689	1.51834e-67	7.39652e-05	0.000184332
-4.00194	579041	4.69387e-67	7.53877e-05	0.000187751
-3.99194	566662	1.44424e-66	7.68374e-05	0.000191232
-3.98194	554546	4.42279e-66	7.83146e-05	0.000194778
-3.97194	542689	1.34804e-65	7.982e-05	0.000198387
-3.96194	531085	4.0894e-65	8.1354e-05	0.000202063
-3.95194	519728	1.23472e-64	8.29173e-05	0.000205805
-3.94194	508613	3.71053e-64	8.45102e-05	0.000209616
-3.93194	497735	1.10983e-63	8.61335e-05	0.000213496
-3.92194	487089	3.30399e-63	8.77877e-05	0.000217447
-3.91194	476670	9.78995e-63	8.94733e-05	0.00022147
-3.90194	466473	2.88725e-62	9.1191e-05	0.000225566
-3.89194	456493	8.47525e-62	9.29413e-05	0.000229736
-3.88194	446726	2.47621e-61	9.47249e-05	0.000233982
-3.87194	437168	7.20093e-61	9.65423e-05	0.000238305
-3.86194	427813	2.0843e-60	9.83943e-05	0.000242707
-3.85194	418658	6.00487e-60	0.000100281	0.000247189
-3.84194	409698	1.72195e-59	0.000102204	0.000251752
-3.83194	400929	4.91488e-59	0.000104164	0.000256398
-3.82194	392348	1.39631e-58	0.000106161	0.000261128
-3.81194	383949	3.9485e-58	0.000108195	0.000265943
-3.80194	375730	1.11138e-57	0.000110268	0.000270846
-3.79194	367685	3.11369e-57	0.000112381	0.000275838
-3.78194	359813	8.68307e-57	0.000114533	0.00028092
-3.77194	352109	2.41023e-56	0.000116727	0.000286094
-3.76194	344569	6.65937e-56	0.000118962	0.000291362
-3.75194	337190	1.83147e-55	0.000121239	0.000296724
-3.74194	329968	5.01369e-55	0.00012356	0.000302184
-3.73194	322901	1.36619e-54	0.000125924	0.000307742
-3.72194	315984	3.70563e-54	0.000128333	0.000313401
-3.71194	309215	1.00049e-53	0.000130788	0.000319161
-3.70194	302591	2.68882e-53	0.000133289	0.000325026
-3.69194	296108	7.1931e-53	0.000135838	0.000330996
-3.68194	289763	1.91547e-52	0.000138435	0.000337074
-3.67194	283554	5.07741e-52	0.000141081	0.000343261
-3.66194	277478	1.33973e-51	0.000143777	0.000349559
-3.65194	271531	3.51889e-51	0.000146524	0.000355971
-3.64194	265711	9.2004e-51	0.000149323	0.000362498
-3.63194	260016	2.39455e-50	0.000152174	0.000369143
-3.62194	254442	6.20381e-50	0.00015508	0.000375906
-3.61194	248988	1.59997e-49	0.000158041	0.000382792
-3.60194	243649	4.10762e-49	0.000161057	0.0003898
-3.59194	238425	1.04976e-48	0.000164131	0.000396935
-3.58194	233313	2.67067e-48	0.000167262	0.000404197
-3.57194	228310	6.76358e-48	0.000170453	0.000411589
-3.56194	223413	1.70516e-47	0.000173704	0.000419114
-3.55194	218622	4.27942e-47	0.000177016	0.000426774
-3.54194	213933	1.06916e-46	0.000180391	0.00043457
-3.53194	209344	2.65911e-46	0.000183829	0.000442506
-3.52194	204853	6.58371e-46	0.000187332	0.000450584
-3.51194	200458	1.62273e-45	0.000190901	0.000458806
-3.50194	196157	3.9817e-45	0.000194537	0.000467174
-3.49194	191948	9.72605e-45	0.000198242	0.000475692
-3.48194	187829	2.36512e-44	0.000202017	0.000484362
-3.47194	183798	5.72562e-44	0.000205863	0.000493187
-3.46194	179853	1.37989e-43	0.000209781	0.000502168
-3.45194	175993	3.31074e-43	0.000213773	0.00051131
-3.44194	172215	7.90792e-43	0.00021784	0.000520614
-3.43194	168518	1.88045e-42	0.000221984	0.000530083
-3.42194	164900	4.45168e-42	0.000226205	0.000539721
-3.41194	161360	1.04919e-41	0.000230506	0.00054953
-3.40194	157895	2.46178e-41	0.000234888	0.000559513
-3.39194	154504	5.75065e-41	0.000239352	0.000569673
-3.38194	151186	1.33739e-40	0.0002439	0.000580014
-3.37194	147939	3.09653e-40	0.000248534	0.000590537
-3.36194	144761	7.13789e-40	0.000253254	0.000601247
-3.35194	141652	1.63812e-39	0.000258064	0.000612146
-3.34194	138609	3.74288e-39	0.000262963	0.000623238
-3.33194	135631	8.51434e-39	0.000267955	0.000634526
-3.32194	132717	1.92835e-38	0.00027304	0.000646014
-3.31194	129865	4.34821e-38	0.00027822	0.000657704
-3.30194	127074	9.76178e-38	0.000283498	0.000669601
-3.29194	124343	2.18195e-37	0.000288875	0.000681707
-3.28194	121671	4.85578e-37	0.000294352	0.000694027
-3.27194	119055	1.07591e-36	0.000299933	0.000706563
-3.26194	116496	2.37353e-36	0.000305618	0.000719321
-3.25194	113992	5.21342e-36	0.000311409	0.000732302
-3.24194	111541	1.14015e-35	0.000317309	0.000745512
-3.23194	109142	2.48262e-35	0.000323319	0.000758953
-3.22194	106795	5.38239e-35	0.000329442	0.000772631
-3.21194	104499	1.16187e-34	0.000335679	0.000786548
-3.20194	102251	2.49725e-34	0.000342034	0.000800709
-3.19194	100052	5.34429e-34	0.000348507	0.000815118
-3.18194	97899.5	1.13879e-33	0.000355101	0.00082978
-3.17194	95793.4	2.41617e-33	0.000361819	0.000844698
-3.16194	93732.4	5.10438e-33	0.000368662	0.000859876
-3.15194	91715.5	1.07373e-32	0.000375633	0.00087532
-3.14194	89741.9	2.24896e-32	0.000382734	0.000891033
-3.13194	87810.6	4.69041e-32	0.000389968	0.00090702
-3.12194	85920.7	9.74056e-32	0.000397337	0.000923286
-3.11194	84071.4	2.01421e-31	0.000404844	0.000939835
-3.10194	82261.6	4.14737e-31	0.000412491	0.000956672
-3.09194	80490.7	8.50346e-31	0.000420281	0.000973802
-3.08194	78757.7	1.73609e-30	0.000428216	0.00099123
-3.07194	77061.9	3.52947e-30	0.000436299	0.00100896
-3.06194	75402.4	7.1451e-30	0.000444533	0.001027
-3.05194	73778.6	1.44036e-29	0.00045292	0.00104535
-3.04194	72189.5	2.89137e-29	0.000461464	0.00106402
-3.03194	70634.6	5.77971e-29	0.000470167	0.00108301
-3.02194	69113	1.15049e-28	0.000479033	0.00110233
-3.01194	67624	2.28053e-28	0.000488063	0.00112198
-3.00194	66167	4.50164e-28	0.000497262	0.00114197
-2.99194	64741.2	8.84891e-28	0.000506632	0.00116231
-2.98194	63346.1	1.73219e-27	0.000516177	0.001183
-2.97194	61980.8	3.37669e-27	0.000525899	0.00120404
-2.96194	60644.9	6.55511e-27	0.000535802	0.00122545
-2.95194	59337.6	1.26726e-26	0.000545889	0.00124723
-2.94194	58058.4	2.43979e-26	0.000556164	0.00126938
-2.93194	56806.7	4.6778e-26	0.000566631	0.00129191
-2.92194	55581.8	8.93177e-26	0.000577291	0.00131482
-2.91194	54383.2	1.69841e-25	0.00058815	0.00133813
-2.90194	53210.3	3.21635e-25	0.000599211	0.00136184
-2.89194	52062.7	6.06597e-25	0.000610477	0.00138595
-2.88194	50939.6	1.13935e-24	0.000621953	0.00141048
-2.87194	49840.7	2.13127e-24	0.000633642	0.00143542
-2.86194	48765.4	3.97052e-24	0.000645547	0.00146079
-2.85194	47713.2	7.36692e-24	0.000657674	0.00148659
-2.84194	46683.5	1.36132e-23	0.000670026	0.00151283
-2.83194	45676	2.50537e-23	0.000682607	0.00153952
-2.82194	44690.1	4.59223e-23	0.000695421	0.00156666
-2.81194	43725.4	8.38344e-23	0.000708473	0.00159427
-2.80194	42781.5	1.52429e-22	0.000721767	0.00162234
-2.79194	41857.8	2.76037e-22	0.000735308	0.00165088
-2.78194	40954	4.97878e-22	0.000749099	0.00167991
-2.77194	40069.5	8.94413e-22	0.000763146	0.00170944
-2.76194	39204.1	1.60035e-21	0.000777454	0.00173946
-2.75194	38357.3	2.85208e-21	0.000792026	0.00176998
-2.74194	37528.7	5.06265e-21	0.000806868	0.00180102
-2.73194	36717.9	8.95095e-21	0.000821985	0.00183259
-2.72194	35924.5	1.5763e-20	0.000837382	0.00186468
-2.71194	35148.2	2.76497e-20	0.000853063	0.00189732
-2.70194	34388.6	4.83091e-20	0.000869035	0.0019305
-2.69194	33645.3	8.40732e-20	0.000885302	0.00196424
-2.68194	32918	1.4574e-19	0.00090187	0.00199855
-2.67194	32206.3	2.51652e-19	0.000918745	0.00203343
-2.66194	31510	4.32835e-19	0.000935931	0.00206889
-2.65194	30828.6	7.41568e-19	0.000953435	0.00210495
-2.64194	30161.9	1.26558e-18	0.000971262	0.00214161
-2.63194	29509.5	2.1515e-18	0.000989419	0.00217888
-2.62194	28871.1	3.64343e-18	0.00100791	0.00221677
-2.61194	28246.5	6.14615e-18	0.00102674	0.00225528
-2.60194	27635.3	1.03281e-17	0.00104593	0.00229444
-2.59194	27037.3	1.7289e-17	0.00106546	0.00233425
-2.58194	26452.2	2.88306e-17	0.00108536	0.00237472
-2.57194	25879.6	4.78933e-17	0.00110562	0.00241586
-2.56194	25319.4	7.92574e-17	0.00112625	0.00245768
-2.55194	24771.2	1.30663e-16	0.00114727	0.00250019
-2.54194	24234.8	2.14593e-16	0.00116868	0.0025434
-2.53194	23710	3.51103e-16	0.00119048	0.00258732
-2.52194	23196.5	5.72286e-16	0.00121268	0.00263197
-2.51194	22694	9.293e-16	0.00123529	0.00267735
-2.50194	22202.3	1.50338e-15	0.00125831	0.00272347
-2.49194	21721.3	2.423e-15	0.00128176	0.00277035
-2.48194	21250.6	3.89059e-15	0.00130564	0.002818
-2.47194	20790	6.22387e-15	0.00132997	0.00286643
-2.46194	20339.4	9.91953e-15	0.00135474	0.00291564
-2.45194	19898.4	1.57512e-14	0.00137996	0.00296566
-2.44194	19467	2.4919e-14	0.00140565	0.0030165
-2.43194	19044.8	3.92779e-14	0.00143181	0.00306816
-2.42194	18631.8	6.16836e-14	0.00145846	0.00312066
-2.41194	18227.7	9.65163e-14	0.00148559	0.00317401
-2.40194	17832.2	1.50468e-13	0.00151322	0.00322823
-2.39194	17445.3	2.33727e-13	0.00154136	0.00328332
-2.38194	17066.7	3.61739e-13	0.00157002	0.0033393
-2.37194	16696.3	5.5784e-13	0.0015992	0.00339619
-2.36194	16333.9	8.5715e-13	0.00162892	0.00345399
-2.35194	15979.3	1.31232e-12	0.00165919	0.00351272
-2.34194	15632.3	2.00202e-12	0.00169001	0.0035724
-2.33194	15292.9	3.04327e-12	0.0017214	0.00363303
-2.32194	14960.7	4.60963e-12	0.00175336	0.00369463
-2.31194	14635.7	6.95741e-12	0.00178591	0.00375721
-2.30194	14317.7	1.04638e-11	0.00181906	0.0038208
-2.29194	14006.6	1.5682e-11	0.00185282	0.0038854
-2.28194	13702.2	2.34198e-11	0.00188719	0.00395103
-2.27194	13404.4	3.4853e-11	0.0019222	0.0040177
-2.26194	13113	5.16868e-11	0.00195785	0.00408542
-2.25194	12827.8	7.63845e-11	0.00199415	0.00415422
-2.24194	12548.9	1.12492e-10	0.00203111	0.00422411
-2.23194	12275.9	1.65096e-10	0.00206876	0.0042951
-2.22194	12008.8	2.41464e-10	0.00210709	0.00436721
-2.21194	11747.6	3.51945e-10	0.00214613	0.00444045
-2.20194	11491.9	5.11221e-10	0.00218588	0.00451485
-2.19194	11241.8	7.4005e-10	0.00222636	0.00459041
-2.18194	10997.1	1.06766e-09	0.00226758	0.00466715
-2.17194	10757.6	1.5351e-09	0.00230956	0.00474509
-2.16194	10523.3	2.19974e-09	0.0023523	0.00482425
-2.15194	10294.1	3.14156e-09	0.00239583	0.00490464
-2.14194	10069.9	4.47158e-09	0.00244015	0.00498628
-2.13194	9850.47	6.34347e-09	0.00248529	0.00506919
-2.12194	9635.8	8.96906e-09	0.00253125	0.00515338
-2.11194	9425.77	1.26394e-08	0.00257805	0.00523887
-2.10194	9220.28	1.7753e-08	0.0026257	0.00532568
-2.09194	9019.23	2.48535e-08	0.00267423	0.00541382
-2.08194	8822.53	3.468e-08	0.00272365	0.00550333
-2.07194	8630.08	4.82339e-08	0.00277397	0.0055942
-2.06194	8441.79	6.68671e-08	0.00282521	0.00568647
-2.05194	8257.58	9.23987e-08	0.00287738	0.00578014
-2.04194	8077.35	1.27268e-07	0.00293051	0.00587525
-2.03194	7901.02	1.74732e-07	0.00298461	0.0059718
-2.02194	7728.5	2.39133e-07	0.0030397	0.00606982
-2.01194	7559.71	3.26227e-07	0.00309579	0.00616932
-2.00194	7394.58	4.4363e-07	0.00315291	0.00627033
-1.99194	7233.02	6.0138e-07	0.00321108	0.00637286
-1.98194	7074.96	8.12662e-07	0.0032703	0.00647694
-1.97194	6920.32	1.09474e-06	0.00333061	0.00658258
-1.96194	6769.02	1.47012e-06	0.00339201	0.00668981
-1.95194	6621.01	1.96809e-06	0.00345454	0.00679864
-1.94194	6476.19	2.6266e-06	0.00351821	0.0069091
-1.93194	6334.52	3.49466e-06	0.00358304	0.0070212
-1.92194	6195.91	4.63536e-06	0.00364906	0.00713497
-1.91194	6060.31	6.12964e-06	0.00371628	0.00725042
-1.90194	5927.64	8.08102e-06	0.00378473	0.00736759
-1.89194	5797.85	1.06214e-05	0.00385442	0.00748648
-1.88194	5670.87	1.39184e-05	0.00392539	0.00760713
-1.87194	5546.64	1.81843e-05	0.00399765	0.00772955
-1.86194	5425.11	2.36867e-05	0.00407123	0.00785376
-1.85194	5306.21	3.07627e-05	0.00414615	0.00797979
-1.84194	5189.89	3.98344e-05	0.00422243	0.00810766
-1.83194	5076.09	5.14298e-05	0.00430011	0.00823738
-1.82194	4964.76	6.62063e-05	0.00437921	0.00836899
-1.81194	4855.84	8.49803e-05	0.00445974	0.00850251
-1.80194	4749.29	0.000108762	0.00454175	0.00863796
-1.79194	4645.05	0.000138798	0.00462525	0.00877535
-1.78194	4543.07	0.000176621	0.00471027	0.00891473
-1.77194	4443.31	0.000224109	0.00479684	0.00905609
-1.76194	4345.71	0.000283559	0.00488499	0.00919948
-1.75194	4250.23	0.000357766	0.00497474	0.00934491
-1.74194	4156.82	0.000450125	0.00506614	0.00949242
-1.73194	4065.44	0.000564744	0.00515919	0.00964201
-1.72194	3976.05	0.00070658	0.00525395	0.00979371
-1.71194	3888.6	0.000881593	0.00535042	0.00994756
-1.70194	3803.05	0.00109693	0.00544866	0.0101036
-1.69194	3719.36	0.00136113	0.00554869	0.0102618
-1.68194	3637.49	0.00168437	0.00565054	0.0104222
-1.67194	3557.4	0.00207874	0.00575424	0.0105848
-1.66194	3479.05	0.00255853	0.00585983	0.0107497
-1.65194	3402.4	0.00314065	0.00596735	0.0109169
-1.64194	3327.42	0.00384494	0.00607683	0.0110864
-1.63194	3254.07	0.00469473	0.0061883	0.0112582
-1.62194	3182.32	0.00571726	0.0063018	0.0114324
-1.61194	3112.13	0.00694428	0.00641737	0.011609
-1.60194	3043.47	0.00841273	0.00653504	0.011788
-1.59194	2976.3	0.0101654	0.00665486	0.0119694
-1.58194	2910.6	0.0122516	0.00677686	0.0121533
-1.57194	2846.33	0.0147282	0.00690108	0.0123397
-1.56194	2783.45	0.0176606	0.00702757	0.0125286
-1.55194	2721.95	0.0211234	0.00715636	0.01272
-1.54194	2661.79	0.0252019	0.00728749	0.012914
-1.53194	2602.94	0.0299929	0.00742101	0.0131106
-1.52194	2545.37	0.0356064	0.00755697	0.0133097
-1.51194	2489.06	0.0421665	0.0076954	0.0135116
-1.50194	2433.98	0.0498133	0.00783636	0.0137161
-1.49194	2380.09	0.0587039	0.00797988	0.0139233
-1.48194	2327.39	0.0690144	0.00812602	0.0141332
-1.47194	2275.83	0.0809414	0.00827482	0.0143458
-1.46194	2225.4	0.0947037	0.00842633	0.0145612
-1.45194	2176.07	0.110544	0.0085806	0.0147795
-1.44194	2127.82	0.128731	0.00873768	0.0150005
-1.43194	2080.63	0.14956	0.00889762	0.0152244
-1.42194	2034.46	0.173358	0.00906048	0.0154512
-1.41194	1989.3	0.20048	0.00922631	0.0156808
-1.40194	1945.14	0.231315	0.00939516	0.0159134
-1.39194	1901.93	0.266289	0.00956708	0.016149
-1.38194	1859.68	0.30586	0.00974214	0.0163875
-1.37194	1818.34	0.350526	0.00992039	0.0166291
-1.36194	1777.91	0.400824	0.0101019	0.0168737
-1.35194	1738.37	0.45733	0.0102867	0.0171213
-1.34194	1699.7	0.520662	0.0104749	0.017372
-1.33194	1661.87	0.591479	0.0106665	0.0176259
-1.32194	1624.87	0.670481	0.0108616	0.0178829
-1.31194	1588.68	0.758412	0.0110602	0.018143
-1.30194	1553.28	0.856056	0.0112625	0.0184064
-1.29194	1518.66	0.964239	0.0114685	0.018673
-1.28194	1484.8	1.08383	0.0116782	0.0189428
-1.27194	1451.68	1.21573	0.0118918	0.0192159
-1.26194	1419.29	1.36088	0.0121092	0.0194923
-1.25194	1387.62	1.52026	0.0123306	0.019772
-1.24194	1356.63	1.69487	0.0125561	0.0200551
-1.23194	1326.33	1.88576	0.0127857	0.0203415
-1.22194	1296.7	2.09397	0.0130194	0.0206314
-1.21194	1267.71	2.3206	0.0132574	0.0209247
-1.20194	1239.37	2.56674	0.0134998	0.0212214
-1.19194	1211.64	2.83348	0.0137466	0.0215217
-1.18194	1184.53	3.12194	0.0139979	0.0218254
-1.17194	1158.02	3.43322	0.0142538	0.0221327
-1.16194	1132.09	3.76842	0.0145143	0.0224436
-1.15194	1106.73	4.12862	0.0147796	0.0227581
-1.14194	1081.93	4.51487	0.0150498	0.0230761
-1.13194	1057.67	4.9282	0.0153249	0.0233979
-1.12194	1033.96	5.36959	0.015605	0.0237233
-1.11194	1010.76	5.83998	0.0158902	0.0240524
-1.10194	988.079	6.34024	0.0161807	0.0243852
-1.09194	965.899	6.87119	0.0164764	0.0247218
-1.08194	944.208	7.43357	0.0167776	0.0250622
-1.07194	922.997	8.02803	0.0170842	0.0254064
-1.06194	902.255	8.65516	0.0173965	0.0257544
-1.05194	881.972	9.31542	0.0177144	0.0261063
-1.04194	862.139	10.0092	0.0180382	0.0264621
-1.03194	842.745	10.7367	0.0183679	0.0268218
-1.02194	823.78	11.4981	0.0187036	0.0271854
-1.01194	805.236	12.2934	0.0190455	0.027553
-1.00194	787.104	13.1225	0.0193936	0.0279247
-0.991942	769.374	13.9851	0.0197481	0.0283004
-0.981942	752.038	14.8809	0.020109	0.0286801
-0.971942	735.087	15.8093	0.0204766	0.0290639
-0.961942	718.513	16.7696	0.0208509	0.0294519
-0.951942	702.308	17.761	0.021232	0.029844
-0.941942	686.463	18.7826	0.0216201	0.0302403
-0.931942	670.971	19.8332	0.0220152	0.0306408
-0.921942	655.824	20.9116	0.0224176	0.0310456
-0.911942	641.015	22.0164	0.0228274	0.0314546
-0.901942	626.536	23.146	0.0232447	0.031868
-0.891942	612.381	24.2988	0.0236696	0.0322857
-0.881942	598.541	25.4729	0.0241022	0.0327077
-0.871942	585.011	26.6666	0.0245428	0.0331342
-0.861942	571.783	27.8776	0.0249914	0.0335651
-0.851942	558.852	29.104	0.0254483	0.0340006
-0.841942	546.21	30.3434	0.0259134	0.0344405
-0.831942	533.851	31.5935	0.0263871	0.034885
-0.821942	521.769	32.852	0.0268695	0.035334
-0.811942	509.958	34.1162	0.0273606	0.0357877
-0.801942	498.413	35.3838	0.0278608	0.0362461
-0.791942	487.127	36.6522	0.0283701	0.0367092
-0.781942	476.094	37.9186	0.0288886	0.037177
-0.771942	465.31	39.1805	0.0294167	0.0376496
-0.761942	454.769	40.4353	0.0299544	0.0381271
-0.751942	444.465	41.6802	0.0305019	0.0386094
-0.741942	434.393	42.9126	0.0310594	0.0390967
-0.731942	424.549	44.13	0.0316271	0.039589
-0.721942	414.927	45.3297	0.0322052	0.0400863
-0.711942	405.523	46.5093	0.0327937	0.0405887
-0.701942	396.331	47.6662	0.0333931	0.0410962
-0.691942	387.347	48.798	0.0340033	0.0416088
-0.681942	378.567	49.9024	0.0346247	0.0421268
-0.671942	369.987	50.9772	0.0352573	0.04265
-0.661942	361.601	52.0202	0.0359015	0.0431786
-0.651942	353.405	53.0294	0.0365574	0.0437127
-0.641942	345.396	54.0028	0.0372253	0.0442522
-0.631942	337.569	54.9386	0.0379052	0.0447973
-0.621942	329.92	55.8351	0.0385976	0.045348
-0.611942	322.446	56.6908	0.0393025	0.0459044
-0.601942	315.143	57.5042	0.0400202	0.0464665
-0.591942	308.006	58.2741	0.0407509	0.0470346
-0.581942	301.033	58.9992	0.0414948	0.0476085
-0.571942	294.219	59.6786	0.0422522	0.0481885
-0.561942	287.561	60.3113	0.0430233	0.0487746
-0.551942	281.056	60.8966	0.0438083	0.0493669
-0.541942	274.701	61.434	0.0446075	0.0499655
-0.531942	268.491	61.9229	0.0454212	0.0505704
-0.521942	262.425	62.3631	0.0462495	0.0511818
-0.511942	256.498	62.7544	0.0470926	0.0517999
-0.501942	250.708	63.0967	0.047951	0.0524246
-0.491942	245.052	63.3901	0.0488248	0.0530561
-0.481942	239.526	63.6348	0.0497142	0.0536946
-0.471942	234.129	63.8311	0.0506195	0.0543401
-0.461942	228.856	63.9796	0.0515411	0.0549929
-0.451942	223.706	64.0806	0.0524791	0.0556529
-0.441942	218.675	64.135	0.0534338	0.0563203
-0.431942	213.762	64.1435	0.0544056	0.0569954
-0.421942	208.962	64.1068	0.0553945	0.0576782
-0.411942	204.275	64.0261	0.0564011	0.0583689
-0.401942	199.697	63.9022	0.0574254	0.0590677
-0.391942	195.226	63.7363	0.0584679	0.0597747
-0.381942	190.86	63.5296	0.0595287	0.06049
-0.371942	186.596	63.2834	0.0606082	0.061214
-0.361942	182.433	62.9988	0.0617067	0.0619467
-0.351942	178.367	62.6772	0.0628244	0.0626883
-0.341942	174.397	62.32	0.0639616	0.0634392
-0.331942	170.52	61.9287	0.0651187	0.0641993
-0.321942	166.735	61.5047	0.0662958	0.0649691
-0.311942	163.039	61.0494	0.0674934	0.0657486
-0.301942	159.431	60.5644	0.0687116	0.0665382
-0.291942	155.909	60.0512	0.0699509	0.067338
-0.281942	152.47	59.5112	0.0712114	0.0681484
-0.271942	149.112	58.946	0.0724935	0.0689696
-0.261942	145.835	58.3572	0.0737974	0.0698018
-0.251942	142.636	57.7462	0.0751236	0.0706453
-0.241942	139.513	57.1145	0.0764721	0.0715004
-0.231942	136.465	56.4637	0.0778435	0.0723675
-0.221942	133.49	55.7952	0.0792378	0.0732468
-0.211942	130.587	55.1104	0.0806555	0.0741386
-0.201942	127.753	54.4108	0.0820968	0.0750433
-0.191942	124.987	53.6977	0.0835619	0.0759613
-0.181942	122.289	52.9727	0.0850512	0.0768928
-0.171942	119.655	52.2369	0.086565	0.0778382
-0.161942	117.085	51.4916	0.0881035	0.078798
-0.151942	114.577	50.7383	0.089667	0.0797725
-0.141942	112.131	49.978	0.0912557	0.0807621
-0.131942	109.743	49.2119	0.0928699	0.0817673
-0.121942	107.414	48.4413	0.0945099	0.0827885
-0.111942	105.142	47.6672	0.0961759	0.0838261
-0.101942	102.925	46.8907	0.0978681	0.0848806
-0.0919417	100.763	46.1127	0.0995867	0.0859525
-0.0819417	98.6532	45.3343	0.101332	0.0870422
-0.0719417	96.5956	44.5564	0.103104	0.0881504
-0.0619417	94.5886	43.7799	0.104904	0.0892774
-0.0519417	92.6311	43.0056	0.106731	0.090424
-0.0419417	90.722	42.2344	0.108585	0.0915905
-0.0319417	88.86	41.4669	0.110467	0.0927777
-0.0219417	87.0442	40.7039	0.112376	0.0939861
-0.0119417	85.2735	39.9461	0.114314	0.0952163
-0.00194171	83.5468	39.1942	0.11628	0.0964691
0.00805829	81.8632	38.4485	0.118274	0.0977449
0.0180583	80.2215	37.7099	0.120296	0.0990445
0.0280583	78.6209	36.9787	0.122347	0.100369
0.0380583	77.0604	36.2554	0.124427	0.101718
0.0480583	75.539	35.5405	0.126535	0.103093
0.0580583	74.0558	34.8343	0.128671	0.104496
0.0680583	72.61	34.1373	0.130837	0.105925
0.0780583	71.2006	33.4497	0.13303	0.107383
0.0880583	69.8268	32.7719	0.135253	0.10887
0.0980583	68.4878	32.1041	0.137504	0.110387
0.108058	67.1826	31.4466	0.139784	0.111936
0.118058	65.9107	30.7996	0.142092	0.113515
0.128058	64.671	30.1632	0.144429	0.115128
0.138058	63.4629	29.5377	0.146794	0.116774
0.148058	62.2856	28.9231	0.149187	0.118455
0.158058	61.1384	28.3195	0.151608	0.120172
0.168058	60.0205	27.7271	0.154057	0.121926
0.178058	58.9313	27.1459	0.156534	0.123717
0.188058	57.87	26.576	0.159038	0.125547
0.198058	56.8359	26.0173	0.161569	0.127417
0.208058	55.8285	25.4699	0.164126	0.129328
0.218058	54.847	24.9338	0.16671	0.131282
0.228058	53.8909	24.4089	0.169321	0.133279
0.238058	52.9594	23.8952	0.171957	0.135321
0.248058	52.052	23.3926	0.174618	0.137409
0.258058	51.1681	22.9011	0.177304	0.139544
0.268058	50.3072	22.4206	0.180015	0.141728
0.278058	49.4685	21.951	0.18275	0.143962
0.288058	48.6517	21.4922	0.185508	0.146248
0.298058	47.8561	21.044	0.188289	0.148586
0.308058	47.0812	20.6065	0.191092	0.150979
0.318058	46.3265	20.1793	0.193918	0.153427
0.328058	45.5915	19.7624	0.196764	0.155932
0.338058	44.8756	19.3557	0.199631	0.158497
0.348058	44.1785	18.959	0.202518	0.161121
0.358058	43.4995	18.5722	0.205424	0.163808
0.368058	42.8384	18.195	0.208348	0.166558
0.378058	42.1945	17.8273	0.21129	0.169373
0.388058	41.5675	17.469	0.214249	0.172256
0.398058	40.9569	17.12	0.217224	0.175207
0.408058	40.3623	16.7799	0.220215	0.178228
0.418058	39.7832	16.4487	0.22322	0.181322
0.428058	39.2194	16.1261	0.226238	0.184489
0.438058	38.6703	15.8121	0.22927	0.187732
0.448058	38.1357	15.5063	0.232313	0.191053
0.458058	37.615	15.2087	0.235368	0.194454
0.468058	37.108	14.9191	0.238432	0.197936
0.478058	36.6143	14.6373	0.241506	0.201501
0.488058	36.1335	14.3631	0.244588	0.205152
0.498058	35.6653	14.0963	0.247677	0.208889
0.508058	35.2094	13.8368	0.250772	0.212717
0.518058	34.7653	13.5844	0.253873	0.216635
0.528058	34.3329	13.3389	0.256979	0.220646
0.538058	33.9118	13.1001	0.260088	0.224753
0.548058	33.5017	12.868	0.263199	0.228958
0.558058	33.1023	12.6422	0.266311	0.233261
0.568058	32.7133	12.4227	0.269425	0.237666
0.578058	32.3344	12.2093	0.272538	0.242175
0.588058	31.9654	12.0019	0.275649	0.246789
0.598058	31.6059	11.8002	0.278758	0.251511
0.608058	31.2558	11.6041	0.281864	0.256343
0.618058	30.9147	11.4135	0.284965	0.261287
0.628058	30.5825	11.2283	0.288061	0.266344
0.638058	30.2588	11.0482	0.291151	0.271518
0.648058	29.9435	10.8731	0.294234	0.276809
0.658058	29.6362	10.703	0.297309	0.282221
0.668058	29.3369	10.5376	0.300375	0.287754
0.678058	29.0452	10.3768	0.303432	0.293412
0.688058	28.761	10.2205	0.306477	0.299196
0.698058	28.484	10.0686	0.309512	0.305107
0.708058	28.214	9.9209	0.312534	0.311149
0.718058	27.9509	9.77733	0.315544	0.317322
0.728058	27.6945	9.63776	0.318539	0.323629
0.738058	27.4445	9.50207	0.32152	0.330071
0.748058	27.2009	9.37015	0.324486	0.33665
0.758058	26.9633	9.24188	0.327436	0.343368
0.768058	26.7317	9.11716	0.33037	0.350226
0.778058	26.5059	8.99588	0.333286	0.357227
0.788058	26.2856	8.87795	0.336184	0.36437
0.798058	26.0709	8.76325	0.339064	0.371659
0.808058	25.8614	8.65169	0.341925	0.379093
0.818058	25.6571	8.54319	0.344767	0.386676
0.828058	25.4578	8.43764	0.347588	0.394407
0.838058	25.2633	8.33496	0.350389	0.402287
0.848058	25.0736	8.23506	0.353169	0.410319
0.858058	24.8885	8.13786	0.355927	0.418502
0.868058	24.7079	8.04328	0.358664	0.426838
0.878058	24.5316	7.95123	0.361378	0.435327
0.888058	24.3595	7.86164	0.36407	0.44397
0.898058	24.1916	7.77443	0.366739	0.452767
0.908058	24.0276	7.68954	0.369384	0.461719
0.918058	23.8675	7.60688	0.372007	0.470825
0.928058	23.7111	7.5264	0.374605	0.480087
0.938058	23.5585	7.44803	0.37718	0.489504
0.948058	23.4093	7.3717	0.37973	0.499075
0.958058	23.2637	7.29735	0.382256	0.508801
0.968058	23.1214	7.22492	0.384758	0.518681
0.978058	22.9824	7.15435	0.387235	0.528715
0.988058	22.8465	7.08558	0.389687	0.538902
0.998058	22.7138	7.01857	0.392115	0.54924
1.00806	22.584	6.95325	0.394517	0.559729
1.01806	22.4572	6.88958	0.396895	0.570368
1.02806	22.3332	6.82751	0.399248	0.581155
1.03806	22.2119	6.76698	0.401576	0.592089
1.04806	22.0934	6.70795	0.403879	0.603168
1.05806	21.9774	6.65038	0.406157	0.61439
1.06806	21.864	6.59422	0.40841	0.625754
1.07806	21.7531	6.53942	0.410638	0.637256
1.08806	21.6445	6.48596	0.412841	0.648895
1.09806	21.5383	6.43378	0.41502	0.660669
1.10806	21.4344	6.38285	0.417174	0.672574
1.11806	21.3327	6.33314	0.419304	0.684607
1.12806	21.2331	6.2846	0.42141	0.696767
1.13806	21.1356	6.2372	0.423491	0.709049
1.14806	21.0402	6.1909	0.425548	0.72145
1.15806	20.9467	6.14569	0.427581	0.733966
1.16806	20.8552	6.10151	0.429591	0.746595
1.17806	20.7655	6.05835	0.431577	0.759332
1.18806	20.6777	6.01617	0.43354	0.772174
1.19806	20.5916	5.97495	0.435479	0.785115
1.20806	20.5073	5.93465	0.437396	0.798153
1.21806	20.4246	5.89525	0.439289	0.811283
1.22806	20.3436	5.85672	0.44116	0.824499
1.23806	20.2642	5.81904	0.443009	0.837798
1.24806	20.1863	5.78219	0.444836	0.851175
1.25806	20.11	5.74613	0.446641	0.864625
1.26806	20.0351	5.71085	0.448424	0.878143
1.27806	19.9616	5.67633	0.450186	0.891724
1.28806	19.8896	5.64254	0.451926	0.905363
1.29806	19.8189	5.60947	0.453646	0.919054
1.30806	19.7495	5.57708	0.455345	0.932792
1.31806	19.6815	5.54537	0.457024	0.946573
1.32806	19.6147	5.51432	0.458682	0.960389
1.33806	19.5491	5.4839	0.46032	0.974236
1.34806	19.4847	5.4541	0.461939	0.988109
1.35806	19.4215	5.4249	0.463538	1.002
1.36806	19.3594	5.39629	0.465118	1.01591
1.37806	19.2985	5.36825	0.466679	1.02982
1.38806	19.2386	5.34076	0.468222	1.04374
1.39806	19.1798	5.31381	0.469746	1.05765
1.40806	19.122	5.28739	0.471252	1.07156
1.41806	19.0652	5.26147	0.472739	1.08545
1.42806	19.0093	5.23605	0.47421	1.09932
1.43806	18.9545	5.21112	0.475662	1.11316
1.44806	18.9005	5.18665	0.477098	1.12698
1.45806	18.8475	5.16265	0.478517	1.14075
1.46806	18.7954	5.13909	0.479919	1.15448
1.47806	18.7441	5.11596	0.481304	1.16817
1.48806	18.6937	5.09326	0.482673	1.1818
1.49806	18.6441	5.07097	0.484027	1.19537
1.50806	18.5953	5.04909	0.485364	1.20888
1.51806	18.5473	5.02759	0.486686	1.22232
1.52806	18.5001	5.00647	0.487993	1.23569
1.53806	18.4536	4.98573	0.489285	1.24897
1.54806	18.4078	4.96535	0.490562	1.26217
1.55806	18.3628	4.94532	0.491824	1.27529
1.56806	18.3184	4.92564	0.493072	1.28831
1.57806	18.2748	4.90629	0.494306	1.30123
1.58806	18.2318	4.88728	0.495526	1.31405
1.59806	18.1895	4.86858	0.496733	1.32676
1.60806	18.1478	4.85019	0.497926	1.33936
1.61806	18.1067	4.8321	0.499105	1.35184
1.62806	18.0662	4.81432	0.500272	1.36421
1.63806	18.0264	4.79682	0.501425	1.37645
1.64806	17.9871	4.77961	0.502566	1.38857
1.65806	17.9484	4.76267	0.503695	1.40056
1.66806	17.9102	4.746	0.504811	1.41241
1.67806	17.8726	4.72959	0.505915	1.42413
1.68806	17.8355	4.71344	0.507008	1.43571
1.69806	17.799	4.69755	0.508088	1.44715
1.70806	17.763	4.68189	0.509157	1.45845
1.71806	17.7274	4.66648	0.510215	1.46959
1.72806	17.6924	4.6513	0.511261	1.48059
1.73806	17.6578	4.63635	0.512297	1.49144
1.74806	17.6237	4.62162	0.513322	1.50213
1.75806	17.5901	4.60712	0.514336	1.51267
1.76806	17.5569	4.59282	0.51534	1.52305
1.77806	17.5241	4.57874	0.516333	1.53327
1.78806	17.4918	4.56485	0.517316	1.54334
1.79806	17.4599	4.55117	0.51829	1.55324
1.80806	17.4284	4.53768	0.519253	1.56298
1.81806	17.3974	4.52439	0.520207	1.57255
1.82806	17.3667	4.51128	0.521151	1.58196
1.83806	17.3364	4.49835	0.522086	1.59121
1.84806	17.3065	4.48561	0.523012	1.60029
1.85806	17.277	4.47303	0.523928	1.60921
1.86806	17.2478	4.46063	0.524836	1.61795
1.87806	17.219	4.4484	0.525735	1.62654
1.88806	17.1906	4.43633	0.526625	1.63495
1.89806	17.1625	4.42443	0.527507	1.6432
1.90806	17.1347	4.41268	0.52838	1.65129
1.91806	17.1073	4.40108	0.529245	1.6592
1.92806	17.0802	4.38964	0.530102	1.66695
1.93806	17.0535	4.37834	0.530951	1.67454
1.94806	17.027	4.36719	0.531792	1.68196
1.95806	17.0008	4.35618	0.532625	1.68922
1.96806	16.975	4.34531	0.53345	1.69632
1.97806	16.9494	4.33458	0.534268	1.70325
1.98806	16.9242	4.32398	0.535079	1.71003
1.99806	16.8992	4.31351	0.535882	1.71664
2.00806	16.8745	4.30317	0.536678	1.72309
2.01806	16.8501	4.29296	0.537467	1.72939
2.02806	16.826	4.28287	0.538249	1.73553
2.03806	16.8021	4.27291	0.539024	1.74152
2.04806	16.7785	4.26306	0.539792	1.74735
2.05806	16.7551	4.25333	0.540554	1.75303
2.06806	16.732	4.24371	0.541309	1.75856
2.07806	16.7092	4.23421	0.542057	1.76394
2.08806	16.6866	4.22481	0.542799	1.76917
2.09806	16.6642	4.21553	0.543535	1.77426
2.10806	16.6421	4.20635	0.544265	1.7792
2.11806	16.6202	4.19728	0.544988	1.784
2.12806	16.5985	4.1883	0.545705	1.78866
2.13806	16.5771	4.17943	0.546417	1.79319
2.14806	16.5558	4.17066	0.547123	1.79757
2.15806	16.5348	4.16199	0.547822	1.80182
2.16806	16.514	4.15341	0.548516	1.80594
2.17806	16.4935	4.14492	0.549205	1.80992
2.18806	16.4731	4.13653	0.549888	1.81378
2.19806	16.4529	4.12823	0.550566	1.81751
2.20806	16.4329	4.12001	0.551238	1.82111
2.21806	16.4132	4.11189	0.551905	1.8246
2.22806	16.3936	4.10384	0.552566	1.82795
2.23806	16.3742	4.09589	0.553223	1.83119
2.24806	16.355	4.08802	0.553874	1.83432
2.25806	16.3359	4.08022	0.55452	1.83733
2.26806	16.3171	4.07251	0.555162	1.84022
2.27806	16.2984	4.06488	0.555798	1.843
2.28806	16.28	4.05733	0.55643	1.84568
2.29806	16.2616	4.04985	0.557057	1.84824
2.30806	16.2435	4.04244	0.557679	1.8507
2.31806	16.2255	4.03511	0.558297	1.85306
2.32806	16.2077	4.02786	0.55891	1.85532
2.33806	16.1901	4.02067	0.559518	1.85747
2.34806	16.1726	4.01356	0.560122	1.85953
2.35806	16.1553	4.00651	0.560722	1.86149
2.36806	16.1381	3.99953	0.561317	1.86336
2.37806	16.1211	3.99262	0.561908	1.86514
2.38806	16.1042	3.98578	0.562495	1.86683
2.39806	16.0875	3.979	0.563078	1.86843
2.40806	16.0709	3.97229	0.563657	1.86994
2.41806	16.0545	3.96563	0.564231	1.87137
2.42806	16.0382	3.95904	0.564802	1.87272
2.43806	16.0221	3.95252	0.565368	1.87398
2.44806	16.0061	3.94605	0.565931	1.87517
2.45806	15.9902	3.93964	0.56649	1.87628
2.46806	15.9745	3.93329	0.567045	1.87731
2.47806	15.9589	3.92699	0.567596	1.87827
2.48806	15.9434	3.92076	0.568143	1.87916
2.49806	15.9281	3.91458	0.568687	1.87998
2.50806	15.9129	3.90845	0.569227	1.88072
2.51806	15.8978	3.90238	0.569764	1.88141
2.52806	15.8828	3.89636	0.570297	1.88202
2.53806	15.868	3.8904	0.570826	1.88257
2.54806	15.8533	3.88449	0.571352	1.88306
2.55806	15.8387	3.87863	0.571875	1.88349
2.56806	15.8242	3.87281	0.572394	1.88386
2.57806	15.8098	3.86705	0.57291	1.88417
2.58806	15.7956	3.86134	0.573423	1.88442
2.59806	15.7815	3.85568	0.573933	1.88462
2.60806	15.7674	3.85006	0.574439	1.88477
2.61806	15.7535	3.84449	0.574942	1.88486
2.62806	15.7397	3.83897	0.575442	1.8849
2.63806	15.726	3.8335	0.575938	1.8849
2.64806	15.7124	3.82806	0.576432	1.88484
2.65806	15.699	3.82268	0.576923	1.88474
2.66806	15.6856	3.81734	0.57741	1.88459
2.67806	15.6723	3.81204	0.577895	1.88439
2.68806	15.6591	3.80678	0.578377	1.88416
2.69806	15.6461	3.80157	0.578856	1.88388
2.70806	15.6331	3.7964	0.579331	1.88356
2.71806	15.6202	3.79127	0.579805	1.8832
2.72806	15.6074	3.78618	0.580275	1.8828
2.73806	15.5947	3.78113	0.580742	1.88236
2.74806	15.5821	3.77612	0.581207	1.88189
2.75806	15.5696	3.77115	0.581669	1.88138
2.76806	15.5572	3.76621	0.582129	1.88084
2.77806	15.5449	3.76132	0.582585	1.88026
2.78806	15.5327	3.75646	0.583039	1.87965
2.79806	15.5205	3.75164	0.583491	1.87901
2.80806	15.5085	3.74686	0.58394	1.87834
2.81806	15.4965	3.74212	0.584386	1.87764
2.82806	15.4846	3.73741	0.58483	1.87691
2.83806	15.4728	3.73273	0.585271	1.87615
2.84806	15.4611	3.72809	0.58571	1.87536
2.85806	15.4495	3.72349	0.586146	1.87455
2.86806	15.4379	3.71892	0.58658	1.87372
2.87806	15.4265	3.71438	0.587012	1.87286
2.88806	15.4151	3.70987	0.587441	1.87197
2.89806	15.4038	3.7054	0.587868	1.87106
2.90806	15.3925	3.70097	0.588293	1.87013
2.91806	15.3814	3.69656	0.588715	1.86918
2.92806	15.3703	3.69219	0.589135	1.86821
2.93806	15.3593	3.68784	0.589552	1.86722
2.94806	15.3484	3.68353	0.589968	1.86621
2.95806	15.3375	3.67925	0.590381	1.86518
2.96806	15.3267	3.675	0.590792	1.86413
2.97806	15.316	3.67078	0.591201	1.86306
2.98806	15.3054	3.66659	0.591608	1.86198
2.99806	15.2948	3.66243	0.592012	1.86088
3.00806	15.2843	3.65829	0.592415	1.85977
3.01806	15.2739	3.65419	0.592815	1.85864
3.02806	15.2635	3.65011	0.593214	1.85749
3.03806	15.2532	3.64607	0.59361	1.85634
3.04806	15.243	3.64205	0.594004	1.85516
3.05806	15.2328	3.63805	0.594397	1.85398
3.06806	15.2227	3.63409	0.594787	1.85278
3.07806	15.2127	3.63015	0.595175	1.85158
3.08806	15.2028	3.62624	0.595562	1.85036
3.09806	15.1929	3.62235	0.595946	1.84913
3.10806	15.183	3.61849	0.596328	1.84789
3.11806	15.1732	3.61466	0.596709	1.84664
3.12806	15.1635	3.61085	0.597088	1.84538
3.13806	15.1539	3.60707	0.597465	1.84411
3.14806	15.1443	3.60331	0.59784	1.84283
3.15806	15.1348	3.59958	0.598213	1.84154
3.16806	15.1253	3.59587	0.598584	1.84025
3.17806	15.1159	3.59218	0.598954	1.83895
3.18806	15.1065	3.58852	0.599322	1.83764
3.19806	15.0972	3.58488	0.599688	1.83633
3.20806	15.088	3.58127	0.600052	1.83501
3.21806	15.0788	3.57768	0.600414	1.83368
3.22806	15.0697	3.57411	0.600775	1.83235
3.23806	15.0606	3.57056	0.601134	1.83101
3.24806	15.0516	3.56704	0.601492	1.82966
3.25806	15.0426	3.56354	0.601847	1.82832
3.26806	15.0337	3.56006	0.602201	1.82696
3.27806	15.0248	3.5566	0.602554	1.82561
3.28806	15.016	3.55317	0.602905	1.82425
3.29806	15.0073	3.54975	0.603254	1.82288
3.30806	14.9986	3.54636	0.603601	1.82151
3.31806	14.9899	3.54299	0.603947	1.82014
3.32806	14.9813	3.53964	0.604291	1.81877
3.33806	14.9728	3.53631	0.604634	1.8174
3.34806	14.9643	3.533	0.604975	1.81602
3.35806	14.9558	3.52971	0.605315	1.81464
3.36806	14.9474	3.52644	0.605653	1.81326
3.37806	14.9391	3.52319	0.60599	1.81187
3.38806	14.9308	3.51995	0.606325	1.81049
3.39806	14.9225	3.51674	0.606659	1.8091
3.40806	14.9143	3.51355	0.606991	1.80771
3.41806	14.9062	3.51038	0.607321	1.80633
3.42806	14.8981	3.50722	0.607651	1.80494
3.43806	14.89	3.50409	0.607978	1.80355
3.44806	14.882	3.50097	0.608305	1.80216
3.45806	14.874	3.49787	0.60863	1.80077
3.46806	14.8661	3.49479	0.608953	1.79938
3.47806	14.8582	3.49173	0.609275	1.79799
3.48806	14.8503	3.48868	0.609596	1.7966
3.49806	14.8425	3.48565	0.609915	1.79521
3.50806	14.8348	3.48264	0.610233	1.79383
3.51806	14.8271	3.47965	0.61055	1.79244
3.52806	14.8194	3.47667	0.610865	1.79106
3.53806	14.8118	3.47372	0.611179	1.78967
3.54806	14.8042	3.47077	0.611491	1.78829
3.55806	14.7966	3.46785	0.611802	1.78691
3.56806	14.7891	3.46494	0.612112	1.78553
3.57806	14.7817	3.46205	0.612421	1.78415
3.58806	14.7742	3.45917	0.612728	1.78277
3.59806	14.7669	3.45631	0.613034	1.7814
3.60806	14.7595	3.45347	0.613339	1.78002
3.61806	14.7522	3.45064	0.613643	1.77865
3.62806	14.7449	3.44783	0.613945	1.77729
3.63806	14.7377	3.44503	0.614246	1.77592
3.64806	14.7305	3.44225	0.614546	1.77456
3.65806	14.7234	3.43949	0.614844	1.77319
3.66806	14.7163	3.43673	0.615141	1.77184
3.67806	14.7092	3.434	0.615438	1.77048
3.68806	14.7022	3.43128	0.615732	1.76913
3.69806	14.6952	3.42857	0.616026	1.76777
3.70806	14.6882	3.42588	0.616319	1.76643
3.71806	14.6813	3.4232	0.61661	1.76508
3.72806	14.6744	3.42054	0.6169	1.76374
3.73806	14.6675	3.41789	0.617189	1.7624
3.74806	14.6607	3.41526	0.617477	1.76106
3.75806	14.6539	3.41264	0.617764	1.75973
3.76806	14.6472	3.41003	0.618049	1.7584
3.77806	14.6405	3.40744	0.618334	1.75708
3.78806	14.6338	3.40486	0.618617	1.75575
3.79806	14.6271	3.4023	0.6189	1.75444
3.80806	14.6205	3.39975	0.619181	1.75312
3.81806	14.6139	3.39721	0.619461	1.75181
3.82806	14.6074	3.39469	0.61974	1.7505
3.83806	14.6009	3.39218	0.620017	1.74919
3.84806	14.5944	3.38968	0.620294	1.74789
3.85806	14.5879	3.38719	0.62057	1.74659
3.86806	14.5815	3.38472	0.620845	1.7453
3.87806	14.5751	3.38226	0.621118	1.74401
3.88806	14.5688	3.37981	0.621391	1.74272
3.89806	14.5625	3.37738	0.621662	1.74144
3.90806	14.5562	3.37496	0.621933	1.74016
3.91806	14.5499	3.37255	0.622202	1.73889
3.92806	14.5437	3.37015	0.622471	1.73762
3.93806	14.5375	3.36776	0.622738	1.73635
3.94806	14.5313	3.36539	0.623004	1.73509
3.95806	14.5252	3.36303	0.62327	1.73383
3.96806	14.5191	3.36068	0.623534	1.73258
3.97806	14.513	3.35834	0.623798	1.73132
3.98806	14.507	3.35601	0.62406	1.73008
3.99806	14.5009	3.3537	0.624321	1.72884
4.00806	14.4949	3.3514	0.624582	1.7276
4.01806	14.489	3.34911	0.624841	1.72636
4.02806	14.483	3.34683	0.6251	1.72513
4.03806	14.4771	3.34456	0.625358	1.72391
4.04806	14.4713	3.3423	0.625614	1.72269
4.05806	14.4654	3.34005	0.62587	1.72147
4.06806	14.4596	3.33782	0.626125	1.72026
4.07806	14.4538	3.33559	0.626379	1.71905
4.08806	14.448	3.33338	0.626632	1.71784
4.09806	14.4423	3.33117	0.626884	1.71664
4.10806	14.4366	3.32898	0.627135	1.71545
4.11806	14.4309	3.3268	0.627385	1.71425
4.12806	14.4252	3.32463	0.627634	1.71307
4.13806	14.4196	3.32247	0.627883	1.71188
4.14806	14.414	3.32032	0.62813	1.7107
4.15806	14.4084	3.31818	0.628377	1.70953
4.16806	14.4029	3.31605	0.628622	1.70836
4.17806	14.3973	3.31393	0.628867	1.70719
4.18806	14.3918	3.31182	0.629111	1.70603
4.19806	14.3864	3.30972	0.629354	1.70487
4.20806	14.3809	3.30763	0.629597	1.70372
4.21806	14.3755	3.30555	0.629838	1.70257
4.22806	14.3701	3.30348	0.630079	1.70142
4.23806	14.3647	3.30141	0.630318	1.70028
4.24806	14.3594	3.29936	0.630557	1.69915
4.25806	14.354	3.29732	0.630795	1.69802
4.26806	14.3487	3.29529	0.631032	1.69689
4.27806	14.3434	3.29327	0.631269	1.69576
4.28806	14.3382	3.29125	0.631504	1.69465
4.29806	14.3329	3.28925	0.631739	1.69353
4.30806	14.3277	3.28725	0.631973	1.69242
4.31806	14.3225	3.28527	0.632206	1.69131
4.32806	14.3174	3.28329	0.632439	1.69021
4.33806	14.3122	3.28132	0.63267	1.68911
4.34806	14.3071	3.27937	0.632901	1.68802
4.35806	14.302	3.27742	0.633131	1.68693
4.36806	14.297	3.27548	0.63336	1.68585
4.37806	14.2919	3.27354	0.633588	1.68476
4.38806	14.2869	3.27162	0.633816	1.68369
4.39806	14.2819	3.26971	0.634043	1.68261
4.40806	14.2769	3.2678	0.634269	1.68155
4.41806	14.2719	3.2659	0.634494	1.68048
4.42806	14.267	3.26401	0.634719	1.67942
4.43806	14.2621	3.26213	0.634943	1.67837
4.44806	14.2572	3.26026	0.635166	1.67731
4.45806	14.2523	3.2584	0.635388	1.67627
4.46806	14.2474	3.25654	0.635609	1.67522
4.47806	14.2426	3.25469	0.63583	1.67418
4.48806	14.2378	3.25285	0.63605	1.67315
4.49806	14.233	3.25102	0.63627	1.67212
4.50806	14.2282	3.2492	0.636488	1.67109
4.51806	14.2235	3.24738	0.636706	1.67007
4.52806	14.2187	3.24558	0.636923	1.66905
4.53806	14.214	3.24378	0.63714	1.66803
4.54806	14.2093	3.24199	0.637356	1.66702
4.55806	14.2046	3.2402	0.637571	1.66601
4.56806	14.2	3.23843	0.637785	1.66501
4.57806	14.1954	3.23666	0.637999	1.66401
4.58806	14.1907	3.2349	0.638212	1.66302
4.59806	14.1861	3.23314	0.638424	1.66203
4.60806	14.1816	3.2314	0.638635	1.66104
4.61806	14.177	3.22966	0.638846	1.66006
4.62806	14.1725	3.22793	0.639056	1.65908
4.63806	14.168	3.22621	0.639266	1.6581
4.64806	14.1635	3.22449	0.639475	1.65713
4.65806	14.159	3.22278	0.639683	1.65616
4.66806	14.1545	3.22108	0.63989	1.6552
4.67806	14.1501	3.21939	0.640097	1.65424
4.68806	14.1456	3.2177	0.640303	1.65328
4.69806	14.1412	3.21602	0.640509	1.65233
4.70806	14.1368	3.21435	0.640714	1.65138
4.71806	14.1325	3.21268	0.640918	1.65044
4.72806	14.1281	3.21102	0.641122	1.6495
4.73806	14.1238	3.20937	0.641324	1.64856
4.74806	14.1195	3.20772	0.641527	1.64763
4.75806	14.1152	3.20608	0.641728	1.6467
4.76806	14.1109	3.20445	0.641929	1.64577
4.77806	14.1066	3.20283	0.64213	1.64485
4.78806	14.1024	3.20121	0.642329	1.64393
4.79806	14.0981	3.1996	0.642529	1.64301
4.80806	14.0939	3.19799	0.642727	1.6421
4.81806	14.0897	3.1964	0.642925	1.64119
4.82806	14.0855	3.1948	0.643122	1.64029
4.83806	14.0814	3.19322	0.643319	1.63939
4.84806	14.0772	3.19164	0.643515	1.63849
4.85806	14.0731	3.19007	0.64371	1.6376
4.86806	14.069	3.1885	0.643905	1.63671
4.87806	14.0649	3.18694	0.644099	1.63582
4.88806	14.0608	3.18539	0.644293	1.63494
4.89806	14.0567	3.18384	0.644486	1.63406
4.90806	14.0527	3.1823	0.644678	1.63319
4.91806	14.0486	3.18077	0.64487	1.63231
4.92806	14.0446	3.17924	0.645061	1.63144
4.93806	14.0406	3.17771	0.645252	1.63058
4.94806	14.0366	3.1762	0.645442	1.62972
4.95806	14.0327	3.17469	0.645631	1.62886
4.96806	14.0287	3.17318	0.64582	1.628
4.97806	14.0248	3.17169	0.646009	1.62715
4.98806	14.0208	3.17019	0.646196	1.6263
4.99806	14.0169	3.16871	0.646384	1.62546
5.00806	14.013	3.16723	0.64657	1.62462
5.01806	14.0091	3.16575	0.646756	1.62378
5.02806	14.0053	3.16428	0.646942	1.62294
5.03806	14.0014	3.16282	0.647127	1.62211
5.04806	13.9976	3.16136	0.647311	1.62128
5.05806	13.9938	3.15991	0.647495	1.62046
5.06806	13.99	3.15846	0.647678	1.61963
5.07806	13.9862	3.15702	0.647861	1.61881
5.08806	13.9824	3.15559	0.648043	1.618
5.09806	13.9786	3.15416	0.648225	1.61719
5.10806	13.9749	3.15274	0.648406	1.61638
5.11806	13.9711	3.15132	0.648586	1.61557
5.12806	13.9674	3.1499	0.648766	1.61477
5.13806	13.9637	3.1485	0.648946	1.61397
5.14806	13.96	3.14709	0.649125	1.61317
5.15806	13.9563	3.1457	0.649303	1.61238
5.16806	13.9527	3.14431	0.649481	1.61159
5.17806	13.949	3.14292	0.649659	1.6108
5.18806	13.9454	3.14154	0.649836	1.61001
5.19806	13.9418	3.14016	0.650012	1.60923
5.20806	13.9381	3.13879	0.650188	1.60845
5.21806	13.9345	3.13743	0.650363	1.60768
5.22806	13.931	3.13607	0.650538	1.60691
5.23806	13.9274	3.13471	0.650712	1.60614
5.24806	13.9238	3.13337	0.650886	1.60537
5.25806	13.9203	3.13202	0.651059	1.60461
5.26806	13.9167	3.13068	0.651232	1.60385
5.27806	13.9132	3.12935	0.651404	1.60309
5.28806	13.9097	3.12802	0.651576	1.60233
5.29806	13.9062	3.12669	0.651747	1.60158
5.30806	13.9027	3.12537	0.651918	1.60083
5.31806	13.8993	3.12406	0.652088	1.60009
5.32806	13.8958	3.12275	0.652258	1.59934
5.33806	13.8924	3.12144	0.652428	1.5986
5.34806	13.8889	3.12014	0.652596	1.59786
5.35806	13.8855	3.11885	0.652765	1.59713
5.36806	13.8821	3.11756	0.652933	1.5964
5.37806	13.8787	3.11627	0.6531	1.59567
5.38806	13.8753	3.11499	0.653267	1.59494
5.39806	13.872	3.11371	0.653433	1.59422
5.40806	13.8686	3.11244	0.653599	1.5935
5.41806	13.8653	3.11117	0.653765	1.59278
5.42806	13.8619	3.10991	0.65393	1.59206
5.43806	13.8586	3.10865	0.654094	1.59135
5.44806	13.8553	3.1074	0.654259	1.59064
5.45806	13.852	3.10615	0.654422	1.58993
5.46806	13.8487	3.10491	0.654585	1.58923
5.47806	13.8455	3.10367	0.654748	1.58852
5.48806	13.8422	3.10243	0.65491	1.58782
5.49806	13.8389	3.1012	0.655072	1.58713
5.50806	13.8357	3.09997	0.655233	1.58643
5.51806	13.8325	3.09875	0.655394	1.58574
5.52806	13.8292	3.09753	0.655555	1.58505
5.53806	13.826	3.09632	0.655715	1.58436
5.54806	13.8228	3.09511	0.655874	1.58368
5.55806	13.8197	3.09391	0.656033	1.583
5.56806	13.8165	3.09271	0.656192	1.58232
5.57806	13.8133	3.09151	0.65635	1.58164
5.58806	13.8102	3.09032	0.656508	1.58097
5.59806	13.807	3.08913	0.656666	1.5803
5.60806	13.8039	3.08795	0.656822	1.57963
5.61806	13.8008	3.08677	0.656979	1.57896
5.62806	13.7977	3.08559	0.657135	1.5783
5.63806	13.7946	3.08442	0.657291	1.57763
5.64806	13.7915	3.08325	0.657446	1.57698
5.65806	13.7884	3.08209	0.657601	1.57632
5.66806	13.7854	3.08093	0.657755	1.57566
5.67806	13.7823	3.07977	0.657909	1.57501
5.68806	13.7793	3.07862	0.658062	1.57436
5.69806	13.7762	3.07748	0.658215	1.57371
5.70806	13.7732	3.07633	0.658368	1.57307
5.71806	13.7702	3.0752	0.65852	1.57243
5.72806	13.7672	3.07406	0.658672	1.57178
5.73806	13.7642	3.07293	0.658824	1.57115
5.74806	13.7612	3.0718	0.658975	1.57051
5.75806	13.7582	3.07068	0.659125	1.56988
5.76806	13.7553	3.06956	0.659276	1.56925
5.77806	13.7523	3.06844	0.659425	1.56862
5.78806	13.7494	3.06733	0.659575	1.56799
5.79806	13.7464	3.06622	0.659724	1.56736
5.80806	13.7435	3.06512	0.659872	1.56674
5.81806	13.7406	3.06402	0.660021	1.56612
5.82806	13.7377	3.06292	0.660168	1.5655
5.83806	13.7348	3.06183	0.660316	1.56489
5.84806	13.7319	3.06074	0.660463	1.56427
5.85806	13.729	3.05965	0.660609	1.56366
5.86806	13.7262	3.05857	0.660756	1.56305
5.87806	13.7233	3.05749	0.660901	1.56245
5.88806	13.7205	3.05642	0.661047	1.56184
5.89806	13.7176	3.05535	0.661192	1.56124
5.90806	13.7148	3.05428	0.661337	1.56064
5.91806	13.712	3.05321	0.661481	1.56004
5.92806	13.7092	3.05215	0.661625	1.55944
5.93806	13.7064	3.0511	0.661768	1.55885
5.94806	13.7036	3.05004	0.661912	1.55826
5.95806	13.7008	3.04899	0.662054	1.55767
5.96806	13.698	3.04795	0.662197	1.55708
5.97806	13.6953	3.0469	0.662339	1.55649
5.98806	13.6925	3.04586	0.662481	1.55591
5.99806	13.6898	3.04483	0.662622	1.55533
6.00806	13.687	3.0438	0.662763	1.55475
6.01806	13.6843	3.04277	0.662903	1.55417
6.02806	13.6816	3.04174	0.663043	1.55359
6.03806	13.6789	3.04072	0.663183	1.55302
6.04806	13.6762	3.0397	0.663323	1.55245
6.05806	13.6735	3.03868	0.663462	1.55188
6.06806	13.6708	3.03767	0.663601	1.55131
6.07806	13.6681	3.03666	0.663739	1.55074
6.08806	13.6655	3.03565	0.663877	1.55018
6.09806	13.6628	3.03465	0.664015	1.54961
6.10806	13.6601	3.03365	0.664152	1.54905
6.11806	13.6575	3.03266	0.664289	1.5485
6.12806	13.6549	3.03166	0.664426	1.54794
6.13806	13.6522	3.03067	0.664562	1.54738
6.14806	13.6496	3.02969	0.664698	1.54683
6.15806	13.647	3.0287	0.664833	1.54628
6.16806	13.6444	3.02772	0.664968	1.54573
6.17806	13.6418	3.02675	0.665103	1.54518
6.18806	13.6392	3.02577	0.665238	1.54464
6.19806	13.6367	3.0248	0.665372	1.5441
6.20806	13.6341	3.02383	0.665506	1.54355
6.21806	13.6315	3.02287	0.665639	1.54301
6.22806	13.629	3.02191	0.665772	1.54248
6.23806	13.6264	3.02095	0.665905	1.54194
6.24806	13.6239	3.01999	0.666038	1.5414
6.25806	13.6214	3.01904	0.66617	1.54087
6.26806	13.6189	3.01809	0.666302	1.54034
6.27806	13.6163	3.01714	0.666433	1.53981
6.28806	13.6138	3.0162	0.666564	1.53928
6.29806	13.6113	3.01526	0.666695	1.53876
6.30806	13.6088	3.01432	0.666825	1.53824
6.31806	13.6064	3.01339	0.666956	1.53771
6.32806	13.6039	3.01246	0.667085	1.53719
6.33806	13.6014	3.01153	0.667215	1.53667
6.34806	13.599	3.0106	0.667344	1.53616
6.35806	13.5965	3.00968	0.667473	1.53564
6.36806	13.5941	3.00876	0.667601	1.53513
6.37806	13.5916	3.00784	0.66773	1.53462
6.38806	13.5892	3.00693	0.667858	1.53411
6.39806	13.5868	3.00601	0.667985	1.5336
6.40806	13.5844	3.0051	0.668112	1.53309
6.41806	13.582	3.0042	0.668239	1.53258
6.42806	13.5796	3.0033	0.668366	1.53208
6.43806	13.5772	3.00239	0.668492	1.53158
6.44806	13.5748	3.0015	0.668618	1.53108
6.45806	13.5724	3.0006	0.668744	1.53058
6.46806	13.57	2.99971	0.668869	1.53008
6.47806	13.5677	2.99882	0.668994	1.52959
6.48806	13.5653	2.99793	0.669119	1.52909
6.49806	13.563	2.99705	0.669243	1.5286
6.50806	13.5606	2.99617	0.669368	1.52811
6.51806	13.5583	2.99529	0.669491	1.52762
6.52806	13.556	2.99441	0.669615	1.52713
6.53806	13.5536	2.99354	0.669738	1.52665
6.54806	13.5513	2.99267	0.669861	1.52616
6.55806	13.549	2.9918	0.669984	1.52568
6.56806	13.5467	2.99094	0.670106	1.5252
6.57806	13.5444	2.99007	0.670228	1.52472
6.58806	13.5421	2.98921	0.67035	1.52424
6.59806	13.5399	2.98836	0.670471	1.52376
6.60806	13.5376	2.9875	0.670592	1.52329
6.61806	13.5353	2.98665	0.670713	1.52281
6.62806	13.5331	2.9858	0.670834	1.52234
6.63806	13.5308	2.98495	0.670954	1.52187
6.64806	13.5286	2.98411	0.671074	1.5214
6.65806	13.5263	2.98326	0.671194	1.52093
6.66806	13.5241	2.98242	0.671313	1.52047
6.67806	13.5218	2.98159	0.671432	1.52
6.68806	13.5196	2.98075	0.671551	1.51954
6.69806	13.5174	2.97992	0.67167	1.51908
6.70806	13.5152	2.97909	0.671788	1.51862
6.71806	13.513	2.97826	0.671906	1.51816
6.72806	13.5108	2.97744	0.672023	1.5177
6.73806	13.5086	2.97661	0.672141	1.51724
6.74806	13.5064	2.97579	0.672258	1.51679
6.75806	13.5043	2.97498	0.672375	1.51633
6.76806	13.5021	2.97416	0.672491	1.51588
6.77806	13.4999	2.97335	0.672608	1.51543
6.78806	13.4978	2.97254	0.672724	1.51498
6.79806	13.4956	2.97173	0.672839	1.51453
6.80806	13.4935	2.97092	0.672955	1.51409
6.81806	13.4913	2.97012	0.67307	1.51364
6.82806	13.4892	2.96932	0.673185	1.5132
6.83806	13.4871	2.96852	0.6733	1.51276
6.84806	13.485	2.96772	0.673414	1.51232
6.85806	13.4828	2.96693	0.673528	1.51188
6.86806	13.4807	2.96614	0.673642	1.51144
6.87806	13.4786	2.96535	0.673755	1.511
6.88806	13.4765	2.96456	0.673869	1.51056
6.89806	13.4744	2.96378	0.673982	1.51013
6.90806	13.4724	2.96299	0.674094	1.5097
6.91806	13.4703	2.96221	0.674207	1.50927
6.92806	13.4682	2.96143	0.674319	1.50884
6.93806	13.4661	2.96066	0.674431	1.50841
6.94806	13.4641	2.95988	0.674543	1.50798
6.95806	13.462	2.95911	0.674654	1.50755
6.96806	13.46	2.95834	0.674766	1.50713
6.97806	13.4579	2.95757	0.674876	1.5067
6.98806	13.4559	2.95681	0.674987	1.50628
6.99806	13.4539	2.95605	0.675098	1.50586
7.00806	13.4518	2.95529	0.675208	1.50544
7.01806	13.4498	2.95453	0.675318	1.50502
7.02806	13.4478	2.95377	0.675427	1.5046
7.03806	13.4458	2.95302	0.675537	1.50418
7.04806	13.4438	2.95226	0.675646	1.50377
7.05806	13.4418	2.95151	0.675755	1.50335
7.06806	13.4398	2.95077	0.675863	1.50294
7.07806	13.4378	2.95002	0.675972	1.50253
7.08806	13.4358	2.94928	0.67608	1.50212
7.09806	13.4338	2.94853	0.676188	1.50171
7.10806	13.4319	2.94779	0.676295	1.5013
7.11806	13.4299	2.94706	0.676403	1.5009
7.12806	13.4279	2.94632	0.67651	1.50049
7.13806	13.426	2.94559	0.676617	1.50009
7.14806	13.424	2.94486	0.676724	1.49968
7.15806	13.4221	2.94413	0.67683	1.49928
7.16806	13.4201	2.9434	0.676936	1.49888
7.17806	13.4182	2.94267	0.677042	1.49848
7.18806	13.4163	2.94195	0.677148	1.49808
7.19806	13.4144	2.94123	0.677253	1.49768
7.20806	13.4124	2.94051	0.677358	1.49729
7.21806	13.4105	2.93979	0.677463	1.49689
7.22806	13.4086	2.93908	0.677568	1.4965
7.23806	13.4067	2.93836	0.677673	1.49611
7.24806	13.4048	2.93765	0.677777	1.49571
7.25806	13.4029	2.93694	0.677881	1.49532
7.26806	13.401	2.93624	0.677985	1.49493
7.27806	13.3992	2.93553	0.678088	1.49455
7.28806	13.3973	2.93483	0.678192	1.49416
7.29806	13.3954	2.93412	0.678295	1.49377
7.30806	13.3935	2.93342	0.678398	1.49339
7.31806	13.3917	2.93273	0.6785	1.493
7.32806	13.3898	2.93203	0.678603	1.49262
7.33806	13.388	2.93134	0.678705	1.49224
7.34806	13.3861	2.93064	0.678807	1.49186
7.35806	13.3843	2.92995	0.678909	1.49148
7.36806	13.3824	2.92926	0.67901	1.4911
7.37806	13.3806	2.92858	0.679111	1.49072
7.38806	13.3788	2.92789	0.679212	1.49035
7.39806	13.377	2.92721	0.679313	1.48997
7.40806	13.3751	2.92653	0.679414	1.4896
7.41806	13.3733	2.92585	0.679514	1.48923
7.42806	13.3715	2.92517	0.679614	1.48885
7.43806	13.3697	2.9245	0.679714	1.48848
7.44806	13.3679	2.92382	0.679814	1.48811
7.45806	13.3661	2.92315	0.679913	1.48774
7.46806	13.3643	2.92248	0.680013	1.48738
7.47806	13.3625	2.92181	0.680112	1.48701
7.48806	13.3608	2.92114	0.680211	1.48664
7.49806	13.359	2.92048	0.680309	1.48628
7.50806	13.3572	2.91981	0.680408	1.48591
7.51806	13.3555	2.91915	0.680506	1.48555
7.52806	13.3537	2.91849	0.680604	1.48519
7.53806	13.3519	2.91784	0.680702	1.48483
7.54806	13.3502	2.91718	0.680799	1.48447
7.55806	13.3484	2.91652	0.680896	1.48411
7.56806	13.3467	2.91587	0.680994	1.48375
7.57806	13.3449	2.91522	0.68109	1.48339
7.58806	13.3432	2.91457	0.681187	1.48304
7.59806	13.3415	2.91392	0.681284	1.48268
7.60806	13.3398	2.91328	0.68138	1.48233
7.61806	13.338	2.91263	0.681476	1.48198
7.62806	13.3363	2.91199	0.681572	1.48163
7.63806	13.3346	2.91135	0.681667	1.48127
7.64806	13.3329	2.91071	0.681763	1.48092
7.65806	13.3312	2.91007	0.681858	1.48058
7.66806	13.3295	2.90944	0.681953	1.48023
7.67806	13.3278	2.9088	0.682048	1.47988
7.68806	13.3261	2.90817	0.682143	1.47953
7.69806	13.3244	2.90754	0.682237	1.47919
7.70806	13.3227	2.90691	0.682331	1.47884
7.71806	13.3211	2.90628	0.682425	1.4785
7.72806	13.3194	2.90565	0.682519	1.47816
7.73806	13.3177	2.90503	0.682613	1.47782
7.74806	13.3161	2.90441	0.682706	1.47748
7.75806	13.3144	2.90379	0.682799	1.47714
7.76806	13.3127	2.90317	0.682892	1.4768
7.77806	13.3111	2.90255	0.682985	1.47646
7.78806	13.3094	2.90193	0.683078	1.47612
7.79806	13.3078	2.90132	0.68317	1.47579
7.80806	13.3062	2.9007	0.683262	1.47545
7.81806	13.3045	2.90009	0.683354	1.47512
7.82806	13.3029	2.89948	0.683446	1.47478
7.83806	13.3013	2.89887	0.683538	1.47445
7.84806	13.2996	2.89826	0.683629	1.47412
7.85806	13.298	2.89766	0.683721	1.47379
7.86806	13.2964	2.89705	0.683812	1.47346
7.87806	13.2948	2.89645	0.683902	1.47313
7.88806	13.2932	2.89585	0.683993	1.4728
7.89806	13.2916	2.89525	0.684084	1.47247
7.90806	13.29	2.89465	0.684174	1.47215
7.91806	13.2884	2.89406	0.684264	1.47182
7.92806	13.2868	2.89346	0.684354	1.4715
7.93806	13.2852	2.89287	0.684444	1.47117
7.94806	13.2836	2.89227	0.684533	1.47085
7.95806	13.282	2.89168	0.684622	1.47053
7.96806	13.2805	2.89109	0.684712	1.47021
7.97806	13.2789	2.89051	0.684801	1.46989
7.98806	13.2773	2.88992	0.684889	1.46957
7.99806	13.2758	2.88934	0.684978	1.46925
8.00806	13.2742	2.88875	0.685066	1.46893
8.01806	13.2726	2.88817	0.685155	1.46861
8.02806	13.2711	2.88759	0.685243	1.4683
8.03806	13.2695	2.88701	0.685331	1.46798
8.04806	13.268	2.88643	0.685418	1.46767
8.05806	13.2664	2.88586	0.685506	1.46735
8.06806	13.2649	2.88528	0.685593	1.46704
8.07806	13.2634	2.88471	0.68568	1.46673
8.08806	13.2618	2.88414	0.685767	1.46641
8.09806	13.2603	2.88357	0.685854	1.4661
8.10806	13.2588	2.883	0.68594	1.46579
8.11806	13.2573	2.88243	0.686027	1.46549
8.12806	13.2558	2.88186	0.686113	1.46518
8.13806	13.2542	2.8813	0.686199	1.46487
8.14806	13.2527	2.88074	0.686285	1.46456
8.15806	13.2512	2.88017	0.686371	1.46426
8.16806	13.2497	2.87961	0.686456	1.46395
8.17806	13.2482	2.87905	0.686542	1.46365
8.18806	13.2467	2.8785	0.686627	1.46334
8.19806	13.2453	2.87794	0.686712	1.46304
8.20806	13.2438	2.87738	0.686797	1.46274
8.21806	13.2423	2.87683	0.686881	1.46244
8.22806	13.2408	2.87628	0.686966	1.46214
8.23806	13.2393	2.87573	0.68705	1.46184
8.24806	13.2379	2.87518	0.687134	1.46154
8.25806	13.2364	2.87463	0.687218	1.46124
8.26806	13.2349	2.87408	0.687302	1.46094
8.27806	13.2335	2.87353	0.687386	1.46065
8.28806	13.232	2.87299	0.687469	1.46035
8.29806	13.2305	2.87245	0.687553	1.46005
8.30806	13.2291	2.8719	0.687636	1.45976
8.31806	13.2276	2.87136	0.687719	1.45947
8.32806	13.2262	2.87082	0.687801	1.45917
8.33806	13.2248	2.87028	0.687884	1.45888
8.34806	13.2233	2.86975	0.687967	1.45859
8.35806	13.2219	2.86921	0.688049	1.4583
8.36806	13.2205	2.86868	0.688131	1.45801
8.37806	13.219	2.86814	0.688213	1.45772
8.38806	13.2176	2.86761	0.688295	1.45743
8.39806	13.2162	2.86708	0.688376	1.45714
8.40806	13.2148	2.86655	0.688458	1.45685
8.41806	13.2133	2.86603	0.688539	1.45657
8.42806	13.2119	2.8655	0.68862	1.45628
8.43806	13.2105	2.86497	0.688701	1.456
8.44806	13.2091	2.86445	0.688782	1.45571
8.45806	13.2077	2.86393	0.688863	1.45543
8.46806	13.2063	2.8634	0.688943	1.45515
8.47806	13.2049	2.86288	0.689024	1.45486
8.48806	13.2035	2.86236	0.689104	1.45458
8.49806	13.2021	2.86185	0.689184	1.4543
8.50806	13.2008	2.86133	0.689264	1.45402
8.51806	13.1994	2.86081	0.689343	1.45374
8.52806	13.198	2.8603	0.689423	1.45346
8.53806	13.1966	2.85978	0.689502	1.45318
8.54806	13.1952	2.85927	0.689582	1.45291
8.55806	13.1939	2.85876	0.689661	1.45263
8.56806	13.1925	2.85825	0.68974	1.45235
8.57806	13.1912	2.85774	0.689818	1.45208
8.58806	13.1898	2.85724	0.689897	1.4518
8.59806	13.1884	2.85673	0.689975	1.45153
8.60806	13.1871	2.85622	0.690054	1.45125
8.61806	13.1857	2.85572	0.690132	1.45098
8.62806	13.1844	2.85522	0.69021	1.45071
8.63806	13.183	2.85472	0.690288	1.45044
8.64806	13.1817	2.85422	0.690365	1.45017
8.65806	13.1804	2.85372	0.690443	1.4499
8.66806	13.179	2.85322	0.69052	1.44963
8.67806	13.1777	2.85272	0.690598	1.44936
8.68806	13.1764	2.85223	0.690675	1.44909
8.69806	13.175	2.85173	0.690752	1.44882
8.70806	13.1737	2.85124	0.690828	1.44855
8.71806	13.1724	2.85075	0.690905	1.44829
8.72806	13.1711	2.85025	0.690982	1.44802
8.73806	13.1698	2.84976	0.691058	1.44776
8.74806	13.1684	2.84928	0.691134	1.44749
8.75806	13.1671	2.84879	0.69121	1.44723
8.76806	13.1658	2.8483	0.691286	1.44696
8.77806	13.1645	2.84782	0.691362	1.4467
8.78806	13.1632	2.84733	0.691437	1.44644
8.79806	13.1619	2.84685	0.691513	1.44618
8.80806	13.1606	2.84636	0.691588	1.44592
8.81806	13.1593	2.84588	0.691663	1.44566
8.82806	13.1581	2.8454	0.691738	1.4454
8.83806	13.1568	2.84492	0.691813	1.44514
8.84806	13.1555	2.84445	0.691888	1.44488
8.85806	13.1542	2.84397	0.691963	1.44462
8.86806	13.1529	2.84349	0.692037	1.44437
8.87806	13.1517	2.84302	0.692111	1.44411
8.88806	13.1504	2.84254	0.692186	1.44385
8.89806	13.1491	2.84207	0.69226	1.4436
8.90806	13.1479	2.8416	0.692333	1.44334
8.91806	13.1466	2.84113	0.692407	1.44309
8.92806	13.1453	2.84066	0.692481	1.44283
8.93806	13.1441	2.84019	0.692554	1.44258
8.94806	13.1428	2.83972	0.692628	1.44233
8.95806	13.1416	2.83926	0.692701	1.44208
8.96806	13.1403	2.83879	0.692774	1.44183
8.97806	13.1391	2.83833	0.692847	1.44158
8.98806	13.1378	2.83786	0.69292	1.44133
8.99806	13.1366	2.8374	0.692992	1.44108
9.00806	13.1353	2.83694	0.693065	1.44083
9.01806	13.1341	2.83648	0.693137	1.44058
9.02806	13.1329	2.83602	0.693209	1.44033
9.03806	13.1316	2.83556	0.693281	1.44008
9.04806	13.1304	2.83511	0.693353	1.43984
9.05806	13.1292	2.83465	0.693425	1.43959
9.06806	13.128	2.8342	0.693497	1.43935
9.07806	13.1268	2.83374	0.693568	1.4391
9.08806	13.1255	2.83329	0.69364	1.43886
9.09806	13.1243	2.83284	0.693711	1.43861
9.10806	13.1231	2.83238	0.693782	1.43837
9.11806	13.1219	2.83193	0.693853	1.43813
9.12806	13.1207	2.83149	0.693924	1.43788
9.13806	13.1195	2.83104	0.693995	1.43764
9.14806	13.1183	2.83059	0.694065	1.4374
9.15806	13.1171	2.83014	0.694136	1.43716
9.16806	13.1159	2.8297	0.694206	1.43692
9.17806	13.1147	2.82925	0.694276	1.43668
9.18806	13.1135	2.82881	0.694347	1.43644
9.19806	13.1123	2.82837	0.694416	1.4362
9.20806	13.1111	2.82793	0.694486	1.43597
9.21806	13.11	2.82749	0.694556	1.43573
9.22806	13.1088	2.82705	0.694626	1.43549
9.23806	13.1076	2.82661	0.694695	1.43526
9.24806	13.1064	2.82617	0.694764	1.43502
9.25806	13.1053	2.82573	0.694834	1.43478
9.26806	13.1041	2.8253	0.694903	1.43455
9.27806	13.1029	2.82486	0.694972	1.43432
9.28806	13.1017	2.82443	0.69504	1.43408
9.29806	13.1006	2.824	0.695109	1.43385
9.30806	13.0994	2.82356	0.695178	1.43362
9.31806	13.0983	2.82313	0.695246	1.43338
9.32806	13.0971	2.8227	0.695314	1.43315
9.33806	13.096	2.82227	0.695382	1.43292
9.34806	13.0948	2.82185	0.69545	1.43269
9.35806	13.0937	2.82142	0.695518	1.43246
9.36806	13.0925	2.82099	0.695586	1.43223
9.37806	13.0914	2.82057	0.695654	1.432
9.38806	13.0902	2.82014	0.695721	1.43177
9.39806	13.0891	2.81972	0.695789	1.43155
9.40806	13.0879	2.81929	0.695856	1.43132
9.41806	13.0868	2.81887	0.695923	1.43109
9.42806	13.0857	2.81845	0.69599	1.43086
9.43806	13.0846	2.81803	0.696057	1.43064
9.44806	13.0834	2.81761	0.696124	1.43041
9.45806	13.0823	2.81719	0.696191	1.43019
9.46806	13.0812	2.81678	0.696257	1.42996
9.47806	13.0801	2.81636	0.696324	1.42974
9.48806	13.0789	2.81594	0.69639	1.42952
9.49806	13.0778	2.81553	0.696456	1.42929
9.50806	13.0767	2.81511	0.696523	1.42907
9.51806	13.0756	2.8147	0.696589	1.42885
9.52806	13.0745	2.81429	0.696654	1.42863
9.53806	13.0734	2.81388	0.69672	1.42841
9.54806	13.0723	2.81347	0.696786	1.42819
9.55806	13.0712	2.81306	0.696851	1.42797
9.56806	13.0701	2.81265	0.696917	1.42775
9.57806	13.069	2.81224	0.696982	1.42753
9.58806	13.0679	2.81183	0.697047	1.42731
9.59806	13.0668	2.81143	0.697112	1.42709
9.60806	13.0657	2.81102	0.697177	1.42687
9.61806	13.0646	2.81062	0.697242	1.42665
9.62806	13.0635	2.81021	0.697307	1.42644
9.63806	13.0624	2.80981	0.697371	1.42622
9.64806	13.0614	2.80941	0.697436	1.426
9.65806	13.0603	2.80901	0.6975	1.42579
9.66806	13.0592	2.80861	0.697564	1.42557
9.67806	13.0581	2.80821	0.697628	1.42536
9.68806	13.0571	2.80781	0.697692	1.42515
9.69806	13.056	2.80741	0.697756	1.42493
9.70806	13.0549	2.80701	0.69782	1.42472
9.71806	13.0539	2.80662	0.697884	1.42451
9.72806	13.0528	2.80622	0.697947	1.42429
9.73806	13.0517	2.80583	0.698011	1.42408
9.74806	13.0507	2.80543	0.698074	1.42387
9.75806	13.0496	2.80504	0.698137	1.42366
9.76806	13.0486	2.80465	0.6982	1.42345
9.77806	13.0475	2.80426	0.698263	1.42324
9.78806	13.0465	2.80387	0.698326	1.42303
9.79806	13.0454	2.80348	0.698389	1.42282
9.80806	13.0444	2.80309	0.698451	1.42261
9.81806	13.0433	2.8027	0.698514	1.4224
9.82806	13.0423	2.80231	0.698576	1.4222
9.83806	13.0412	2.80192	0.698639	1.42199
9.84806	13.0402	2.80154	0.698701	1.42178
9.85806	13.0392	2.80115	0.698763	1.42157
9.86806	13.0381	2.80077	0.698825	1.42137
9.87806	13.0371	2.80038	0.698887	1.42116
9.88806	13.0361	2.8	0.698949	1.42096
9.89806	13.035	2.79962	0.69901	1.42075
9.90806	13.034	2.79924	0.699072	1.42055
9.91806	13.033	2.79886	0.699133	1.42034
9.92806	13.032	2.79848	0.699195	1.42014
9.93806	13.0309	2.7981	0.699256	1.41994
9.94806	13.0299	2.79772	0.699317	1.41974
9.95806	13.0289	2.79734	0.699378	1.41953
9.96806	13.0279	2.79697	0.699439	1.41933
9.97806	13.0269	2.79659	0.6995	1.41913
9.98806	13.0259	2.79622	0.699561	1.41893
9.99806	13.0249	2.79584	0.699621	1.41873
