W	Pred
1.5	433.188
1.6	425.198
1.7	418.139
1.8	411.864
1.9	406.255
2	401.217
2.1	396.671
2.2	392.554
2.3	388.811
2.4	385.398
2.5	382.277
2.6	379.414
2.7	376.783
2.8	374.358
2.9	372.12
3	370.051
3.1	368.133
3.2	366.354
3.3	364.7
3.4	363.162
3.5	361.729
3.6	360.392
3.7	359.144
3.8	357.979
3.9	356.889
4	355.869
4.1	354.913
4.2	354.018
4.3	353.179
4.4	352.392
4.5	351.654
4.6	350.961
4.7	350.311
4.8	349.7
4.9	349.127
5	348.588
5.1	348.083
5.2	347.608
5.3	347.163
5.4	346.744
5.5	346.352
5.6	345.984
5.7	345.64
5.8	345.317
5.9	345.015
6	344.732
6.1	344.468
6.2	344.221
6.3	343.991
6.4	343.777
6.5	343.579
6.6	343.394
6.7	343.223
6.8	343.065
6.9	342.92
7	342.786
7.1	342.663
7.2	342.552
7.3	342.45
7.4	342.359
7.5	342.276
7.6	342.203
7.7	342.138
7.8	342.081
7.9	342.033
8	341.991
8.1	341.957
8.2	341.93
8.3	341.909
8.4	341.895
8.5	341.887
8.6	341.884
8.7	341.887
8.8	341.896
8.9	341.909
9	341.928
9.1	341.951
9.2	341.979
9.3	342.012
9.4	342.048
9.5	342.089
9.6	342.133
9.7	342.182
9.8	342.234
9.9	342.289
10	342.348
10.1	342.41
10.2	342.475
10.3	342.543
10.4	342.614
10.5	342.687
10.6	342.764
10.7	342.843
10.8	342.924
10.9	343.008
11	343.094
11.1	343.183
11.2	343.273
11.3	343.366
11.4	343.461
11.5	343.557
11.6	343.656
11.7	343.756
11.8	343.858
11.9	343.961
12	344.067
12.1	344.173
12.2	344.282
12.3	344.392
12.4	344.503
12.5	344.615
12.6	344.729
12.7	344.844
12.8	344.96
12.9	345.078
13	345.196
13.1	345.316
13.2	345.437
13.3	345.558
13.4	345.681
13.5	345.805
13.6	345.929
13.7	346.055
13.8	346.181
13.9	346.308
14	346.436
14.1	346.565
14.2	346.694
14.3	346.824
14.4	346.955
14.5	347.086
14.6	347.218
14.7	347.351
14.8	347.484
14.9	347.618
15	347.752
15.1	347.887
15.2	348.023
15.3	348.158
15.4	348.295
15.5	348.431
15.6	348.569
15.7	348.706
15.8	348.844
15.9	348.983
16	349.121
16.1	349.26
16.2	349.4
16.3	349.539
16.4	349.679
16.5	349.82
16.6	349.96
16.7	350.101
16.8	350.242
16.9	350.383
17	350.525
17.1	350.667
17.2	350.809
17.3	350.951
17.4	351.093
17.5	351.236
17.6	351.379
17.7	351.521
17.8	351.664
17.9	351.808
18	351.951
18.1	352.094
18.2	352.238
18.3	352.381
18.4	352.525
18.5	352.669
18.6	352.813
18.7	352.957
18.8	353.101
18.9	353.245
19	353.389
19.1	353.533
19.2	353.677
19.3	353.821
19.4	353.966
19.5	354.11
19.6	354.254
19.7	354.399
19.8	354.543
19.9	354.687
20	354.832
20.1	354.976
20.2	355.12
20.3	355.265
20.4	355.409
20.5	355.553
20.6	355.697
20.7	355.842
20.8	355.986
20.9	356.13
21	356.274
21.1	356.418
21.2	356.562
21.3	356.706
21.4	356.85
21.5	356.994
21.6	357.137
21.7	357.281
21.8	357.425
21.9	357.568
22	357.712
22.1	357.855
22.2	357.998
22.3	358.142
22.4	358.285
22.5	358.428
22.6	358.571
22.7	358.714
22.8	358.856
22.9	358.999
23	359.142
23.1	359.284
23.2	359.426
23.3	359.569
23.4	359.711
23.5	359.853
23.6	359.995
23.7	360.136
23.8	360.278
23.9	360.42
24	360.561
24.1	360.702
24.2	360.844
24.3	360.985
24.4	361.126
24.5	361.266
24.6	361.407
24.7	361.548
24.8	361.688
24.9	361.828
25	361.969
25.1	362.109
25.2	362.249
25.3	362.388
25.4	362.528
25.5	362.667
25.6	362.807
25.7	362.946
25.8	363.085
25.9	363.224
26	363.363
26.1	363.501
26.2	363.64
26.3	363.778
26.4	363.916
26.5	364.054
26.6	364.192
26.7	364.33
26.8	364.468
26.9	364.605
27	364.743
27.1	364.88
27.2	365.017
27.3	365.154
27.4	365.29
27.5	365.427
27.6	365.563
27.7	365.699
27.8	365.836
27.9	365.971
28	366.107
28.1	366.243
28.2	366.378
28.3	366.514
28.4	366.649
28.5	366.784
28.6	366.919
28.7	367.053
28.8	367.188
28.9	367.322
29	367.457
29.1	367.591
29.2	367.724
29.3	367.858
29.4	367.992
29.5	368.125
29.6	368.258
29.7	368.392
29.8	368.525
29.9	368.657
30	368.79
30.1	368.922
30.2	369.055
30.3	369.187
30.4	369.319
30.5	369.451
30.6	369.582
30.7	369.714
30.8	369.845
30.9	369.976
31	370.107
31.1	370.238
31.2	370.369
31.3	370.5
31.4	370.63
31.5	370.76
31.6	370.89
31.7	371.02
31.8	371.15
31.9	371.279
32	371.409
32.1	371.538
32.2	371.667
32.3	371.796
32.4	371.925
32.5	372.054
32.6	372.182
32.7	372.31
32.8	372.438
32.9	372.566
33	372.694
33.1	372.822
33.2	372.949
33.3	373.077
33.4	373.204
33.5	373.331
33.6	373.458
33.7	373.585
33.8	373.711
33.9	373.838
34	373.964
34.1	374.09
34.2	374.216
34.3	374.342
34.4	374.467
34.5	374.593
34.6	374.718
34.7	374.843
34.8	374.968
34.9	375.093
35	375.218
35.1	375.342
35.2	375.466
35.3	375.591
35.4	375.715
35.5	375.839
35.6	375.962
35.7	376.086
35.8	376.209
35.9	376.333
36	376.456
36.1	376.579
36.2	376.702
36.3	376.824
36.4	376.947
36.5	377.069
36.6	377.191
36.7	377.313
36.8	377.435
36.9	377.557
37	377.679
37.1	377.8
37.2	377.921
37.3	378.042
37.4	378.163
37.5	378.284
37.6	378.405
37.7	378.526
37.8	378.646
37.9	378.766
38	378.886
38.1	379.006
38.2	379.126
38.3	379.246
38.4	379.365
38.5	379.485
38.6	379.604
38.7	379.723
38.8	379.842
38.9	379.96
39	380.079
39.1	380.198
39.2	380.316
39.3	380.434
39.4	380.552
39.5	380.67
39.6	380.788
39.7	380.905
39.8	381.023
39.9	381.14
40	381.257
40.1	381.374
40.2	381.491
40.3	381.608
40.4	381.725
40.5	381.841
40.6	381.957
40.7	382.073
40.8	382.19
40.9	382.305
41	382.421
41.1	382.537
41.2	382.652
41.3	382.768
41.4	382.883
41.5	382.998
41.6	383.113
41.7	383.228
41.8	383.342
41.9	383.457
42	383.571
42.1	383.685
42.2	383.799
42.3	383.913
42.4	384.027
42.5	384.141
42.6	384.254
42.7	384.368
42.8	384.481
42.9	384.594
43	384.707
43.1	384.82
43.2	384.933
43.3	385.045
43.4	385.158
43.5	385.27
43.6	385.382
43.7	385.494
43.8	385.606
43.9	385.718
44	385.83
44.1	385.941
44.2	386.053
44.3	386.164
44.4	386.275
44.5	386.386
44.6	386.497
44.7	386.608
44.8	386.718
44.9	386.829
45	386.939
45.1	387.049
45.2	387.159
45.3	387.269
45.4	387.379
45.5	387.489
45.6	387.598
45.7	387.708
45.8	387.817
45.9	387.926
46	388.035
46.1	388.144
46.2	388.253
46.3	388.362
46.4	388.471
46.5	388.579
46.6	388.687
46.7	388.795
46.8	388.904
46.9	389.012
47	389.119
47.1	389.227
47.2	389.335
47.3	389.442
47.4	389.549
47.5	389.657
47.6	389.764
47.7	389.871
47.8	389.977
47.9	390.084
48	390.191
48.1	390.297
48.2	390.404
48.3	390.51
48.4	390.616
48.5	390.722
48.6	390.828
48.7	390.934
48.8	391.039
48.9	391.145
49	391.25
49.1	391.355
49.2	391.461
49.3	391.566
49.4	391.671
49.5	391.775
49.6	391.88
49.7	391.985
49.8	392.089
49.9	392.193
50	392.298
50.1	392.402
50.2	392.506
50.3	392.61
50.4	392.713
50.5	392.817
50.6	392.921
50.7	393.024
50.8	393.127
50.9	393.231
51	393.334
51.1	393.437
51.2	393.539
51.3	393.642
51.4	393.745
51.5	393.847
51.6	393.95
51.7	394.052
51.8	394.154
51.9	394.256
52	394.358
52.1	394.46
52.2	394.562
52.3	394.664
52.4	394.765
52.5	394.866
52.6	394.968
52.7	395.069
52.8	395.17
52.9	395.271
53	395.372
53.1	395.473
53.2	395.573
53.3	395.674
53.4	395.774
53.5	395.875
53.6	395.975
53.7	396.075
53.8	396.175
53.9	396.275
54	396.375
54.1	396.474
54.2	396.574
54.3	396.673
54.4	396.773
54.5	396.872
54.6	396.971
54.7	397.07
54.8	397.169
54.9	397.268
55	397.367
55.1	397.465
55.2	397.564
55.3	397.662
55.4	397.761
55.5	397.859
55.6	397.957
55.7	398.055
55.8	398.153
55.9	398.251
56	398.349
56.1	398.446
56.2	398.544
56.3	398.641
56.4	398.738
56.5	398.836
56.6	398.933
56.7	399.03
56.8	399.127
56.9	399.223
57	399.32
57.1	399.417
57.2	399.513
57.3	399.61
57.4	399.706
57.5	399.802
57.6	399.898
57.7	399.994
57.8	400.09
57.9	400.186
58	400.282
58.1	400.378
58.2	400.473
58.3	400.569
58.4	400.664
58.5	400.759
58.6	400.854
58.7	400.949
58.8	401.044
58.9	401.139
59	401.234
59.1	401.329
59.2	401.423
59.3	401.518
59.4	401.612
59.5	401.706
59.6	401.801
59.7	401.895
59.8	401.989
59.9	402.083
60	402.176
60.1	402.27
60.2	402.364
60.3	402.457
60.4	402.551
60.5	402.644
60.6	402.737
60.7	402.831
60.8	402.924
60.9	403.017
61	403.11
61.1	403.202
61.2	403.295
61.3	403.388
61.4	403.48
61.5	403.573
61.6	403.665
61.7	403.757
61.8	403.85
61.9	403.942
62	404.034
62.1	404.126
62.2	404.217
62.3	404.309
62.4	404.401
62.5	404.492
62.6	404.584
62.7	404.675
62.8	404.767
62.9	404.858
63	404.949
63.1	405.04
63.2	405.131
63.3	405.222
63.4	405.312
63.5	405.403
63.6	405.494
63.7	405.584
63.8	405.675
63.9	405.765
64	405.855
64.1	405.945
64.2	406.036
64.3	406.126
64.4	406.215
64.5	406.305
64.6	406.395
64.7	406.485
64.8	406.574
64.9	406.664
65	406.753
65.1	406.842
65.2	406.932
65.3	407.021
65.4	407.11
65.5	407.199
65.6	407.288
65.7	407.377
65.8	407.465
65.9	407.554
66	407.643
66.1	407.731
66.2	407.819
66.3	407.908
66.4	407.996
66.5	408.084
66.6	408.172
66.7	408.26
66.8	408.348
66.9	408.436
67	408.524
67.1	408.612
67.2	408.699
67.3	408.787
67.4	408.874
67.5	408.961
67.6	409.049
67.7	409.136
67.8	409.223
67.9	409.31
68	409.397
68.1	409.484
68.2	409.571
68.3	409.657
68.4	409.744
68.5	409.831
68.6	409.917
68.7	410.004
68.8	410.09
68.9	410.176
69	410.262
69.1	410.348
69.2	410.434
69.3	410.52
69.4	410.606
69.5	410.692
69.6	410.778
69.7	410.863
69.8	410.949
69.9	411.034
70	411.12
70.1	411.205
70.2	411.29
70.3	411.376
70.4	411.461
70.5	411.546
70.6	411.631
70.7	411.716
70.8	411.8
70.9	411.885
71	411.97
71.1	412.054
71.2	412.139
71.3	412.223
71.4	412.308
71.5	412.392
71.6	412.476
71.7	412.56
71.8	412.644
71.9	412.728
72	412.812
72.1	412.896
72.2	412.98
72.3	413.064
72.4	413.147
72.5	413.231
72.6	413.314
72.7	413.398
72.8	413.481
72.9	413.564
73	413.648
73.1	413.731
73.2	413.814
73.3	413.897
73.4	413.98
73.5	414.063
73.6	414.145
73.7	414.228
73.8	414.311
73.9	414.393
74	414.476
74.1	414.558
74.2	414.64
74.3	414.723
74.4	414.805
74.5	414.887
74.6	414.969
74.7	415.051
74.8	415.133
74.9	415.215
75	415.297
75.1	415.378
75.2	415.46
75.3	415.542
75.4	415.623
75.5	415.705
75.6	415.786
75.7	415.867
75.8	415.949
75.9	416.03
76	416.111
76.1	416.192
76.2	416.273
76.3	416.354
76.4	416.435
76.5	416.515
76.6	416.596
76.7	416.677
76.8	416.757
76.9	416.838
77	416.918
77.1	416.999
77.2	417.079
77.3	417.159
77.4	417.239
77.5	417.319
77.6	417.399
77.7	417.479
77.8	417.559
77.9	417.639
78	417.719
78.1	417.799
78.2	417.878
78.3	417.958
78.4	418.037
78.5	418.117
78.6	418.196
78.7	418.276
78.8	418.355
78.9	418.434
79	418.513
79.1	418.592
79.2	418.671
79.3	418.75
79.4	418.829
79.5	418.908
79.6	418.987
79.7	419.065
79.8	419.144
79.9	419.222
80	419.301
80.1	419.379
80.2	419.458
80.3	419.536
80.4	419.614
80.5	419.693
80.6	419.771
80.7	419.849
80.8	419.927
80.9	420.005
81	420.082
81.1	420.16
81.2	420.238
81.3	420.316
81.4	420.393
81.5	420.471
81.6	420.548
81.7	420.626
81.8	420.703
81.9	420.781
82	420.858
82.1	420.935
82.2	421.012
82.3	421.089
82.4	421.166
82.5	421.243
82.6	421.32
82.7	421.397
82.8	421.474
82.9	421.55
83	421.627
83.1	421.704
83.2	421.78
83.3	421.857
83.4	421.933
83.5	422.009
83.6	422.086
83.7	422.162
83.8	422.238
83.9	422.314
84	422.39
84.1	422.466
84.2	422.542
84.3	422.618
84.4	422.694
84.5	422.77
84.6	422.846
84.7	422.921
84.8	422.997
84.9	423.072
85	423.148
85.1	423.223
85.2	423.299
85.3	423.374
85.4	423.449
85.5	423.524
85.6	423.6
85.7	423.675
85.8	423.75
85.9	423.825
86	423.899
86.1	423.974
86.2	424.049
86.3	424.124
86.4	424.199
86.5	424.273
86.6	424.348
86.7	424.422
86.8	424.497
86.9	424.571
87	424.645
87.1	424.72
87.2	424.794
87.3	424.868
87.4	424.942
87.5	425.016
87.6	425.09
87.7	425.164
87.8	425.238
87.9	425.312
88	425.386
88.1	425.46
88.2	425.533
88.3	425.607
88.4	425.681
88.5	425.754
88.6	425.828
88.7	425.901
88.8	425.974
88.9	426.048
89	426.121
89.1	426.194
89.2	426.267
89.3	426.34
89.4	426.413
89.5	426.486
89.6	426.559
89.7	426.632
89.8	426.705
89.9	426.778
90	426.85
90.1	426.923
90.2	426.996
90.3	427.068
90.4	427.141
90.5	427.213
90.6	427.286
90.7	427.358
90.8	427.43
90.9	427.503
91	427.575
91.1	427.647
91.2	427.719
91.3	427.791
91.4	427.863
91.5	427.935
91.6	428.007
91.7	428.079
91.8	428.15
91.9	428.222
92	428.294
92.1	428.365
92.2	428.437
92.3	428.509
92.4	428.58
92.5	428.651
92.6	428.723
92.7	428.794
92.8	428.865
92.9	428.937
93	429.008
93.1	429.079
93.2	429.15
93.3	429.221
93.4	429.292
93.5	429.363
93.6	429.434
93.7	429.505
93.8	429.575
93.9	429.646
94	429.717
94.1	429.787
94.2	429.858
94.3	429.928
94.4	429.999
94.5	430.069
94.6	430.14
94.7	430.21
94.8	430.28
94.9	430.35
95	430.421
95.1	430.491
95.2	430.561
95.3	430.631
95.4	430.701
95.5	430.771
95.6	430.841
95.7	430.91
95.8	430.98
95.9	431.05
96	431.12
96.1	431.189
96.2	431.259
96.3	431.328
96.4	431.398
96.5	431.467
96.6	431.537
96.7	431.606
96.8	431.675
96.9	431.745
97	431.814
97.1	431.883
97.2	431.952
97.3	432.021
97.4	432.09
97.5	432.159
97.6	432.228
97.7	432.297
97.8	432.366
97.9	432.435
98	432.503
98.1	432.572
98.2	432.641
98.3	432.709
98.4	432.778
98.5	432.846
98.6	432.915
98.7	432.983
98.8	433.052
98.9	433.12
99	433.188
99.1	433.257
99.2	433.325
99.3	433.393
99.4	433.461
99.5	433.529
99.6	433.597
99.7	433.665
99.8	433.733
99.9	433.801
100	433.869
100.1	433.936
100.2	434.004
100.3	434.072
100.4	434.139
100.5	434.207
100.6	434.275
100.7	434.342
100.8	434.41
100.9	434.477
101	434.544
101.1	434.612
101.2	434.679
101.3	434.746
101.4	434.813
101.5	434.881
101.6	434.948
101.7	435.015
101.8	435.082
101.9	435.149
102	435.216
102.1	435.282
102.2	435.349
102.3	435.416
102.4	435.483
102.5	435.55
102.6	435.616
102.7	435.683
102.8	435.749
102.9	435.816
103	435.882
103.1	435.949
103.2	436.015
103.3	436.082
103.4	436.148
103.5	436.214
103.6	436.281
103.7	436.347
103.8	436.413
103.9	436.479
104	436.545
104.1	436.611
104.2	436.677
104.3	436.743
104.4	436.809
104.5	436.875
104.6	436.941
104.7	437.006
104.8	437.072
104.9	437.138
105	437.203
105.1	437.269
105.2	437.335
105.3	437.4
105.4	437.466
105.5	437.531
105.6	437.596
105.7	437.662
105.8	437.727
105.9	437.792
106	437.858
106.1	437.923
106.2	437.988
106.3	438.053
106.4	438.118
106.5	438.183
106.6	438.248
106.7	438.313
106.8	438.378
106.9	438.443
107	438.508
107.1	438.572
107.2	438.637
107.3	438.702
107.4	438.766
107.5	438.831
107.6	438.896
107.7	438.96
107.8	439.025
107.9	439.089
108	439.153
108.1	439.218
108.2	439.282
108.3	439.346
108.4	439.411
108.5	439.475
108.6	439.539
108.7	439.603
108.8	439.667
108.9	439.731
109	439.795
109.1	439.859
109.2	439.923
109.3	439.987
109.4	440.051
109.5	440.115
109.6	440.179
109.7	440.242
109.8	440.306
109.9	440.37
110	440.433
110.1	440.497
110.2	440.56
110.3	440.624
110.4	440.687
110.5	440.751
110.6	440.814
110.7	440.877
110.8	440.941
110.9	441.004
111	441.067
111.1	441.13
111.2	441.194
111.3	441.257
111.4	441.32
111.5	441.383
111.6	441.446
111.7	441.509
111.8	441.572
111.9	441.635
112	441.697
112.1	441.76
112.2	441.823
112.3	441.886
112.4	441.948
112.5	442.011
112.6	442.074
112.7	442.136
112.8	442.199
112.9	442.261
113	442.324
113.1	442.386
113.2	442.449
113.3	442.511
113.4	442.573
113.5	442.636
113.6	442.698
113.7	442.76
113.8	442.822
113.9	442.884
114	442.946
114.1	443.009
114.2	443.071
114.3	443.133
114.4	443.194
114.5	443.256
114.6	443.318
114.7	443.38
114.8	443.442
114.9	443.504
115	443.565
115.1	443.627
115.2	443.689
115.3	443.75
115.4	443.812
115.5	443.874
115.6	443.935
115.7	443.996
115.8	444.058
115.9	444.119
116	444.181
116.1	444.242
116.2	444.303
116.3	444.365
116.4	444.426
116.5	444.487
116.6	444.548
116.7	444.609
116.8	444.67
116.9	444.731
117	444.792
117.1	444.853
117.2	444.914
117.3	444.975
117.4	445.036
117.5	445.097
117.6	445.158
117.7	445.218
117.8	445.279
117.9	445.34
118	445.401
118.1	445.461
118.2	445.522
118.3	445.582
118.4	445.643
118.5	445.703
118.6	445.764
118.7	445.824
118.8	445.885
118.9	445.945
119	446.005
119.1	446.065
119.2	446.126
119.3	446.186
119.4	446.246
119.5	446.306
119.6	446.366
119.7	446.426
119.8	446.486
119.9	446.546
120	446.606
120.1	446.666
120.2	446.726
120.3	446.786
120.4	446.846
120.5	446.906
120.6	446.965
120.7	447.025
120.8	447.085
120.9	447.145
121	447.204
121.1	447.264
121.2	447.323
121.3	447.383
121.4	447.442
121.5	447.502
121.6	447.561
121.7	447.621
121.8	447.68
121.9	447.739
122	447.799
122.1	447.858
122.2	447.917
122.3	447.976
122.4	448.035
122.5	448.095
122.6	448.154
122.7	448.213
122.8	448.272
122.9	448.331
123	448.39
123.1	448.449
123.2	448.507
123.3	448.566
123.4	448.625
123.5	448.684
123.6	448.743
123.7	448.801
123.8	448.86
123.9	448.919
124	448.977
124.1	449.036
124.2	449.095
124.3	449.153
124.4	449.212
124.5	449.27
124.6	449.329
124.7	449.387
124.8	449.445
124.9	449.504
125	449.562
125.1	449.62
125.2	449.679
125.3	449.737
125.4	449.795
125.5	449.853
125.6	449.911
125.7	449.969
125.8	450.027
125.9	450.085
126	450.143
126.1	450.201
126.2	450.259
126.3	450.317
126.4	450.375
126.5	450.433
126.6	450.491
126.7	450.548
126.8	450.606
126.9	450.664
127	450.722
127.1	450.779
127.2	450.837
127.3	450.894
127.4	450.952
127.5	451.01
127.6	451.067
127.7	451.125
127.8	451.182
127.9	451.239
128	451.297
128.1	451.354
128.2	451.411
128.3	451.469
128.4	451.526
128.5	451.583
128.6	451.64
128.7	451.697
128.8	451.755
128.9	451.812
129	451.869
129.1	451.926
129.2	451.983
129.3	452.04
129.4	452.097
129.5	452.154
129.6	452.21
129.7	452.267
129.8	452.324
129.9	452.381
130	452.438
130.1	452.494
130.2	452.551
130.3	452.608
130.4	452.664
130.5	452.721
130.6	452.778
130.7	452.834
130.8	452.891
130.9	452.947
131	453.004
131.1	453.06
131.2	453.117
131.3	453.173
131.4	453.229
131.5	453.286
131.6	453.342
131.7	453.398
131.8	453.454
131.9	453.511
132	453.567
132.1	453.623
132.2	453.679
132.3	453.735
132.4	453.791
132.5	453.847
132.6	453.903
132.7	453.959
132.8	454.015
132.9	454.071
133	454.127
133.1	454.183
133.2	454.238
133.3	454.294
133.4	454.35
133.5	454.406
133.6	454.461
133.7	454.517
133.8	454.573
133.9	454.628
134	454.684
134.1	454.739
134.2	454.795
134.3	454.85
134.4	454.906
134.5	454.961
134.6	455.017
134.7	455.072
134.8	455.128
134.9	455.183
135	455.238
135.1	455.293
135.2	455.349
135.3	455.404
135.4	455.459
135.5	455.514
135.6	455.569
135.7	455.625
135.8	455.68
135.9	455.735
136	455.79
136.1	455.845
136.2	455.9
136.3	455.955
136.4	456.009
136.5	456.064
136.6	456.119
136.7	456.174
136.8	456.229
136.9	456.284
137	456.338
137.1	456.393
137.2	456.448
137.3	456.502
137.4	456.557
137.5	456.612
137.6	456.666
137.7	456.721
137.8	456.775
137.9	456.83
138	456.884
138.1	456.939
138.2	456.993
138.3	457.047
138.4	457.102
138.5	457.156
138.6	457.21
138.7	457.265
138.8	457.319
138.9	457.373
139	457.427
139.1	457.482
139.2	457.536
139.3	457.59
139.4	457.644
139.5	457.698
139.6	457.752
139.7	457.806
139.8	457.86
139.9	457.914
140	457.968
140.1	458.022
140.2	458.076
140.3	458.13
140.4	458.183
140.5	458.237
140.6	458.291
140.7	458.345
140.8	458.398
140.9	458.452
141	458.506
141.1	458.559
141.2	458.613
141.3	458.667
141.4	458.72
141.5	458.774
141.6	458.827
141.7	458.881
141.8	458.934
141.9	458.987
142	459.041
142.1	459.094
142.2	459.148
142.3	459.201
142.4	459.254
142.5	459.307
142.6	459.361
142.7	459.414
142.8	459.467
142.9	459.52
143	459.573
143.1	459.627
143.2	459.68
143.3	459.733
143.4	459.786
143.5	459.839
143.6	459.892
143.7	459.945
143.8	459.998
143.9	460.051
144	460.103
144.1	460.156
144.2	460.209
144.3	460.262
144.4	460.315
144.5	460.367
144.6	460.42
144.7	460.473
144.8	460.526
144.9	460.578
145	460.631
145.1	460.683
145.2	460.736
145.3	460.789
145.4	460.841
145.5	460.894
145.6	460.946
145.7	460.998
145.8	461.051
145.9	461.103
146	461.156
146.1	461.208
146.2	461.26
146.3	461.313
146.4	461.365
146.5	461.417
146.6	461.469
146.7	461.522
146.8	461.574
146.9	461.626
147	461.678
147.1	461.73
147.2	461.782
147.3	461.834
147.4	461.886
147.5	461.938
147.6	461.99
147.7	462.042
147.8	462.094
147.9	462.146
148	462.198
148.1	462.25
148.2	462.302
148.3	462.354
148.4	462.405
148.5	462.457
148.6	462.509
148.7	462.561
148.8	462.612
148.9	462.664
149	462.716
149.1	462.767
149.2	462.819
149.3	462.87
149.4	462.922
149.5	462.973
149.6	463.025
149.7	463.076
149.8	463.128
149.9	463.179
150	463.231
150.1	463.282
150.2	463.333
150.3	463.385
150.4	463.436
150.5	463.487
150.6	463.538
150.7	463.59
150.8	463.641
150.9	463.692
151	463.743
151.1	463.794
151.2	463.846
151.3	463.897
151.4	463.948
151.5	463.999
151.6	464.05
151.7	464.101
151.8	464.152
151.9	464.203
152	464.254
152.1	464.304
152.2	464.355
152.3	464.406
152.4	464.457
152.5	464.508
152.6	464.559
152.7	464.609
152.8	464.66
152.9	464.711
153	464.762
153.1	464.812
153.2	464.863
153.3	464.913
153.4	464.964
153.5	465.015
153.6	465.065
153.7	465.116
153.8	465.166
153.9	465.217
154	465.267
154.1	465.318
154.2	465.368
154.3	465.418
154.4	465.469
154.5	465.519
154.6	465.57
154.7	465.62
154.8	465.67
154.9	465.72
155	465.771
155.1	465.821
155.2	465.871
155.3	465.921
155.4	465.971
155.5	466.021
155.6	466.072
155.7	466.122
155.8	466.172
155.9	466.222
156	466.272
156.1	466.322
156.2	466.372
156.3	466.422
156.4	466.471
156.5	466.521
156.6	466.571
156.7	466.621
156.8	466.671
156.9	466.721
157	466.771
157.1	466.82
157.2	466.87
157.3	466.92
157.4	466.969
157.5	467.019
157.6	467.069
157.7	467.118
157.8	467.168
157.9	467.218
158	467.267
158.1	467.317
158.2	467.366
158.3	467.416
158.4	467.465
158.5	467.515
158.6	467.564
158.7	467.614
158.8	467.663
158.9	467.712
159	467.762
159.1	467.811
159.2	467.86
159.3	467.91
159.4	467.959
159.5	468.008
159.6	468.057
159.7	468.106
159.8	468.156
159.9	468.205
160	468.254
160.1	468.303
160.2	468.352
160.3	468.401
160.4	468.45
160.5	468.499
160.6	468.548
160.7	468.597
160.8	468.646
160.9	468.695
161	468.744
161.1	468.793
161.2	468.842
161.3	468.891
161.4	468.939
161.5	468.988
161.6	469.037
161.7	469.086
161.8	469.135
161.9	469.183
162	469.232
162.1	469.281
162.2	469.329
162.3	469.378
162.4	469.427
162.5	469.475
162.6	469.524
162.7	469.572
162.8	469.621
162.9	469.669
163	469.718
163.1	469.766
163.2	469.815
163.3	469.863
163.4	469.912
163.5	469.96
163.6	470.008
163.7	470.057
163.8	470.105
163.9	470.153
164	470.202
164.1	470.25
164.2	470.298
164.3	470.346
164.4	470.395
164.5	470.443
164.6	470.491
164.7	470.539
164.8	470.587
164.9	470.635
165	470.683
165.1	470.731
165.2	470.779
165.3	470.827
165.4	470.875
165.5	470.923
165.6	470.971
165.7	471.019
165.8	471.067
165.9	471.115
166	471.163
166.1	471.211
166.2	471.259
166.3	471.307
166.4	471.354
166.5	471.402
166.6	471.45
166.7	471.498
166.8	471.545
166.9	471.593
167	471.641
167.1	471.688
167.2	471.736
167.3	471.784
167.4	471.831
167.5	471.879
167.6	471.926
167.7	471.974
167.8	472.021
167.9	472.069
168	472.116
168.1	472.164
168.2	472.211
168.3	472.259
168.4	472.306
168.5	472.353
168.6	472.401
168.7	472.448
168.8	472.495
168.9	472.543
169	472.59
169.1	472.637
169.2	472.684
169.3	472.732
169.4	472.779
169.5	472.826
169.6	472.873
169.7	472.92
169.8	472.967
169.9	473.015
170	473.062
170.1	473.109
170.2	473.156
170.3	473.203
170.4	473.25
170.5	473.297
170.6	473.344
170.7	473.391
170.8	473.438
170.9	473.485
171	473.531
171.1	473.578
171.2	473.625
171.3	473.672
171.4	473.719
171.5	473.766
171.6	473.812
171.7	473.859
171.8	473.906
171.9	473.952
172	473.999
172.1	474.046
172.2	474.093
172.3	474.139
172.4	474.186
172.5	474.232
172.6	474.279
172.7	474.326
172.8	474.372
172.9	474.419
173	474.465
173.1	474.512
173.2	474.558
173.3	474.604
173.4	474.651
173.5	474.697
173.6	474.744
173.7	474.79
173.8	474.836
173.9	474.883
174	474.929
174.1	474.975
174.2	475.022
174.3	475.068
174.4	475.114
174.5	475.16
174.6	475.207
174.7	475.253
174.8	475.299
174.9	475.345
175	475.391
175.1	475.437
175.2	475.483
175.3	475.529
175.4	475.575
175.5	475.622
175.6	475.668
175.7	475.714
175.8	475.76
175.9	475.805
176	475.851
176.1	475.897
176.2	475.943
176.3	475.989
176.4	476.035
176.5	476.081
176.6	476.127
176.7	476.173
176.8	476.218
176.9	476.264
177	476.31
177.1	476.356
177.2	476.401
177.3	476.447
177.4	476.493
177.5	476.538
177.6	476.584
177.7	476.63
177.8	476.675
177.9	476.721
178	476.766
178.1	476.812
178.2	476.858
178.3	476.903
178.4	476.949
178.5	476.994
178.6	477.04
178.7	477.085
178.8	477.13
178.9	477.176
179	477.221
179.1	477.267
179.2	477.312
179.3	477.357
179.4	477.403
179.5	477.448
179.6	477.493
179.7	477.538
179.8	477.584
179.9	477.629
180	477.674
180.1	477.719
180.2	477.765
180.3	477.81
180.4	477.855
180.5	477.9
180.6	477.945
180.7	477.99
180.8	478.035
180.9	478.08
181	478.125
181.1	478.17
181.2	478.215
181.3	478.26
181.4	478.305
181.5	478.35
181.6	478.395
181.7	478.44
181.8	478.485
181.9	478.53
182	478.575
182.1	478.62
182.2	478.665
182.3	478.709
182.4	478.754
182.5	478.799
182.6	478.844
182.7	478.888
182.8	478.933
182.9	478.978
183	479.023
183.1	479.067
183.2	479.112
183.3	479.157
183.4	479.201
183.5	479.246
183.6	479.29
183.7	479.335
183.8	479.379
183.9	479.424
184	479.469
184.1	479.513
184.2	479.558
184.3	479.602
184.4	479.646
184.5	479.691
184.6	479.735
184.7	479.78
184.8	479.824
184.9	479.868
185	479.913
185.1	479.957
185.2	480.001
185.3	480.046
185.4	480.09
185.5	480.134
185.6	480.179
185.7	480.223
185.8	480.267
185.9	480.311
186	480.355
186.1	480.4
186.2	480.444
186.3	480.488
186.4	480.532
186.5	480.576
186.6	480.62
186.7	480.664
186.8	480.708
186.9	480.752
187	480.796
187.1	480.84
187.2	480.884
187.3	480.928
187.4	480.972
187.5	481.016
187.6	481.06
187.7	481.104
187.8	481.148
187.9	481.192
188	481.235
188.1	481.279
188.2	481.323
188.3	481.367
188.4	481.411
188.5	481.454
188.6	481.498
188.7	481.542
188.8	481.586
188.9	481.629
189	481.673
189.1	481.717
189.2	481.76
189.3	481.804
189.4	481.848
189.5	481.891
189.6	481.935
189.7	481.978
189.8	482.022
189.9	482.065
190	482.109
190.1	482.152
190.2	482.196
190.3	482.239
190.4	482.283
190.5	482.326
190.6	482.37
190.7	482.413
190.8	482.457
190.9	482.5
191	482.543
191.1	482.587
191.2	482.63
191.3	482.673
191.4	482.717
191.5	482.76
191.6	482.803
191.7	482.846
191.8	482.89
191.9	482.933
192	482.976
192.1	483.019
192.2	483.062
192.3	483.105
192.4	483.149
192.5	483.192
192.6	483.235
192.7	483.278
192.8	483.321
192.9	483.364
193	483.407
193.1	483.45
193.2	483.493
193.3	483.536
193.4	483.579
193.5	483.622
193.6	483.665
193.7	483.708
193.8	483.751
193.9	483.794
194	483.837
194.1	483.879
194.2	483.922
194.3	483.965
194.4	484.008
194.5	484.051
194.6	484.094
194.7	484.136
194.8	484.179
194.9	484.222
195	484.264
195.1	484.307
195.2	484.35
195.3	484.393
195.4	484.435
195.5	484.478
195.6	484.521
195.7	484.563
195.8	484.606
195.9	484.648
196	484.691
196.1	484.733
196.2	484.776
196.3	484.818
196.4	484.861
196.5	484.903
196.6	484.946
196.7	484.988
196.8	485.031
196.9	485.073
197	485.116
197.1	485.158
197.2	485.201
197.3	485.243
197.4	485.285
197.5	485.328
197.6	485.37
197.7	485.412
197.8	485.454
197.9	485.497
198	485.539
198.1	485.581
198.2	485.624
198.3	485.666
198.4	485.708
198.5	485.75
198.6	485.792
198.7	485.834
198.8	485.877
198.9	485.919
199	485.961
199.1	486.003
199.2	486.045
199.3	486.087
199.4	486.129
199.5	486.171
199.6	486.213
199.7	486.255
199.8	486.297
199.9	486.339
200	486.381
200.1	486.423
200.2	486.465
200.3	486.507
200.4	486.549
200.5	486.591
200.6	486.633
200.7	486.674
200.8	486.716
200.9	486.758
201	486.8
201.1	486.842
201.2	486.884
201.3	486.925
201.4	486.967
201.5	487.009
201.6	487.05
201.7	487.092
201.8	487.134
201.9	487.176
202	487.217
202.1	487.259
202.2	487.301
202.3	487.342
202.4	487.384
202.5	487.425
202.6	487.467
202.7	487.508
202.8	487.55
202.9	487.592
203	487.633
203.1	487.675
203.2	487.716
203.3	487.758
203.4	487.799
203.5	487.84
203.6	487.882
203.7	487.923
203.8	487.965
203.9	488.006
204	488.047
204.1	488.089
204.2	488.13
204.3	488.172
204.4	488.213
204.5	488.254
204.6	488.295
204.7	488.337
204.8	488.378
204.9	488.419
205	488.46
205.1	488.502
205.2	488.543
205.3	488.584
205.4	488.625
205.5	488.666
205.6	488.708
205.7	488.749
205.8	488.79
205.9	488.831
206	488.872
206.1	488.913
206.2	488.954
206.3	488.995
206.4	489.036
206.5	489.077
206.6	489.118
206.7	489.159
206.8	489.2
206.9	489.241
207	489.282
207.1	489.323
207.2	489.364
207.3	489.405
207.4	489.446
207.5	489.487
207.6	489.527
207.7	489.568
207.8	489.609
207.9	489.65
208	489.691
208.1	489.732
208.2	489.772
208.3	489.813
208.4	489.854
208.5	489.895
208.6	489.935
208.7	489.976
208.8	490.017
208.9	490.057
209	490.098
209.1	490.139
209.2	490.179
209.3	490.22
209.4	490.261
209.5	490.301
209.6	490.342
209.7	490.382
209.8	490.423
209.9	490.463
210	490.504
210.1	490.544
210.2	490.585
210.3	490.625
210.4	490.666
210.5	490.706
210.6	490.747
210.7	490.787
210.8	490.828
210.9	490.868
211	490.908
211.1	490.949
211.2	490.989
211.3	491.03
211.4	491.07
211.5	491.11
211.6	491.151
211.7	491.191
211.8	491.231
211.9	491.271
212	491.312
212.1	491.352
212.2	491.392
212.3	491.432
212.4	491.473
212.5	491.513
212.6	491.553
212.7	491.593
212.8	491.633
212.9	491.673
213	491.713
213.1	491.754
213.2	491.794
213.3	491.834
213.4	491.874
213.5	491.914
213.6	491.954
213.7	491.994
213.8	492.034
213.9	492.074
214	492.114
214.1	492.154
214.2	492.194
214.3	492.234
214.4	492.274
214.5	492.314
214.6	492.354
214.7	492.393
214.8	492.433
214.9	492.473
215	492.513
215.1	492.553
215.2	492.593
215.3	492.633
215.4	492.672
215.5	492.712
215.6	492.752
215.7	492.792
215.8	492.831
215.9	492.871
216	492.911
216.1	492.951
216.2	492.99
216.3	493.03
216.4	493.07
216.5	493.109
216.6	493.149
216.7	493.189
216.8	493.228
216.9	493.268
217	493.307
217.1	493.347
217.2	493.386
217.3	493.426
217.4	493.466
217.5	493.505
217.6	493.545
217.7	493.584
217.8	493.624
217.9	493.663
218	493.703
218.1	493.742
218.2	493.781
218.3	493.821
218.4	493.86
218.5	493.9
218.6	493.939
218.7	493.978
218.8	494.018
218.9	494.057
219	494.096
219.1	494.136
219.2	494.175
219.3	494.214
219.4	494.254
219.5	494.293
219.6	494.332
219.7	494.371
219.8	494.411
219.9	494.45
220	494.489
220.1	494.528
220.2	494.567
220.3	494.607
220.4	494.646
220.5	494.685
220.6	494.724
220.7	494.763
220.8	494.802
220.9	494.841
221	494.88
221.1	494.919
221.2	494.958
221.3	494.998
221.4	495.037
221.5	495.076
221.6	495.115
221.7	495.154
221.8	495.193
221.9	495.231
222	495.27
222.1	495.309
222.2	495.348
222.3	495.387
222.4	495.426
222.5	495.465
222.6	495.504
222.7	495.543
222.8	495.582
222.9	495.62
223	495.659
223.1	495.698
223.2	495.737
223.3	495.776
223.4	495.814
223.5	495.853
223.6	495.892
223.7	495.931
223.8	495.969
223.9	496.008
224	496.047
224.1	496.086
224.2	496.124
224.3	496.163
224.4	496.202
224.5	496.24
224.6	496.279
224.7	496.317
224.8	496.356
224.9	496.395
225	496.433
225.1	496.472
225.2	496.51
225.3	496.549
225.4	496.587
225.5	496.626
225.6	496.664
225.7	496.703
225.8	496.741
225.9	496.78
226	496.818
226.1	496.857
226.2	496.895
226.3	496.934
226.4	496.972
226.5	497.01
226.6	497.049
226.7	497.087
226.8	497.126
226.9	497.164
227	497.202
227.1	497.241
227.2	497.279
227.3	497.317
227.4	497.355
227.5	497.394
227.6	497.432
227.7	497.47
227.8	497.508
227.9	497.547
228	497.585
228.1	497.623
228.2	497.661
228.3	497.699
228.4	497.738
228.5	497.776
228.6	497.814
228.7	497.852
228.8	497.89
228.9	497.928
229	497.966
229.1	498.004
229.2	498.043
229.3	498.081
229.4	498.119
229.5	498.157
229.6	498.195
229.7	498.233
229.8	498.271
229.9	498.309
230	498.347
230.1	498.385
230.2	498.423
230.3	498.461
230.4	498.498
230.5	498.536
230.6	498.574
230.7	498.612
230.8	498.65
230.9	498.688
231	498.726
231.1	498.764
231.2	498.801
231.3	498.839
231.4	498.877
231.5	498.915
231.6	498.953
231.7	498.99
231.8	499.028
231.9	499.066
232	499.104
232.1	499.141
232.2	499.179
232.3	499.217
232.4	499.255
232.5	499.292
232.6	499.33
232.7	499.368
232.8	499.405
232.9	499.443
233	499.48
233.1	499.518
233.2	499.556
233.3	499.593
233.4	499.631
233.5	499.668
233.6	499.706
233.7	499.744
233.8	499.781
233.9	499.819
234	499.856
234.1	499.894
234.2	499.931
234.3	499.969
234.4	500.006
234.5	500.043
234.6	500.081
234.7	500.118
234.8	500.156
234.9	500.193
235	500.231
235.1	500.268
235.2	500.305
235.3	500.343
235.4	500.38
235.5	500.417
235.6	500.455
235.7	500.492
235.8	500.529
235.9	500.567
236	500.604
236.1	500.641
236.2	500.678
236.3	500.716
236.4	500.753
236.5	500.79
236.6	500.827
236.7	500.865
236.8	500.902
236.9	500.939
237	500.976
237.1	501.013
237.2	501.05
237.3	501.088
237.4	501.125
237.5	501.162
237.6	501.199
237.7	501.236
237.8	501.273
237.9	501.31
238	501.347
238.1	501.384
238.2	501.421
238.3	501.458
238.4	501.495
238.5	501.532
238.6	501.569
238.7	501.606
238.8	501.643
238.9	501.68
239	501.717
239.1	501.754
239.2	501.791
239.3	501.828
239.4	501.865
239.5	501.902
239.6	501.939
239.7	501.975
239.8	502.012
239.9	502.049
240	502.086
240.1	502.123
240.2	502.16
240.3	502.196
240.4	502.233
240.5	502.27
240.6	502.307
240.7	502.343
240.8	502.38
240.9	502.417
241	502.454
241.1	502.49
241.2	502.527
241.3	502.564
241.4	502.6
241.5	502.637
241.6	502.674
241.7	502.71
241.8	502.747
241.9	502.784
242	502.82
242.1	502.857
242.2	502.894
242.3	502.93
242.4	502.967
242.5	503.003
242.6	503.04
242.7	503.076
242.8	503.113
242.9	503.149
243	503.186
243.1	503.222
243.2	503.259
243.3	503.295
243.4	503.332
243.5	503.368
243.6	503.405
243.7	503.441
243.8	503.478
243.9	503.514
244	503.55
244.1	503.587
244.2	503.623
244.3	503.66
244.4	503.696
244.5	503.732
244.6	503.769
244.7	503.805
244.8	503.841
244.9	503.878
245	503.914
245.1	503.95
245.2	503.986
245.3	504.023
245.4	504.059
245.5	504.095
245.6	504.131
245.7	504.168
245.8	504.204
245.9	504.24
246	504.276
246.1	504.312
246.2	504.349
246.3	504.385
246.4	504.421
246.5	504.457
246.6	504.493
246.7	504.529
246.8	504.565
246.9	504.601
247	504.637
247.1	504.674
247.2	504.71
247.3	504.746
247.4	504.782
247.5	504.818
247.6	504.854
247.7	504.89
247.8	504.926
247.9	504.962
248	504.998
248.1	505.034
248.2	505.07
248.3	505.106
248.4	505.142
248.5	505.177
248.6	505.213
248.7	505.249
248.8	505.285
248.9	505.321
249	505.357
249.1	505.393
249.2	505.429
249.3	505.464
249.4	505.5
249.5	505.536
249.6	505.572
249.7	505.608
249.8	505.644
249.9	505.679
250	505.715
250.1	505.751
250.2	505.787
250.3	505.822
250.4	505.858
250.5	505.894
250.6	505.929
250.7	505.965
250.8	506.001
250.9	506.037
251	506.072
251.1	506.108
251.2	506.144
251.3	506.179
251.4	506.215
251.5	506.25
251.6	506.286
251.7	506.322
251.8	506.357
251.9	506.393
252	506.428
252.1	506.464
252.2	506.499
252.3	506.535
252.4	506.571
252.5	506.606
252.6	506.642
252.7	506.677
252.8	506.713
252.9	506.748
253	506.783
253.1	506.819
253.2	506.854
253.3	506.89
253.4	506.925
253.5	506.961
253.6	506.996
253.7	507.031
253.8	507.067
253.9	507.102
254	507.138
254.1	507.173
254.2	507.208
254.3	507.244
254.4	507.279
254.5	507.314
254.6	507.35
254.7	507.385
254.8	507.42
254.9	507.455
255	507.491
255.1	507.526
255.2	507.561
255.3	507.596
255.4	507.632
255.5	507.667
255.6	507.702
255.7	507.737
255.8	507.772
255.9	507.808
256	507.843
256.1	507.878
256.2	507.913
256.3	507.948
256.4	507.983
256.5	508.018
256.6	508.054
256.7	508.089
256.8	508.124
256.9	508.159
257	508.194
257.1	508.229
257.2	508.264
257.3	508.299
257.4	508.334
257.5	508.369
257.6	508.404
257.7	508.439
257.8	508.474
257.9	508.509
258	508.544
258.1	508.579
258.2	508.614
258.3	508.649
258.4	508.684
258.5	508.719
258.6	508.754
258.7	508.788
258.8	508.823
258.9	508.858
259	508.893
259.1	508.928
259.2	508.963
259.3	508.998
259.4	509.033
259.5	509.067
259.6	509.102
259.7	509.137
259.8	509.172
259.9	509.207
260	509.241
260.1	509.276
260.2	509.311
260.3	509.346
260.4	509.38
260.5	509.415
260.6	509.45
260.7	509.484
260.8	509.519
260.9	509.554
261	509.589
261.1	509.623
261.2	509.658
261.3	509.693
261.4	509.727
261.5	509.762
261.6	509.796
261.7	509.831
261.8	509.866
261.9	509.9
262	509.935
262.1	509.969
262.2	510.004
262.3	510.039
262.4	510.073
262.5	510.108
262.6	510.142
262.7	510.177
262.8	510.211
262.9	510.246
263	510.28
263.1	510.315
263.2	510.349
263.3	510.384
263.4	510.418
263.5	510.452
263.6	510.487
263.7	510.521
263.8	510.556
263.9	510.59
264	510.625
264.1	510.659
264.2	510.693
264.3	510.728
264.4	510.762
264.5	510.796
264.6	510.831
264.7	510.865
264.8	510.899
264.9	510.934
265	510.968
265.1	511.002
265.2	511.037
265.3	511.071
265.4	511.105
265.5	511.139
265.6	511.174
265.7	511.208
265.8	511.242
265.9	511.276
266	511.31
266.1	511.345
266.2	511.379
266.3	511.413
266.4	511.447
266.5	511.481
266.6	511.516
266.7	511.55
266.8	511.584
266.9	511.618
267	511.652
267.1	511.686
267.2	511.72
267.3	511.754
267.4	511.788
267.5	511.822
267.6	511.857
267.7	511.891
267.8	511.925
267.9	511.959
268	511.993
268.1	512.027
268.2	512.061
268.3	512.095
268.4	512.129
268.5	512.163
268.6	512.197
268.7	512.231
268.8	512.265
268.9	512.298
269	512.332
269.1	512.366
269.2	512.4
269.3	512.434
269.4	512.468
269.5	512.502
269.6	512.536
269.7	512.57
269.8	512.604
269.9	512.637
270	512.671
270.1	512.705
270.2	512.739
270.3	512.773
270.4	512.807
270.5	512.84
270.6	512.874
270.7	512.908
270.8	512.942
270.9	512.975
271	513.009
271.1	513.043
271.2	513.077
271.3	513.11
271.4	513.144
271.5	513.178
271.6	513.212
271.7	513.245
271.8	513.279
271.9	513.313
272	513.346
272.1	513.38
272.2	513.414
272.3	513.447
272.4	513.481
272.5	513.514
272.6	513.548
272.7	513.582
272.8	513.615
272.9	513.649
273	513.682
273.1	513.716
273.2	513.749
273.3	513.783
273.4	513.817
273.5	513.85
273.6	513.884
273.7	513.917
273.8	513.951
273.9	513.984
274	514.018
274.1	514.051
274.2	514.085
274.3	514.118
274.4	514.151
274.5	514.185
274.6	514.218
274.7	514.252
274.8	514.285
274.9	514.319
275	514.352
275.1	514.385
275.2	514.419
275.3	514.452
275.4	514.485
275.5	514.519
275.6	514.552
275.7	514.586
275.8	514.619
275.9	514.652
276	514.685
276.1	514.719
276.2	514.752
276.3	514.785
276.4	514.819
276.5	514.852
276.6	514.885
276.7	514.918
276.8	514.952
276.9	514.985
277	515.018
277.1	515.051
277.2	515.085
277.3	515.118
277.4	515.151
277.5	515.184
277.6	515.217
277.7	515.25
277.8	515.284
277.9	515.317
278	515.35
278.1	515.383
278.2	515.416
278.3	515.449
278.4	515.482
278.5	515.515
278.6	515.549
278.7	515.582
278.8	515.615
278.9	515.648
279	515.681
279.1	515.714
279.2	515.747
279.3	515.78
279.4	515.813
279.5	515.846
279.6	515.879
279.7	515.912
279.8	515.945
279.9	515.978
280	516.011
280.1	516.044
280.2	516.077
280.3	516.11
280.4	516.143
280.5	516.176
280.6	516.208
280.7	516.241
280.8	516.274
280.9	516.307
281	516.34
281.1	516.373
281.2	516.406
281.3	516.439
281.4	516.471
281.5	516.504
281.6	516.537
281.7	516.57
281.8	516.603
281.9	516.636
282	516.668
282.1	516.701
282.2	516.734
282.3	516.767
282.4	516.799
282.5	516.832
282.6	516.865
282.7	516.898
282.8	516.93
282.9	516.963
283	516.996
283.1	517.029
283.2	517.061
283.3	517.094
283.4	517.127
283.5	517.159
283.6	517.192
283.7	517.225
283.8	517.257
283.9	517.29
284	517.323
284.1	517.355
284.2	517.388
284.3	517.42
284.4	517.453
284.5	517.486
284.6	517.518
284.7	517.551
284.8	517.583
284.9	517.616
285	517.648
285.1	517.681
285.2	517.713
285.3	517.746
285.4	517.779
285.5	517.811
285.6	517.844
285.7	517.876
285.8	517.909
285.9	517.941
286	517.973
286.1	518.006
286.2	518.038
286.3	518.071
286.4	518.103
286.5	518.136
286.6	518.168
286.7	518.2
286.8	518.233
286.9	518.265
287	518.298
287.1	518.33
287.2	518.362
287.3	518.395
287.4	518.427
287.5	518.459
287.6	518.492
287.7	518.524
287.8	518.556
287.9	518.589
288	518.621
288.1	518.653
288.2	518.686
288.3	518.718
288.4	518.75
288.5	518.782
288.6	518.815
288.7	518.847
288.8	518.879
288.9	518.911
289	518.944
289.1	518.976
289.2	519.008
289.3	519.04
289.4	519.072
289.5	519.105
289.6	519.137
289.7	519.169
289.8	519.201
289.9	519.233
290	519.265
290.1	519.298
290.2	519.33
290.3	519.362
290.4	519.394
290.5	519.426
290.6	519.458
290.7	519.49
290.8	519.522
290.9	519.554
291	519.586
291.1	519.618
291.2	519.65
291.3	519.683
291.4	519.715
291.5	519.747
291.6	519.779
291.7	519.811
291.8	519.843
291.9	519.875
292	519.907
292.1	519.939
292.2	519.971
292.3	520.002
292.4	520.034
292.5	520.066
292.6	520.098
292.7	520.13
292.8	520.162
292.9	520.194
293	520.226
293.1	520.258
293.2	520.29
293.3	520.322
293.4	520.353
293.5	520.385
293.6	520.417
293.7	520.449
293.8	520.481
293.9	520.513
294	520.545
294.1	520.576
294.2	520.608
294.3	520.64
294.4	520.672
294.5	520.704
294.6	520.735
294.7	520.767
294.8	520.799
294.9	520.831
295	520.862
295.1	520.894
295.2	520.926
295.3	520.958
295.4	520.989
295.5	521.021
295.6	521.053
295.7	521.084
295.8	521.116
295.9	521.148
296	521.179
296.1	521.211
296.2	521.243
296.3	521.274
296.4	521.306
296.5	521.338
296.6	521.369
296.7	521.401
296.8	521.432
296.9	521.464
297	521.496
297.1	521.527
297.2	521.559
297.3	521.59
297.4	521.622
297.5	521.654
297.6	521.685
297.7	521.717
297.8	521.748
297.9	521.78
298	521.811
298.1	521.843
298.2	521.874
298.3	521.906
298.4	521.937
298.5	521.969
298.6	522
298.7	522.032
298.8	522.063
298.9	522.094
299	522.126
299.1	522.157
299.2	522.189
299.3	522.22
299.4	522.252
299.5	522.283
299.6	522.314
299.7	522.346
299.8	522.377
299.9	522.409
300	522.44
