W	Pred
1.5	464.55
1.6	452.936
1.7	442.771
1.8	433.813
1.9	425.871
2	418.793
2.1	412.455
2.2	406.754
2.3	401.608
2.4	396.946
2.5	392.709
2.6	388.848
2.7	385.319
2.8	382.088
2.9	379.121
3	376.392
3.1	373.878
3.2	371.557
3.3	369.412
3.4	367.427
3.5	365.586
3.6	363.878
3.7	362.292
3.8	360.817
3.9	359.445
4	358.166
4.1	356.975
4.2	355.865
4.3	354.829
4.4	353.862
4.5	352.959
4.6	352.116
4.7	351.329
4.8	350.593
4.9	349.906
5	349.265
5.1	348.666
5.2	348.106
5.3	347.584
5.4	347.097
5.5	346.643
5.6	346.22
5.7	345.826
5.8	345.459
5.9	345.118
6	344.802
6.1	344.509
6.2	344.238
6.3	343.988
6.4	343.757
6.5	343.544
6.6	343.35
6.7	343.172
6.8	343.009
6.9	342.862
7	342.729
7.1	342.61
7.2	342.504
7.3	342.41
7.4	342.327
7.5	342.256
7.6	342.195
7.7	342.145
7.8	342.104
7.9	342.072
8	342.049
8.1	342.035
8.2	342.028
8.3	342.03
8.4	342.038
8.5	342.054
8.6	342.076
8.7	342.105
8.8	342.139
8.9	342.18
9	342.226
9.1	342.278
9.2	342.334
9.3	342.396
9.4	342.462
9.5	342.533
9.6	342.609
9.7	342.688
9.8	342.771
9.9	342.859
10	342.95
10.1	343.044
10.2	343.142
10.3	343.243
10.4	343.347
10.5	343.454
10.6	343.564
10.7	343.677
10.8	343.792
10.9	343.91
11	344.03
11.1	344.153
11.2	344.278
11.3	344.405
11.4	344.534
11.5	344.665
11.6	344.798
11.7	344.933
11.8	345.07
11.9	345.208
12	345.348
12.1	345.489
12.2	345.632
12.3	345.777
12.4	345.922
12.5	346.07
12.6	346.218
12.7	346.367
12.8	346.518
12.9	346.67
13	346.823
13.1	346.977
13.2	347.132
13.3	347.287
13.4	347.444
13.5	347.602
13.6	347.76
13.7	347.919
13.8	348.079
13.9	348.24
14	348.401
14.1	348.563
14.2	348.726
14.3	348.889
14.4	349.053
14.5	349.217
14.6	349.382
14.7	349.547
14.8	349.713
14.9	349.879
15	350.046
15.1	350.213
15.2	350.381
15.3	350.548
15.4	350.717
15.5	350.885
15.6	351.054
15.7	351.223
15.8	351.392
15.9	351.562
16	351.731
16.1	351.901
16.2	352.072
16.3	352.242
16.4	352.413
16.5	352.583
16.6	352.754
16.7	352.925
16.8	353.096
16.9	353.267
17	353.439
17.1	353.61
17.2	353.781
17.3	353.953
17.4	354.125
17.5	354.296
17.6	354.468
17.7	354.639
17.8	354.811
17.9	354.983
18	355.154
18.1	355.326
18.2	355.498
18.3	355.669
18.4	355.841
18.5	356.012
18.6	356.184
18.7	356.355
18.8	356.527
18.9	356.698
19	356.869
19.1	357.04
19.2	357.211
19.3	357.382
19.4	357.553
19.5	357.724
19.6	357.894
19.7	358.065
19.8	358.235
19.9	358.406
20	358.576
20.1	358.746
20.2	358.916
20.3	359.085
20.4	359.255
20.5	359.424
20.6	359.594
20.7	359.763
20.8	359.932
20.9	360.101
21	360.269
21.1	360.438
21.2	360.606
21.3	360.774
21.4	360.942
21.5	361.11
21.6	361.277
21.7	361.445
21.8	361.612
21.9	361.779
22	361.946
22.1	362.113
22.2	362.279
22.3	362.445
22.4	362.611
22.5	362.777
22.6	362.943
22.7	363.108
22.8	363.274
22.9	363.439
23	363.603
23.1	363.768
23.2	363.932
23.3	364.097
23.4	364.261
23.5	364.424
23.6	364.588
23.7	364.751
23.8	364.914
23.9	365.077
24	365.24
24.1	365.402
24.2	365.564
24.3	365.726
24.4	365.888
24.5	366.05
24.6	366.211
24.7	366.372
24.8	366.533
24.9	366.693
25	366.854
25.1	367.014
25.2	367.174
25.3	367.333
25.4	367.493
25.5	367.652
25.6	367.811
25.7	367.97
25.8	368.128
25.9	368.287
26	368.445
26.1	368.602
26.2	368.76
26.3	368.917
26.4	369.074
26.5	369.231
26.6	369.388
26.7	369.544
26.8	369.7
26.9	369.856
27	370.012
27.1	370.167
27.2	370.322
27.3	370.477
27.4	370.632
27.5	370.787
27.6	370.941
27.7	371.095
27.8	371.249
27.9	371.402
28	371.555
28.1	371.708
28.2	371.861
28.3	372.014
28.4	372.166
28.5	372.318
28.6	372.47
28.7	372.622
28.8	372.773
28.9	372.924
29	373.075
29.1	373.226
29.2	373.376
29.3	373.526
29.4	373.676
29.5	373.826
29.6	373.976
29.7	374.125
29.8	374.274
29.9	374.423
30	374.571
30.1	374.72
30.2	374.868
30.3	375.016
30.4	375.163
30.5	375.311
30.6	375.458
30.7	375.605
30.8	375.751
30.9	375.898
31	376.044
31.1	376.19
31.2	376.336
31.3	376.481
31.4	376.627
31.5	376.772
31.6	376.917
31.7	377.061
31.8	377.206
31.9	377.35
32	377.494
32.1	377.638
32.2	377.781
32.3	377.925
32.4	378.068
32.5	378.21
32.6	378.353
32.7	378.495
32.8	378.638
32.9	378.78
33	378.921
33.1	379.063
33.2	379.204
33.3	379.345
33.4	379.486
33.5	379.627
33.6	379.767
33.7	379.907
33.8	380.047
33.9	380.187
34	380.326
34.1	380.466
34.2	380.605
34.3	380.744
34.4	380.882
34.5	381.021
34.6	381.159
34.7	381.297
34.8	381.435
34.9	381.572
35	381.71
35.1	381.847
35.2	381.984
35.3	382.121
35.4	382.257
35.5	382.393
35.6	382.53
35.7	382.666
35.8	382.801
35.9	382.937
36	383.072
36.1	383.207
36.2	383.342
36.3	383.477
36.4	383.611
36.5	383.745
36.6	383.879
36.7	384.013
36.8	384.147
36.9	384.28
37	384.414
37.1	384.547
37.2	384.679
37.3	384.812
37.4	384.944
37.5	385.077
37.6	385.209
37.7	385.341
37.8	385.472
37.9	385.604
38	385.735
38.1	385.866
38.2	385.997
38.3	386.127
38.4	386.258
38.5	386.388
38.6	386.518
38.7	386.648
38.8	386.778
38.9	386.907
39	387.036
39.1	387.166
39.2	387.294
39.3	387.423
39.4	387.552
39.5	387.68
39.6	387.808
39.7	387.936
39.8	388.064
39.9	388.192
40	388.319
40.1	388.446
40.2	388.573
40.3	388.7
40.4	388.827
40.5	388.953
40.6	389.079
40.7	389.206
40.8	389.331
40.9	389.457
41	389.583
41.1	389.708
41.2	389.833
41.3	389.958
41.4	390.083
41.5	390.208
41.6	390.332
41.7	390.456
41.8	390.581
41.9	390.705
42	390.828
42.1	390.952
42.2	391.075
42.3	391.198
42.4	391.322
42.5	391.444
42.6	391.567
42.7	391.69
42.8	391.812
42.9	391.934
43	392.056
43.1	392.178
43.2	392.3
43.3	392.421
43.4	392.542
43.5	392.664
43.6	392.785
43.7	392.905
43.8	393.026
43.9	393.146
44	393.267
44.1	393.387
44.2	393.507
44.3	393.627
44.4	393.746
44.5	393.866
44.6	393.985
44.7	394.104
44.8	394.223
44.9	394.342
45	394.46
45.1	394.579
45.2	394.697
45.3	394.815
45.4	394.933
45.5	395.051
45.6	395.169
45.7	395.286
45.8	395.404
45.9	395.521
46	395.638
46.1	395.755
46.2	395.871
46.3	395.988
46.4	396.104
46.5	396.221
46.6	396.337
46.7	396.453
46.8	396.568
46.9	396.684
47	396.799
47.1	396.915
47.2	397.03
47.3	397.145
47.4	397.26
47.5	397.374
47.6	397.489
47.7	397.603
47.8	397.717
47.9	397.831
48	397.945
48.1	398.059
48.2	398.173
48.3	398.286
48.4	398.399
48.5	398.513
48.6	398.626
48.7	398.738
48.8	398.851
48.9	398.964
49	399.076
49.1	399.188
49.2	399.301
49.3	399.413
49.4	399.524
49.5	399.636
49.6	399.748
49.7	399.859
49.8	399.97
49.9	400.081
50	400.192
50.1	400.303
50.2	400.414
50.3	400.524
50.4	400.635
50.5	400.745
50.6	400.855
50.7	400.965
50.8	401.075
50.9	401.185
51	401.294
51.1	401.403
51.2	401.513
51.3	401.622
51.4	401.731
51.5	401.84
51.6	401.948
51.7	402.057
51.8	402.165
51.9	402.274
52	402.382
52.1	402.49
52.2	402.598
52.3	402.706
52.4	402.813
52.5	402.921
52.6	403.028
52.7	403.135
52.8	403.242
52.9	403.349
53	403.456
53.1	403.563
53.2	403.669
53.3	403.776
53.4	403.882
53.5	403.988
53.6	404.094
53.7	404.2
53.8	404.306
53.9	404.411
54	404.517
54.1	404.622
54.2	404.728
54.3	404.833
54.4	404.938
54.5	405.043
54.6	405.147
54.7	405.252
54.8	405.356
54.9	405.461
55	405.565
55.1	405.669
55.2	405.773
55.3	405.877
55.4	405.981
55.5	406.084
55.6	406.188
55.7	406.291
55.8	406.394
55.9	406.497
56	406.6
56.1	406.703
56.2	406.806
56.3	406.908
56.4	407.011
56.5	407.113
56.6	407.216
56.7	407.318
56.8	407.42
56.9	407.521
57	407.623
57.1	407.725
57.2	407.826
57.3	407.928
57.4	408.029
57.5	408.13
57.6	408.231
57.7	408.332
57.8	408.433
57.9	408.534
58	408.634
58.1	408.735
58.2	408.835
58.3	408.935
58.4	409.035
58.5	409.135
58.6	409.235
58.7	409.335
58.8	409.435
58.9	409.534
59	409.634
59.1	409.733
59.2	409.832
59.3	409.931
59.4	410.03
59.5	410.129
59.6	410.228
59.7	410.326
59.8	410.425
59.9	410.523
60	410.621
60.1	410.719
60.2	410.818
60.3	410.915
60.4	411.013
60.5	411.111
60.6	411.209
60.7	411.306
60.8	411.404
60.9	411.501
61	411.598
61.1	411.695
61.2	411.792
61.3	411.889
61.4	411.986
61.5	412.082
61.6	412.179
61.7	412.275
61.8	412.371
61.9	412.468
62	412.564
62.1	412.66
62.2	412.756
62.3	412.851
62.4	412.947
62.5	413.043
62.6	413.138
62.7	413.233
62.8	413.329
62.9	413.424
63	413.519
63.1	413.614
63.2	413.708
63.3	413.803
63.4	413.898
63.5	413.992
63.6	414.087
63.7	414.181
63.8	414.275
63.9	414.369
64	414.463
64.1	414.557
64.2	414.651
64.3	414.745
64.4	414.838
64.5	414.932
64.6	415.025
64.7	415.119
64.8	415.212
64.9	415.305
65	415.398
65.1	415.491
65.2	415.584
65.3	415.676
65.4	415.769
65.5	415.861
65.6	415.954
65.7	416.046
65.8	416.138
65.9	416.23
66	416.322
66.1	416.414
66.2	416.506
66.3	416.598
66.4	416.689
66.5	416.781
66.6	416.872
66.7	416.964
66.8	417.055
66.9	417.146
67	417.237
67.1	417.328
67.2	417.419
67.3	417.51
67.4	417.6
67.5	417.691
67.6	417.781
67.7	417.872
67.8	417.962
67.9	418.052
68	418.142
68.1	418.232
68.2	418.322
68.3	418.412
68.4	418.502
68.5	418.592
68.6	418.681
68.7	418.771
68.8	418.86
68.9	418.949
69	419.038
69.1	419.127
69.2	419.216
69.3	419.305
69.4	419.394
69.5	419.483
69.6	419.572
69.7	419.66
69.8	419.749
69.9	419.837
70	419.925
70.1	420.013
70.2	420.102
70.3	420.19
70.4	420.277
70.5	420.365
70.6	420.453
70.7	420.541
70.8	420.628
70.9	420.716
71	420.803
71.1	420.89
71.2	420.978
71.3	421.065
71.4	421.152
71.5	421.239
71.6	421.326
71.7	421.413
71.8	421.499
71.9	421.586
72	421.672
72.1	421.759
72.2	421.845
72.3	421.931
72.4	422.018
72.5	422.104
72.6	422.19
72.7	422.276
72.8	422.362
72.9	422.447
73	422.533
73.1	422.619
73.2	422.704
73.3	422.79
73.4	422.875
73.5	422.96
73.6	423.045
73.7	423.131
73.8	423.216
73.9	423.301
74	423.385
74.1	423.47
74.2	423.555
74.3	423.639
74.4	423.724
74.5	423.808
74.6	423.893
74.7	423.977
74.8	424.061
74.9	424.145
75	424.23
75.1	424.313
75.2	424.397
75.3	424.481
75.4	424.565
75.5	424.649
75.6	424.732
75.7	424.816
75.8	424.899
75.9	424.982
76	425.066
76.1	425.149
76.2	425.232
76.3	425.315
76.4	425.398
76.5	425.481
76.6	425.564
76.7	425.646
76.8	425.729
76.9	425.811
77	425.894
77.1	425.976
77.2	426.059
77.3	426.141
77.4	426.223
77.5	426.305
77.6	426.387
77.7	426.469
77.8	426.551
77.9	426.633
78	426.714
78.1	426.796
78.2	426.878
78.3	426.959
78.4	427.041
78.5	427.122
78.6	427.203
78.7	427.284
78.8	427.365
78.9	427.446
79	427.527
79.1	427.608
79.2	427.689
79.3	427.77
79.4	427.851
79.5	427.931
79.6	428.012
79.7	428.092
79.8	428.172
79.9	428.253
80	428.333
80.1	428.413
80.2	428.493
80.3	428.573
80.4	428.653
80.5	428.733
80.6	428.813
80.7	428.893
80.8	428.972
80.9	429.052
81	429.131
81.1	429.211
81.2	429.29
81.3	429.369
81.4	429.449
81.5	429.528
81.6	429.607
81.7	429.686
81.8	429.765
81.9	429.844
82	429.923
82.1	430.001
82.2	430.08
82.3	430.159
82.4	430.237
82.5	430.316
82.6	430.394
82.7	430.472
82.8	430.551
82.9	430.629
83	430.707
83.1	430.785
83.2	430.863
83.3	430.941
83.4	431.019
83.5	431.096
83.6	431.174
83.7	431.252
83.8	431.329
83.9	431.407
84	431.484
84.1	431.562
84.2	431.639
84.3	431.716
84.4	431.793
84.5	431.87
84.6	431.947
84.7	432.024
84.8	432.101
84.9	432.178
85	432.255
85.1	432.332
85.2	432.408
85.3	432.485
85.4	432.561
85.5	432.638
85.6	432.714
85.7	432.79
85.8	432.867
85.9	432.943
86	433.019
86.1	433.095
86.2	433.171
86.3	433.247
86.4	433.323
86.5	433.399
86.6	433.474
86.7	433.55
86.8	433.626
86.9	433.701
87	433.777
87.1	433.852
87.2	433.927
87.3	434.003
87.4	434.078
87.5	434.153
87.6	434.228
87.7	434.303
87.8	434.378
87.9	434.453
88	434.528
88.1	434.603
88.2	434.677
88.3	434.752
88.4	434.826
88.5	434.901
88.6	434.975
88.7	435.05
88.8	435.124
88.9	435.199
89	435.273
89.1	435.347
89.2	435.421
89.3	435.495
89.4	435.569
89.5	435.643
89.6	435.717
89.7	435.791
89.8	435.864
89.9	435.938
90	436.012
90.1	436.085
90.2	436.159
90.3	436.232
90.4	436.305
90.5	436.379
90.6	436.452
90.7	436.525
90.8	436.598
90.9	436.671
91	436.744
91.1	436.817
91.2	436.89
91.3	436.963
91.4	437.036
91.5	437.109
91.6	437.181
91.7	437.254
91.8	437.326
91.9	437.399
92	437.471
92.1	437.544
92.2	437.616
92.3	437.688
92.4	437.76
92.5	437.833
92.6	437.905
92.7	437.977
92.8	438.049
92.9	438.121
93	438.192
93.1	438.264
93.2	438.336
93.3	438.408
93.4	438.479
93.5	438.551
93.6	438.622
93.7	438.694
93.8	438.765
93.9	438.836
94	438.908
94.1	438.979
94.2	439.05
94.3	439.121
94.4	439.192
94.5	439.263
94.6	439.334
94.7	439.405
94.8	439.476
94.9	439.547
95	439.618
95.1	439.688
95.2	439.759
95.3	439.829
95.4	439.9
95.5	439.97
95.6	440.041
95.7	440.111
95.8	440.181
95.9	440.252
96	440.322
96.1	440.392
96.2	440.462
96.3	440.532
96.4	440.602
96.5	440.672
96.6	440.742
96.7	440.811
96.8	440.881
96.9	440.951
97	441.021
97.1	441.09
97.2	441.16
97.3	441.229
97.4	441.299
97.5	441.368
97.6	441.437
97.7	441.507
97.8	441.576
97.9	441.645
98	441.714
98.1	441.783
98.2	441.852
98.3	441.921
98.4	441.99
98.5	442.059
98.6	442.128
98.7	442.196
98.8	442.265
98.9	442.334
99	442.402
99.1	442.471
99.2	442.539
99.3	442.608
99.4	442.676
99.5	442.744
99.6	442.813
99.7	442.881
99.8	442.949
99.9	443.017
100	443.085
100.1	443.153
100.2	443.221
100.3	443.289
100.4	443.357
100.5	443.425
100.6	443.493
100.7	443.56
100.8	443.628
100.9	443.696
101	443.763
101.1	443.831
101.2	443.898
101.3	443.966
101.4	444.033
101.5	444.1
101.6	444.168
101.7	444.235
101.8	444.302
101.9	444.369
102	444.436
102.1	444.503
102.2	444.57
102.3	444.637
102.4	444.704
102.5	444.771
102.6	444.838
102.7	444.904
102.8	444.971
102.9	445.038
103	445.104
103.1	445.171
103.2	445.237
103.3	445.304
103.4	445.37
103.5	445.436
103.6	445.503
103.7	445.569
103.8	445.635
103.9	445.701
104	445.767
104.1	445.833
104.2	445.899
104.3	445.965
104.4	446.031
104.5	446.097
104.6	446.163
104.7	446.229
104.8	446.295
104.9	446.36
105	446.426
105.1	446.491
105.2	446.557
105.3	446.622
105.4	446.688
105.5	446.753
105.6	446.819
105.7	446.884
105.8	446.949
105.9	447.014
106	447.08
106.1	447.145
106.2	447.21
106.3	447.275
106.4	447.34
106.5	447.405
106.6	447.47
106.7	447.534
106.8	447.599
106.9	447.664
107	447.729
107.1	447.793
107.2	447.858
107.3	447.923
107.4	447.987
107.5	448.052
107.6	448.116
107.7	448.18
107.8	448.245
107.9	448.309
108	448.373
108.1	448.437
108.2	448.502
108.3	448.566
108.4	448.63
108.5	448.694
108.6	448.758
108.7	448.822
108.8	448.886
108.9	448.949
109	449.013
109.1	449.077
109.2	449.141
109.3	449.204
109.4	449.268
109.5	449.332
109.6	449.395
109.7	449.459
109.8	449.522
109.9	449.586
110	449.649
110.1	449.712
110.2	449.776
110.3	449.839
110.4	449.902
110.5	449.965
110.6	450.028
110.7	450.091
110.8	450.154
110.9	450.217
111	450.28
111.1	450.343
111.2	450.406
111.3	450.469
111.4	450.532
111.5	450.594
111.6	450.657
111.7	450.72
111.8	450.782
111.9	450.845
112	450.907
112.1	450.97
112.2	451.032
112.3	451.095
112.4	451.157
112.5	451.219
112.6	451.282
112.7	451.344
112.8	451.406
112.9	451.468
113	451.53
113.1	451.592
113.2	451.654
113.3	451.716
113.4	451.778
113.5	451.84
113.6	451.902
113.7	451.964
113.8	452.025
113.9	452.087
114	452.149
114.1	452.21
114.2	452.272
114.3	452.334
114.4	452.395
114.5	452.457
114.6	452.518
114.7	452.579
114.8	452.641
114.9	452.702
115	452.763
115.1	452.825
115.2	452.886
115.3	452.947
115.4	453.008
115.5	453.069
115.6	453.13
115.7	453.191
115.8	453.252
115.9	453.313
116	453.374
116.1	453.435
116.2	453.496
116.3	453.556
116.4	453.617
116.5	453.678
116.6	453.738
116.7	453.799
116.8	453.859
116.9	453.92
117	453.98
117.1	454.041
117.2	454.101
117.3	454.162
117.4	454.222
117.5	454.282
117.6	454.343
117.7	454.403
117.8	454.463
117.9	454.523
118	454.583
118.1	454.643
118.2	454.703
118.3	454.763
118.4	454.823
118.5	454.883
118.6	454.943
118.7	455.003
118.8	455.062
118.9	455.122
119	455.182
119.1	455.242
119.2	455.301
119.3	455.361
119.4	455.42
119.5	455.48
119.6	455.539
119.7	455.599
119.8	455.658
119.9	455.717
120	455.777
120.1	455.836
120.2	455.895
120.3	455.955
120.4	456.014
120.5	456.073
120.6	456.132
120.7	456.191
120.8	456.25
120.9	456.309
121	456.368
121.1	456.427
121.2	456.486
121.3	456.545
121.4	456.603
121.5	456.662
121.6	456.721
121.7	456.78
121.8	456.838
121.9	456.897
122	456.955
122.1	457.014
122.2	457.073
122.3	457.131
122.4	457.189
122.5	457.248
122.6	457.306
122.7	457.365
122.8	457.423
122.9	457.481
123	457.539
123.1	457.597
123.2	457.656
123.3	457.714
123.4	457.772
123.5	457.83
123.6	457.888
123.7	457.946
123.8	458.004
123.9	458.062
124	458.119
124.1	458.177
124.2	458.235
124.3	458.293
124.4	458.351
124.5	458.408
124.6	458.466
124.7	458.523
124.8	458.581
124.9	458.639
125	458.696
125.1	458.754
125.2	458.811
125.3	458.868
125.4	458.926
125.5	458.983
125.6	459.04
125.7	459.098
125.8	459.155
125.9	459.212
126	459.269
126.1	459.326
126.2	459.383
126.3	459.44
126.4	459.498
126.5	459.554
126.6	459.611
126.7	459.668
126.8	459.725
126.9	459.782
127	459.839
127.1	459.896
127.2	459.952
127.3	460.009
127.4	460.066
127.5	460.122
127.6	460.179
127.7	460.236
127.8	460.292
127.9	460.349
128	460.405
128.1	460.462
128.2	460.518
128.3	460.574
128.4	460.631
128.5	460.687
128.6	460.743
128.7	460.799
128.8	460.856
128.9	460.912
129	460.968
129.1	461.024
129.2	461.08
129.3	461.136
129.4	461.192
129.5	461.248
129.6	461.304
129.7	461.36
129.8	461.416
129.9	461.472
130	461.528
130.1	461.583
130.2	461.639
130.3	461.695
130.4	461.75
130.5	461.806
130.6	461.862
130.7	461.917
130.8	461.973
130.9	462.028
131	462.084
131.1	462.139
131.2	462.195
131.3	462.25
131.4	462.305
131.5	462.361
131.6	462.416
131.7	462.471
131.8	462.526
131.9	462.582
132	462.637
132.1	462.692
132.2	462.747
132.3	462.802
132.4	462.857
132.5	462.912
132.6	462.967
132.7	463.022
132.8	463.077
132.9	463.132
133	463.187
133.1	463.241
133.2	463.296
133.3	463.351
133.4	463.406
133.5	463.46
133.6	463.515
133.7	463.569
133.8	463.624
133.9	463.679
134	463.733
134.1	463.788
134.2	463.842
134.3	463.897
134.4	463.951
134.5	464.005
134.6	464.06
134.7	464.114
134.8	464.168
134.9	464.222
135	464.277
135.1	464.331
135.2	464.385
135.3	464.439
135.4	464.493
135.5	464.547
135.6	464.601
135.7	464.655
135.8	464.709
135.9	464.763
136	464.817
136.1	464.871
136.2	464.925
136.3	464.979
136.4	465.032
136.5	465.086
136.6	465.14
136.7	465.194
136.8	465.247
136.9	465.301
137	465.354
137.1	465.408
137.2	465.462
137.3	465.515
137.4	465.569
137.5	465.622
137.6	465.675
137.7	465.729
137.8	465.782
137.9	465.835
138	465.889
138.1	465.942
138.2	465.995
138.3	466.048
138.4	466.102
138.5	466.155
138.6	466.208
138.7	466.261
138.8	466.314
138.9	466.367
139	466.42
139.1	466.473
139.2	466.526
139.3	466.579
139.4	466.632
139.5	466.685
139.6	466.738
139.7	466.79
139.8	466.843
139.9	466.896
140	466.949
140.1	467.001
140.2	467.054
140.3	467.107
140.4	467.159
140.5	467.212
140.6	467.264
140.7	467.317
140.8	467.369
140.9	467.422
141	467.474
141.1	467.527
141.2	467.579
141.3	467.631
141.4	467.684
141.5	467.736
141.6	467.788
141.7	467.84
141.8	467.892
141.9	467.945
142	467.997
142.1	468.049
142.2	468.101
142.3	468.153
142.4	468.205
142.5	468.257
142.6	468.309
142.7	468.361
142.8	468.413
142.9	468.465
143	468.517
143.1	468.568
143.2	468.62
143.3	468.672
143.4	468.724
143.5	468.775
143.6	468.827
143.7	468.879
143.8	468.93
143.9	468.982
144	469.034
144.1	469.085
144.2	469.137
144.3	469.188
144.4	469.24
144.5	469.291
144.6	469.343
144.7	469.394
144.8	469.445
144.9	469.497
145	469.548
145.1	469.599
145.2	469.65
145.3	469.702
145.4	469.753
145.5	469.804
145.6	469.855
145.7	469.906
145.8	469.957
145.9	470.008
146	470.059
146.1	470.11
146.2	470.161
146.3	470.212
146.4	470.263
146.5	470.314
146.6	470.365
146.7	470.416
146.8	470.467
146.9	470.518
147	470.568
147.1	470.619
147.2	470.67
147.3	470.72
147.4	470.771
147.5	470.822
147.6	470.872
147.7	470.923
147.8	470.973
147.9	471.024
148	471.074
148.1	471.125
148.2	471.175
148.3	471.226
148.4	471.276
148.5	471.327
148.6	471.377
148.7	471.427
148.8	471.477
148.9	471.528
149	471.578
149.1	471.628
149.2	471.678
149.3	471.729
149.4	471.779
149.5	471.829
149.6	471.879
149.7	471.929
149.8	471.979
149.9	472.029
150	472.079
150.1	472.129
150.2	472.179
150.3	472.229
150.4	472.279
150.5	472.328
150.6	472.378
150.7	472.428
150.8	472.478
150.9	472.528
151	472.577
151.1	472.627
151.2	472.677
151.3	472.726
151.4	472.776
151.5	472.825
151.6	472.875
151.7	472.925
151.8	472.974
151.9	473.024
152	473.073
152.1	473.122
152.2	473.172
152.3	473.221
152.4	473.271
152.5	473.32
152.6	473.369
152.7	473.419
152.8	473.468
152.9	473.517
153	473.566
153.1	473.615
153.2	473.665
153.3	473.714
153.4	473.763
153.5	473.812
153.6	473.861
153.7	473.91
153.8	473.959
153.9	474.008
154	474.057
154.1	474.106
154.2	474.155
154.3	474.204
154.4	474.253
154.5	474.301
154.6	474.35
154.7	474.399
154.8	474.448
154.9	474.497
155	474.545
155.1	474.594
155.2	474.643
155.3	474.691
155.4	474.74
155.5	474.789
155.6	474.837
155.7	474.886
155.8	474.934
155.9	474.983
156	475.031
156.1	475.08
156.2	475.128
156.3	475.176
156.4	475.225
156.5	475.273
156.6	475.322
156.7	475.37
156.8	475.418
156.9	475.466
157	475.515
157.1	475.563
157.2	475.611
157.3	475.659
157.4	475.707
157.5	475.755
157.6	475.804
157.7	475.852
157.8	475.9
157.9	475.948
158	475.996
158.1	476.044
158.2	476.092
158.3	476.14
158.4	476.187
158.5	476.235
158.6	476.283
158.7	476.331
158.8	476.379
158.9	476.427
159	476.474
159.1	476.522
159.2	476.57
159.3	476.618
159.4	476.665
159.5	476.713
159.6	476.76
159.7	476.808
159.8	476.856
159.9	476.903
160	476.951
160.1	476.998
160.2	477.046
160.3	477.093
160.4	477.141
160.5	477.188
160.6	477.235
160.7	477.283
160.8	477.33
160.9	477.377
161	477.425
161.1	477.472
161.2	477.519
161.3	477.567
161.4	477.614
161.5	477.661
161.6	477.708
161.7	477.755
161.8	477.802
161.9	477.849
162	477.897
162.1	477.944
162.2	477.991
162.3	478.038
162.4	478.085
162.5	478.132
162.6	478.178
162.7	478.225
162.8	478.272
162.9	478.319
163	478.366
163.1	478.413
163.2	478.46
163.3	478.506
163.4	478.553
163.5	478.6
163.6	478.647
163.7	478.693
163.8	478.74
163.9	478.787
164	478.833
164.1	478.88
164.2	478.926
164.3	478.973
164.4	479.02
164.5	479.066
164.6	479.113
164.7	479.159
164.8	479.205
164.9	479.252
165	479.298
165.1	479.345
165.2	479.391
165.3	479.437
165.4	479.484
165.5	479.53
165.6	479.576
165.7	479.623
165.8	479.669
165.9	479.715
166	479.761
166.1	479.807
166.2	479.853
166.3	479.9
166.4	479.946
166.5	479.992
166.6	480.038
166.7	480.084
166.8	480.13
166.9	480.176
167	480.222
167.1	480.268
167.2	480.314
167.3	480.36
167.4	480.406
167.5	480.451
167.6	480.497
167.7	480.543
167.8	480.589
167.9	480.635
168	480.68
168.1	480.726
168.2	480.772
168.3	480.818
168.4	480.863
168.5	480.909
168.6	480.954
168.7	481
168.8	481.046
168.9	481.091
169	481.137
169.1	481.182
169.2	481.228
169.3	481.273
169.4	481.319
169.5	481.364
169.6	481.41
169.7	481.455
169.8	481.5
169.9	481.546
170	481.591
170.1	481.636
170.2	481.682
170.3	481.727
170.4	481.772
170.5	481.817
170.6	481.863
170.7	481.908
170.8	481.953
170.9	481.998
171	482.043
171.1	482.088
171.2	482.134
171.3	482.179
171.4	482.224
171.5	482.269
171.6	482.314
171.7	482.359
171.8	482.404
171.9	482.449
172	482.494
172.1	482.538
172.2	482.583
172.3	482.628
172.4	482.673
172.5	482.718
172.6	482.763
172.7	482.807
172.8	482.852
172.9	482.897
173	482.942
173.1	482.986
173.2	483.031
173.3	483.076
173.4	483.12
173.5	483.165
173.6	483.21
173.7	483.254
173.8	483.299
173.9	483.343
174	483.388
174.1	483.432
174.2	483.477
174.3	483.521
174.4	483.566
174.5	483.61
174.6	483.654
174.7	483.699
174.8	483.743
174.9	483.788
175	483.832
175.1	483.876
175.2	483.92
175.3	483.965
175.4	484.009
175.5	484.053
175.6	484.097
175.7	484.142
175.8	484.186
175.9	484.23
176	484.274
176.1	484.318
176.2	484.362
176.3	484.406
176.4	484.45
176.5	484.494
176.6	484.538
176.7	484.582
176.8	484.626
176.9	484.67
177	484.714
177.1	484.758
177.2	484.802
177.3	484.846
177.4	484.89
177.5	484.933
177.6	484.977
177.7	485.021
177.8	485.065
177.9	485.109
178	485.152
178.1	485.196
178.2	485.24
178.3	485.283
178.4	485.327
178.5	485.371
178.6	485.414
178.7	485.458
178.8	485.502
178.9	485.545
179	485.589
179.1	485.632
179.2	485.676
179.3	485.719
179.4	485.763
179.5	485.806
179.6	485.849
179.7	485.893
179.8	485.936
179.9	485.98
180	486.023
180.1	486.066
180.2	486.11
180.3	486.153
180.4	486.196
180.5	486.24
180.6	486.283
180.7	486.326
180.8	486.369
180.9	486.412
181	486.456
181.1	486.499
181.2	486.542
181.3	486.585
181.4	486.628
181.5	486.671
181.6	486.714
181.7	486.757
181.8	486.8
181.9	486.843
182	486.886
182.1	486.929
182.2	486.972
182.3	487.015
182.4	487.058
182.5	487.101
182.6	487.144
182.7	487.187
182.8	487.229
182.9	487.272
183	487.315
183.1	487.358
183.2	487.4
183.3	487.443
183.4	487.486
183.5	487.529
183.6	487.571
183.7	487.614
183.8	487.657
183.9	487.699
184	487.742
184.1	487.785
184.2	487.827
184.3	487.87
184.4	487.912
184.5	487.955
184.6	487.997
184.7	488.04
184.8	488.082
184.9	488.125
185	488.167
185.1	488.209
185.2	488.252
185.3	488.294
185.4	488.337
185.5	488.379
185.6	488.421
185.7	488.464
185.8	488.506
185.9	488.548
186	488.59
186.1	488.633
186.2	488.675
186.3	488.717
186.4	488.759
186.5	488.801
186.6	488.844
186.7	488.886
186.8	488.928
186.9	488.97
187	489.012
187.1	489.054
187.2	489.096
187.3	489.138
187.4	489.18
187.5	489.222
187.6	489.264
187.7	489.306
187.8	489.348
187.9	489.39
188	489.432
188.1	489.474
188.2	489.515
188.3	489.557
188.4	489.599
188.5	489.641
188.6	489.683
188.7	489.725
188.8	489.766
188.9	489.808
189	489.85
189.1	489.891
189.2	489.933
189.3	489.975
189.4	490.017
189.5	490.058
189.6	490.1
189.7	490.141
189.8	490.183
189.9	490.225
190	490.266
190.1	490.308
190.2	490.349
190.3	490.391
190.4	490.432
190.5	490.474
190.6	490.515
190.7	490.556
190.8	490.598
190.9	490.639
191	490.681
191.1	490.722
191.2	490.763
191.3	490.805
191.4	490.846
191.5	490.887
191.6	490.929
191.7	490.97
191.8	491.011
191.9	491.052
192	491.094
192.1	491.135
192.2	491.176
192.3	491.217
192.4	491.258
192.5	491.299
192.6	491.34
192.7	491.382
192.8	491.423
192.9	491.464
193	491.505
193.1	491.546
193.2	491.587
193.3	491.628
193.4	491.669
193.5	491.71
193.6	491.751
193.7	491.792
193.8	491.833
193.9	491.873
194	491.914
194.1	491.955
194.2	491.996
194.3	492.037
194.4	492.078
194.5	492.118
194.6	492.159
194.7	492.2
194.8	492.241
194.9	492.281
195	492.322
195.1	492.363
195.2	492.404
195.3	492.444
195.4	492.485
195.5	492.525
195.6	492.566
195.7	492.607
195.8	492.647
195.9	492.688
196	492.728
196.1	492.769
196.2	492.809
196.3	492.85
196.4	492.89
196.5	492.931
196.6	492.971
196.7	493.012
196.8	493.052
196.9	493.093
197	493.133
197.1	493.173
197.2	493.214
197.3	493.254
197.4	493.294
197.5	493.335
197.6	493.375
197.7	493.415
197.8	493.456
197.9	493.496
198	493.536
198.1	493.576
198.2	493.616
198.3	493.657
198.4	493.697
198.5	493.737
198.6	493.777
198.7	493.817
198.8	493.857
198.9	493.897
199	493.937
199.1	493.977
199.2	494.017
199.3	494.057
199.4	494.097
199.5	494.137
199.6	494.177
199.7	494.217
199.8	494.257
199.9	494.297
200	494.337
200.1	494.377
200.2	494.417
200.3	494.457
200.4	494.497
200.5	494.536
200.6	494.576
200.7	494.616
200.8	494.656
200.9	494.696
201	494.735
201.1	494.775
201.2	494.815
201.3	494.855
201.4	494.894
201.5	494.934
201.6	494.974
201.7	495.013
201.8	495.053
201.9	495.092
202	495.132
202.1	495.172
202.2	495.211
202.3	495.251
202.4	495.29
202.5	495.33
202.6	495.369
202.7	495.409
202.8	495.448
202.9	495.488
203	495.527
203.1	495.567
203.2	495.606
203.3	495.645
203.4	495.685
203.5	495.724
203.6	495.764
203.7	495.803
203.8	495.842
203.9	495.882
204	495.921
204.1	495.96
204.2	495.999
204.3	496.039
204.4	496.078
204.5	496.117
204.6	496.156
204.7	496.195
204.8	496.235
204.9	496.274
205	496.313
205.1	496.352
205.2	496.391
205.3	496.43
205.4	496.469
205.5	496.508
205.6	496.547
205.7	496.586
205.8	496.625
205.9	496.664
206	496.703
206.1	496.742
206.2	496.781
206.3	496.82
206.4	496.859
206.5	496.898
206.6	496.937
206.7	496.976
206.8	497.015
206.9	497.054
207	497.093
207.1	497.131
207.2	497.17
207.3	497.209
207.4	497.248
207.5	497.287
207.6	497.325
207.7	497.364
207.8	497.403
207.9	497.441
208	497.48
208.1	497.519
208.2	497.558
208.3	497.596
208.4	497.635
208.5	497.673
208.6	497.712
208.7	497.751
208.8	497.789
208.9	497.828
209	497.866
209.1	497.905
209.2	497.943
209.3	497.982
209.4	498.02
209.5	498.059
209.6	498.097
209.7	498.136
209.8	498.174
209.9	498.213
210	498.251
210.1	498.289
210.2	498.328
210.3	498.366
210.4	498.404
210.5	498.443
210.6	498.481
210.7	498.519
210.8	498.558
210.9	498.596
211	498.634
211.1	498.672
211.2	498.711
211.3	498.749
211.4	498.787
211.5	498.825
211.6	498.863
211.7	498.902
211.8	498.94
211.9	498.978
212	499.016
212.1	499.054
212.2	499.092
212.3	499.13
212.4	499.168
212.5	499.206
212.6	499.244
212.7	499.282
212.8	499.32
212.9	499.358
213	499.396
213.1	499.434
213.2	499.472
213.3	499.51
213.4	499.548
213.5	499.586
213.6	499.624
213.7	499.662
213.8	499.7
213.9	499.738
214	499.775
214.1	499.813
214.2	499.851
214.3	499.889
214.4	499.927
214.5	499.964
214.6	500.002
214.7	500.04
214.8	500.078
214.9	500.115
215	500.153
215.1	500.191
215.2	500.228
215.3	500.266
215.4	500.304
215.5	500.341
215.6	500.379
215.7	500.416
215.8	500.454
215.9	500.492
216	500.529
216.1	500.567
216.2	500.604
216.3	500.642
216.4	500.679
216.5	500.717
216.6	500.754
216.7	500.792
216.8	500.829
216.9	500.867
217	500.904
217.1	500.941
217.2	500.979
217.3	501.016
217.4	501.054
217.5	501.091
217.6	501.128
217.7	501.166
217.8	501.203
217.9	501.24
218	501.278
218.1	501.315
218.2	501.352
218.3	501.389
218.4	501.427
218.5	501.464
218.6	501.501
218.7	501.538
218.8	501.575
218.9	501.612
219	501.65
219.1	501.687
219.2	501.724
219.3	501.761
219.4	501.798
219.5	501.835
219.6	501.872
219.7	501.909
219.8	501.946
219.9	501.983
220	502.02
220.1	502.057
220.2	502.094
220.3	502.131
220.4	502.168
220.5	502.205
220.6	502.242
220.7	502.279
220.8	502.316
220.9	502.353
221	502.39
221.1	502.427
221.2	502.464
221.3	502.5
221.4	502.537
221.5	502.574
221.6	502.611
221.7	502.648
221.8	502.684
221.9	502.721
222	502.758
222.1	502.795
222.2	502.831
222.3	502.868
222.4	502.905
222.5	502.942
222.6	502.978
222.7	503.015
222.8	503.052
222.9	503.088
223	503.125
223.1	503.161
223.2	503.198
223.3	503.235
223.4	503.271
223.5	503.308
223.6	503.344
223.7	503.381
223.8	503.417
223.9	503.454
224	503.49
224.1	503.527
224.2	503.563
224.3	503.6
224.4	503.636
224.5	503.673
224.6	503.709
224.7	503.745
224.8	503.782
224.9	503.818
225	503.855
225.1	503.891
225.2	503.927
225.3	503.964
225.4	504
225.5	504.036
225.6	504.072
225.7	504.109
225.8	504.145
225.9	504.181
226	504.217
226.1	504.254
226.2	504.29
226.3	504.326
226.4	504.362
226.5	504.398
226.6	504.435
226.7	504.471
226.8	504.507
226.9	504.543
227	504.579
227.1	504.615
227.2	504.651
227.3	504.687
227.4	504.723
227.5	504.759
227.6	504.796
227.7	504.832
227.8	504.868
227.9	504.904
228	504.94
228.1	504.976
228.2	505.011
228.3	505.047
228.4	505.083
228.5	505.119
228.6	505.155
228.7	505.191
228.8	505.227
228.9	505.263
229	505.299
229.1	505.335
229.2	505.37
229.3	505.406
229.4	505.442
229.5	505.478
229.6	505.514
229.7	505.549
229.8	505.585
229.9	505.621
230	505.657
230.1	505.692
230.2	505.728
230.3	505.764
230.4	505.799
230.5	505.835
230.6	505.871
230.7	505.906
230.8	505.942
230.9	505.978
231	506.013
231.1	506.049
231.2	506.085
231.3	506.12
231.4	506.156
231.5	506.191
231.6	506.227
231.7	506.262
231.8	506.298
231.9	506.333
232	506.369
232.1	506.404
232.2	506.44
232.3	506.475
232.4	506.511
232.5	506.546
232.6	506.582
232.7	506.617
232.8	506.652
232.9	506.688
233	506.723
233.1	506.758
233.2	506.794
233.3	506.829
233.4	506.864
233.5	506.9
233.6	506.935
233.7	506.97
233.8	507.006
233.9	507.041
234	507.076
234.1	507.111
234.2	507.147
234.3	507.182
234.4	507.217
234.5	507.252
234.6	507.287
234.7	507.323
234.8	507.358
234.9	507.393
235	507.428
235.1	507.463
235.2	507.498
235.3	507.533
235.4	507.568
235.5	507.603
235.6	507.639
235.7	507.674
235.8	507.709
235.9	507.744
236	507.779
236.1	507.814
236.2	507.849
236.3	507.884
236.4	507.919
236.5	507.954
236.6	507.989
236.7	508.023
236.8	508.058
236.9	508.093
237	508.128
237.1	508.163
237.2	508.198
237.3	508.233
237.4	508.268
237.5	508.302
237.6	508.337
237.7	508.372
237.8	508.407
237.9	508.442
238	508.477
238.1	508.511
238.2	508.546
238.3	508.581
238.4	508.616
238.5	508.65
238.6	508.685
238.7	508.72
238.8	508.754
238.9	508.789
239	508.824
239.1	508.858
239.2	508.893
239.3	508.928
239.4	508.962
239.5	508.997
239.6	509.031
239.7	509.066
239.8	509.101
239.9	509.135
240	509.17
240.1	509.204
240.2	509.239
240.3	509.273
240.4	509.308
240.5	509.342
240.6	509.377
240.7	509.411
240.8	509.446
240.9	509.48
241	509.515
241.1	509.549
241.2	509.583
241.3	509.618
241.4	509.652
241.5	509.687
241.6	509.721
241.7	509.755
241.8	509.79
241.9	509.824
242	509.858
242.1	509.893
242.2	509.927
242.3	509.961
242.4	509.996
242.5	510.03
242.6	510.064
242.7	510.098
242.8	510.133
242.9	510.167
243	510.201
243.1	510.235
243.2	510.269
243.3	510.304
243.4	510.338
243.5	510.372
243.6	510.406
243.7	510.44
243.8	510.474
243.9	510.508
244	510.542
244.1	510.577
244.2	510.611
244.3	510.645
244.4	510.679
244.5	510.713
244.6	510.747
244.7	510.781
244.8	510.815
244.9	510.849
245	510.883
245.1	510.917
245.2	510.951
245.3	510.985
245.4	511.019
245.5	511.053
245.6	511.087
245.7	511.121
245.8	511.154
245.9	511.188
246	511.222
246.1	511.256
246.2	511.29
246.3	511.324
246.4	511.358
246.5	511.391
246.6	511.425
246.7	511.459
246.8	511.493
246.9	511.527
247	511.56
247.1	511.594
247.2	511.628
247.3	511.662
247.4	511.695
247.5	511.729
247.6	511.763
247.7	511.796
247.8	511.83
247.9	511.864
248	511.897
248.1	511.931
248.2	511.965
248.3	511.998
248.4	512.032
248.5	512.066
248.6	512.099
248.7	512.133
248.8	512.166
248.9	512.2
249	512.234
249.1	512.267
249.2	512.301
249.3	512.334
249.4	512.368
249.5	512.401
249.6	512.435
249.7	512.468
249.8	512.502
249.9	512.535
250	512.569
250.1	512.602
250.2	512.635
250.3	512.669
250.4	512.702
250.5	512.736
250.6	512.769
250.7	512.802
250.8	512.836
250.9	512.869
251	512.902
251.1	512.936
251.2	512.969
251.3	513.002
251.4	513.036
251.5	513.069
251.6	513.102
251.7	513.136
251.8	513.169
251.9	513.202
252	513.235
252.1	513.268
252.2	513.302
252.3	513.335
252.4	513.368
252.5	513.401
252.6	513.434
252.7	513.468
252.8	513.501
252.9	513.534
253	513.567
253.1	513.6
253.2	513.633
253.3	513.666
253.4	513.699
253.5	513.733
253.6	513.766
253.7	513.799
253.8	513.832
253.9	513.865
254	513.898
254.1	513.931
254.2	513.964
254.3	513.997
254.4	514.03
254.5	514.063
254.6	514.096
254.7	514.129
254.8	514.162
254.9	514.195
255	514.228
255.1	514.26
255.2	514.293
255.3	514.326
255.4	514.359
255.5	514.392
255.6	514.425
255.7	514.458
255.8	514.491
255.9	514.523
256	514.556
256.1	514.589
256.2	514.622
256.3	514.655
256.4	514.687
256.5	514.72
256.6	514.753
256.7	514.786
256.8	514.818
256.9	514.851
257	514.884
257.1	514.917
257.2	514.949
257.3	514.982
257.4	515.015
257.5	515.047
257.6	515.08
257.7	515.113
257.8	515.145
257.9	515.178
258	515.211
258.1	515.243
258.2	515.276
258.3	515.308
258.4	515.341
258.5	515.374
258.6	515.406
258.7	515.439
258.8	515.471
258.9	515.504
259	515.536
259.1	515.569
259.2	515.601
259.3	515.634
259.4	515.666
259.5	515.699
259.6	515.731
259.7	515.764
259.8	515.796
259.9	515.829
260	515.861
260.1	515.893
260.2	515.926
260.3	515.958
260.4	515.991
260.5	516.023
260.6	516.055
260.7	516.088
260.8	516.12
260.9	516.152
261	516.185
261.1	516.217
261.2	516.249
261.3	516.282
261.4	516.314
261.5	516.346
261.6	516.378
261.7	516.411
261.8	516.443
261.9	516.475
262	516.507
262.1	516.539
262.2	516.572
262.3	516.604
262.4	516.636
262.5	516.668
262.6	516.7
262.7	516.733
262.8	516.765
262.9	516.797
263	516.829
263.1	516.861
263.2	516.893
263.3	516.925
263.4	516.957
263.5	516.989
263.6	517.022
263.7	517.054
263.8	517.086
263.9	517.118
264	517.15
264.1	517.182
264.2	517.214
264.3	517.246
264.4	517.278
264.5	517.31
264.6	517.342
264.7	517.374
264.8	517.406
264.9	517.438
265	517.469
265.1	517.501
265.2	517.533
265.3	517.565
265.4	517.597
265.5	517.629
265.6	517.661
265.7	517.693
265.8	517.725
265.9	517.756
266	517.788
266.1	517.82
266.2	517.852
266.3	517.884
266.4	517.916
266.5	517.947
266.6	517.979
266.7	518.011
266.8	518.043
266.9	518.074
267	518.106
267.1	518.138
267.2	518.17
267.3	518.201
267.4	518.233
267.5	518.265
267.6	518.296
267.7	518.328
267.8	518.36
267.9	518.391
268	518.423
268.1	518.455
268.2	518.486
268.3	518.518
268.4	518.55
268.5	518.581
268.6	518.613
268.7	518.644
268.8	518.676
268.9	518.707
269	518.739
269.1	518.771
269.2	518.802
269.3	518.834
269.4	518.865
269.5	518.897
269.6	518.928
269.7	518.96
269.8	518.991
269.9	519.023
270	519.054
270.1	519.086
270.2	519.117
270.3	519.148
270.4	519.18
270.5	519.211
270.6	519.243
270.7	519.274
270.8	519.305
270.9	519.337
271	519.368
271.1	519.4
271.2	519.431
271.3	519.462
271.4	519.494
271.5	519.525
271.6	519.556
271.7	519.588
271.8	519.619
271.9	519.65
272	519.681
272.1	519.713
272.2	519.744
272.3	519.775
272.4	519.806
272.5	519.838
272.6	519.869
272.7	519.9
272.8	519.931
272.9	519.962
273	519.994
273.1	520.025
273.2	520.056
273.3	520.087
273.4	520.118
273.5	520.149
273.6	520.181
273.7	520.212
273.8	520.243
273.9	520.274
274	520.305
274.1	520.336
274.2	520.367
274.3	520.398
274.4	520.429
274.5	520.46
274.6	520.491
274.7	520.522
274.8	520.553
274.9	520.584
275	520.615
275.1	520.646
275.2	520.677
275.3	520.708
275.4	520.739
275.5	520.77
275.6	520.801
275.7	520.832
275.8	520.863
275.9	520.894
276	520.925
276.1	520.956
276.2	520.987
276.3	521.018
276.4	521.049
276.5	521.079
276.6	521.11
276.7	521.141
276.8	521.172
276.9	521.203
277	521.234
277.1	521.264
277.2	521.295
277.3	521.326
277.4	521.357
277.5	521.388
277.6	521.418
277.7	521.449
277.8	521.48
277.9	521.511
278	521.541
278.1	521.572
278.2	521.603
278.3	521.634
278.4	521.664
278.5	521.695
278.6	521.726
278.7	521.756
278.8	521.787
278.9	521.818
279	521.848
279.1	521.879
279.2	521.91
279.3	521.94
279.4	521.971
279.5	522.001
279.6	522.032
279.7	522.063
279.8	522.093
279.9	522.124
280	522.154
280.1	522.185
280.2	522.215
280.3	522.246
280.4	522.277
280.5	522.307
280.6	522.338
280.7	522.368
280.8	522.399
280.9	522.429
281	522.46
281.1	522.49
281.2	522.52
281.3	522.551
281.4	522.581
281.5	522.612
281.6	522.642
281.7	522.673
281.8	522.703
281.9	522.733
282	522.764
282.1	522.794
282.2	522.825
282.3	522.855
282.4	522.885
282.5	522.916
282.6	522.946
282.7	522.976
282.8	523.007
282.9	523.037
283	523.067
283.1	523.098
283.2	523.128
283.3	523.158
283.4	523.188
283.5	523.219
283.6	523.249
283.7	523.279
283.8	523.309
283.9	523.34
284	523.37
284.1	523.4
284.2	523.43
284.3	523.46
284.4	523.491
284.5	523.521
284.6	523.551
284.7	523.581
284.8	523.611
284.9	523.641
285	523.672
285.1	523.702
285.2	523.732
285.3	523.762
285.4	523.792
285.5	523.822
285.6	523.852
285.7	523.882
285.8	523.912
285.9	523.942
286	523.972
286.1	524.002
286.2	524.032
286.3	524.062
286.4	524.092
286.5	524.123
286.6	524.153
286.7	524.182
286.8	524.212
286.9	524.242
287	524.272
287.1	524.302
287.2	524.332
287.3	524.362
287.4	524.392
287.5	524.422
287.6	524.452
287.7	524.482
287.8	524.512
287.9	524.542
288	524.572
288.1	524.602
288.2	524.631
288.3	524.661
288.4	524.691
288.5	524.721
288.6	524.751
288.7	524.781
288.8	524.81
288.9	524.84
289	524.87
289.1	524.9
289.2	524.93
289.3	524.959
289.4	524.989
289.5	525.019
289.6	525.049
289.7	525.078
289.8	525.108
289.9	525.138
290	525.168
290.1	525.197
290.2	525.227
290.3	525.257
290.4	525.286
290.5	525.316
290.6	525.346
290.7	525.375
290.8	525.405
290.9	525.435
291	525.464
291.1	525.494
291.2	525.524
291.3	525.553
291.4	525.583
291.5	525.612
291.6	525.642
291.7	525.672
291.8	525.701
291.9	525.731
292	525.76
292.1	525.79
292.2	525.819
292.3	525.849
292.4	525.878
292.5	525.908
292.6	525.937
292.7	525.967
292.8	525.996
292.9	526.026
293	526.055
293.1	526.085
293.2	526.114
293.3	526.144
293.4	526.173
293.5	526.203
293.6	526.232
293.7	526.261
293.8	526.291
293.9	526.32
294	526.35
294.1	526.379
294.2	526.408
294.3	526.438
294.4	526.467
294.5	526.497
294.6	526.526
294.7	526.555
294.8	526.585
294.9	526.614
295	526.643
295.1	526.672
295.2	526.702
295.3	526.731
295.4	526.76
295.5	526.79
295.6	526.819
295.7	526.848
295.8	526.877
295.9	526.907
296	526.936
296.1	526.965
296.2	526.994
296.3	527.024
296.4	527.053
296.5	527.082
296.6	527.111
296.7	527.14
296.8	527.169
296.9	527.199
297	527.228
297.1	527.257
297.2	527.286
297.3	527.315
297.4	527.344
297.5	527.373
297.6	527.403
297.7	527.432
297.8	527.461
297.9	527.49
298	527.519
298.1	527.548
298.2	527.577
298.3	527.606
298.4	527.635
298.5	527.664
298.6	527.693
298.7	527.722
298.8	527.751
298.9	527.78
299	527.809
299.1	527.838
299.2	527.867
299.3	527.896
299.4	527.925
299.5	527.954
299.6	527.983
299.7	528.012
299.8	528.041
299.9	528.07
300	528.099
