W	Pred
1.5	464.55
1.6	452.936
1.7	442.77
1.8	433.811
1.9	425.869
2	418.79
2.1	412.451
2.2	406.751
2.3	401.604
2.4	396.942
2.5	392.705
2.6	388.844
2.7	385.315
2.8	382.083
2.9	379.117
3	376.388
3.1	373.874
3.2	371.553
3.3	369.408
3.4	367.422
3.5	365.582
3.6	363.874
3.7	362.288
3.8	360.813
3.9	359.441
4	358.162
4.1	356.971
4.2	355.861
4.3	354.825
4.4	353.858
4.5	352.955
4.6	352.112
4.7	351.325
4.8	350.59
4.9	349.903
5	349.261
5.1	348.662
5.2	348.103
5.3	347.581
5.4	347.093
5.5	346.639
5.6	346.216
5.7	345.822
5.8	345.455
5.9	345.115
6	344.799
6.1	344.506
6.2	344.235
6.3	343.984
6.4	343.753
6.5	343.541
6.6	343.346
6.7	343.168
6.8	343.006
6.9	342.859
7	342.726
7.1	342.606
7.2	342.5
7.3	342.406
7.4	342.323
7.5	342.252
7.6	342.191
7.7	342.141
7.8	342.1
7.9	342.068
8	342.045
8.1	342.031
8.2	342.024
8.3	342.026
8.4	342.034
8.5	342.049
8.6	342.072
8.7	342.1
8.8	342.135
8.9	342.175
9	342.221
9.1	342.273
9.2	342.33
9.3	342.391
9.4	342.458
9.5	342.528
9.6	342.604
9.7	342.683
9.8	342.766
9.9	342.853
10	342.944
10.1	343.038
10.2	343.136
10.3	343.237
10.4	343.341
10.5	343.448
10.6	343.558
10.7	343.671
10.8	343.786
10.9	343.904
11	344.024
11.1	344.147
11.2	344.271
11.3	344.398
11.4	344.527
11.5	344.658
11.6	344.791
11.7	344.926
11.8	345.062
11.9	345.201
12	345.34
12.1	345.482
12.2	345.625
12.3	345.769
12.4	345.914
12.5	346.061
12.6	346.21
12.7	346.359
12.8	346.51
12.9	346.661
13	346.814
13.1	346.968
13.2	347.123
13.3	347.278
13.4	347.435
13.5	347.592
13.6	347.75
13.7	347.91
13.8	348.069
13.9	348.23
14	348.391
14.1	348.553
14.2	348.715
14.3	348.879
14.4	349.042
14.5	349.206
14.6	349.371
14.7	349.536
14.8	349.702
14.9	349.868
15	350.035
15.1	350.201
15.2	350.369
15.3	350.536
15.4	350.704
15.5	350.873
15.6	351.041
15.7	351.21
15.8	351.379
15.9	351.549
16	351.718
16.1	351.888
16.2	352.058
16.3	352.228
16.4	352.399
16.5	352.569
16.6	352.74
16.7	352.911
16.8	353.082
16.9	353.253
17	353.424
17.1	353.595
17.2	353.766
17.3	353.938
17.4	354.109
17.5	354.281
17.6	354.452
17.7	354.624
17.8	354.795
17.9	354.967
18	355.138
18.1	355.309
18.2	355.481
18.3	355.652
18.4	355.824
18.5	355.995
18.6	356.166
18.7	356.338
18.8	356.509
18.9	356.68
19	356.851
19.1	357.022
19.2	357.193
19.3	357.364
19.4	357.534
19.5	357.705
19.6	357.875
19.7	358.046
19.8	358.216
19.9	358.386
20	358.556
20.1	358.726
20.2	358.895
20.3	359.065
20.4	359.234
20.5	359.404
20.6	359.573
20.7	359.742
20.8	359.91
20.9	360.079
21	360.247
21.1	360.416
21.2	360.584
21.3	360.752
21.4	360.92
21.5	361.087
21.6	361.255
21.7	361.422
21.8	361.589
21.9	361.756
22	361.922
22.1	362.089
22.2	362.255
22.3	362.421
22.4	362.587
22.5	362.753
22.6	362.918
22.7	363.083
22.8	363.248
22.9	363.413
23	363.578
23.1	363.742
23.2	363.907
23.3	364.071
23.4	364.234
23.5	364.398
23.6	364.561
23.7	364.724
23.8	364.887
23.9	365.05
24	365.212
24.1	365.375
24.2	365.537
24.3	365.698
24.4	365.86
24.5	366.021
24.6	366.182
24.7	366.343
24.8	366.504
24.9	366.664
25	366.824
25.1	366.984
25.2	367.144
25.3	367.303
25.4	367.463
25.5	367.622
25.6	367.78
25.7	367.939
25.8	368.097
25.9	368.255
26	368.413
26.1	368.571
26.2	368.728
26.3	368.885
26.4	369.042
26.5	369.199
26.6	369.355
26.7	369.511
26.8	369.667
26.9	369.823
27	369.978
27.1	370.134
27.2	370.289
27.3	370.443
27.4	370.598
27.5	370.752
27.6	370.906
27.7	371.06
27.8	371.214
27.9	371.367
28	371.52
28.1	371.673
28.2	371.825
28.3	371.978
28.4	372.13
28.5	372.282
28.6	372.433
28.7	372.585
28.8	372.736
28.9	372.887
29	373.038
29.1	373.188
29.2	373.338
29.3	373.488
29.4	373.638
29.5	373.788
29.6	373.937
29.7	374.086
29.8	374.235
29.9	374.383
30	374.532
30.1	374.68
30.2	374.828
30.3	374.975
30.4	375.123
30.5	375.27
30.6	375.417
30.7	375.564
30.8	375.71
30.9	375.857
31	376.003
31.1	376.148
31.2	376.294
31.3	376.439
31.4	376.584
31.5	376.729
31.6	376.874
31.7	377.018
31.8	377.163
31.9	377.307
32	377.45
32.1	377.594
32.2	377.737
32.3	377.88
32.4	378.023
32.5	378.166
32.6	378.308
32.7	378.45
32.8	378.592
32.9	378.734
33	378.876
33.1	379.017
33.2	379.158
33.3	379.299
33.4	379.439
33.5	379.58
33.6	379.72
33.7	379.86
33.8	380
33.9	380.139
34	380.279
34.1	380.418
34.2	380.557
34.3	380.695
34.4	380.834
34.5	380.972
34.6	381.11
34.7	381.248
34.8	381.385
34.9	381.523
35	381.66
35.1	381.797
35.2	381.934
35.3	382.07
35.4	382.206
35.5	382.343
35.6	382.478
35.7	382.614
35.8	382.75
35.9	382.885
36	383.02
36.1	383.155
36.2	383.289
36.3	383.424
36.4	383.558
36.5	383.692
36.6	383.826
36.7	383.96
36.8	384.093
36.9	384.226
37	384.359
37.1	384.492
37.2	384.625
37.3	384.757
37.4	384.889
37.5	385.021
37.6	385.153
37.7	385.285
37.8	385.416
37.9	385.548
38	385.679
38.1	385.809
38.2	385.94
38.3	386.07
38.4	386.201
38.5	386.331
38.6	386.461
38.7	386.59
38.8	386.72
38.9	386.849
39	386.978
39.1	387.107
39.2	387.236
39.3	387.364
39.4	387.492
39.5	387.621
39.6	387.748
39.7	387.876
39.8	388.004
39.9	388.131
40	388.258
40.1	388.385
40.2	388.512
40.3	388.639
40.4	388.765
40.5	388.891
40.6	389.018
40.7	389.143
40.8	389.269
40.9	389.395
41	389.52
41.1	389.645
41.2	389.77
41.3	389.895
41.4	390.019
41.5	390.144
41.6	390.268
41.7	390.392
41.8	390.516
41.9	390.64
42	390.763
42.1	390.887
42.2	391.01
42.3	391.133
42.4	391.256
42.5	391.378
42.6	391.501
42.7	391.623
42.8	391.745
42.9	391.867
43	391.989
43.1	392.111
43.2	392.232
43.3	392.353
43.4	392.474
43.5	392.595
43.6	392.716
43.7	392.837
43.8	392.957
43.9	393.077
44	393.197
44.1	393.317
44.2	393.437
44.3	393.557
44.4	393.676
44.5	393.795
44.6	393.914
44.7	394.033
44.8	394.152
44.9	394.271
45	394.389
45.1	394.507
45.2	394.625
45.3	394.743
45.4	394.861
45.5	394.979
45.6	395.096
45.7	395.213
45.8	395.331
45.9	395.448
46	395.564
46.1	395.681
46.2	395.797
46.3	395.914
46.4	396.03
46.5	396.146
46.6	396.262
46.7	396.378
46.8	396.493
46.9	396.608
47	396.724
47.1	396.839
47.2	396.954
47.3	397.068
47.4	397.183
47.5	397.297
47.6	397.412
47.7	397.526
47.8	397.64
47.9	397.754
48	397.867
48.1	397.981
48.2	398.094
48.3	398.208
48.4	398.321
48.5	398.434
48.6	398.546
48.7	398.659
48.8	398.772
48.9	398.884
49	398.996
49.1	399.108
49.2	399.22
49.3	399.332
49.4	399.443
49.5	399.555
49.6	399.666
49.7	399.777
49.8	399.888
49.9	399.999
50	400.11
50.1	400.221
50.2	400.331
50.3	400.441
50.4	400.552
50.5	400.662
50.6	400.772
50.7	400.881
50.8	400.991
50.9	401.1
51	401.21
51.1	401.319
51.2	401.428
51.3	401.537
51.4	401.646
51.5	401.754
51.6	401.863
51.7	401.971
51.8	402.079
51.9	402.187
52	402.295
52.1	402.403
52.2	402.511
52.3	402.618
52.4	402.726
52.5	402.833
52.6	402.94
52.7	403.047
52.8	403.154
52.9	403.261
53	403.367
53.1	403.474
53.2	403.58
53.3	403.686
53.4	403.792
53.5	403.898
53.6	404.004
53.7	404.11
53.8	404.215
53.9	404.321
54	404.426
54.1	404.531
54.2	404.636
54.3	404.741
54.4	404.846
54.5	404.951
54.6	405.055
54.7	405.159
54.8	405.264
54.9	405.368
55	405.472
55.1	405.576
55.2	405.679
55.3	405.783
55.4	405.887
55.5	405.99
55.6	406.093
55.7	406.196
55.8	406.299
55.9	406.402
56	406.505
56.1	406.608
56.2	406.71
56.3	406.813
56.4	406.915
56.5	407.017
56.6	407.119
56.7	407.221
56.8	407.323
56.9	407.424
57	407.526
57.1	407.627
57.2	407.729
57.3	407.83
57.4	407.931
57.5	408.032
57.6	408.133
57.7	408.233
57.8	408.334
57.9	408.434
58	408.535
58.1	408.635
58.2	408.735
58.3	408.835
58.4	408.935
58.5	409.035
58.6	409.134
58.7	409.234
58.8	409.333
58.9	409.433
59	409.532
59.1	409.631
59.2	409.73
59.3	409.829
59.4	409.927
59.5	410.026
59.6	410.125
59.7	410.223
59.8	410.321
59.9	410.419
60	410.517
60.1	410.615
60.2	410.713
60.3	410.811
60.4	410.909
60.5	411.006
60.6	411.103
60.7	411.201
60.8	411.298
60.9	411.395
61	411.492
61.1	411.589
61.2	411.685
61.3	411.782
61.4	411.879
61.5	411.975
61.6	412.071
61.7	412.168
61.8	412.264
61.9	412.36
62	412.455
62.1	412.551
62.2	412.647
62.3	412.742
62.4	412.838
62.5	412.933
62.6	413.028
62.7	413.124
62.8	413.219
62.9	413.314
63	413.408
63.1	413.503
63.2	413.598
63.3	413.692
63.4	413.787
63.5	413.881
63.6	413.975
63.7	414.069
63.8	414.163
63.9	414.257
64	414.351
64.1	414.445
64.2	414.538
64.3	414.632
64.4	414.725
64.5	414.818
64.6	414.911
64.7	415.005
64.8	415.098
64.9	415.19
65	415.283
65.1	415.376
65.2	415.468
65.3	415.561
65.4	415.653
65.5	415.746
65.6	415.838
65.7	415.93
65.8	416.022
65.9	416.114
66	416.206
66.1	416.297
66.2	416.389
66.3	416.48
66.4	416.572
66.5	416.663
66.6	416.754
66.7	416.845
66.8	416.936
66.9	417.027
67	417.118
67.1	417.209
67.2	417.3
67.3	417.39
67.4	417.481
67.5	417.571
67.6	417.661
67.7	417.751
67.8	417.841
67.9	417.931
68	418.021
68.1	418.111
68.2	418.201
68.3	418.29
68.4	418.38
68.5	418.469
68.6	418.559
68.7	418.648
68.8	418.737
68.9	418.826
69	418.915
69.1	419.004
69.2	419.093
69.3	419.181
69.4	419.27
69.5	419.359
69.6	419.447
69.7	419.535
69.8	419.624
69.9	419.712
70	419.8
70.1	419.888
70.2	419.976
70.3	420.063
70.4	420.151
70.5	420.239
70.6	420.326
70.7	420.414
70.8	420.501
70.9	420.588
71	420.676
71.1	420.763
71.2	420.85
71.3	420.937
71.4	421.023
71.5	421.11
71.6	421.197
71.7	421.283
71.8	421.37
71.9	421.456
72	421.543
72.1	421.629
72.2	421.715
72.3	421.801
72.4	421.887
72.5	421.973
72.6	422.059
72.7	422.145
72.8	422.23
72.9	422.316
73	422.401
73.1	422.487
73.2	422.572
73.3	422.657
73.4	422.742
73.5	422.827
73.6	422.912
73.7	422.997
73.8	423.082
73.9	423.167
74	423.251
74.1	423.336
74.2	423.42
74.3	423.505
74.4	423.589
74.5	423.673
74.6	423.758
74.7	423.842
74.8	423.926
74.9	424.01
75	424.093
75.1	424.177
75.2	424.261
75.3	424.344
75.4	424.428
75.5	424.511
75.6	424.595
75.7	424.678
75.8	424.761
75.9	424.844
76	424.927
76.1	425.01
76.2	425.093
76.3	425.176
76.4	425.259
76.5	425.341
76.6	425.424
76.7	425.507
76.8	425.589
76.9	425.671
77	425.754
77.1	425.836
77.2	425.918
77.3	426
77.4	426.082
77.5	426.164
77.6	426.246
77.7	426.327
77.8	426.409
77.9	426.49
78	426.572
78.1	426.653
78.2	426.735
78.3	426.816
78.4	426.897
78.5	426.978
78.6	427.059
78.7	427.14
78.8	427.221
78.9	427.302
79	427.383
79.1	427.464
79.2	427.544
79.3	427.625
79.4	427.705
79.5	427.786
79.6	427.866
79.7	427.946
79.8	428.026
79.9	428.106
80	428.186
80.1	428.266
80.2	428.346
80.3	428.426
80.4	428.506
80.5	428.585
80.6	428.665
80.7	428.744
80.8	428.824
80.9	428.903
81	428.983
81.1	429.062
81.2	429.141
81.3	429.22
81.4	429.299
81.5	429.378
81.6	429.457
81.7	429.536
81.8	429.614
81.9	429.693
82	429.772
82.1	429.85
82.2	429.929
82.3	430.007
82.4	430.085
82.5	430.164
82.6	430.242
82.7	430.32
82.8	430.398
82.9	430.476
83	430.554
83.1	430.632
83.2	430.709
83.3	430.787
83.4	430.865
83.5	430.942
83.6	431.02
83.7	431.097
83.8	431.175
83.9	431.252
84	431.329
84.1	431.406
84.2	431.483
84.3	431.56
84.4	431.637
84.5	431.714
84.6	431.791
84.7	431.868
84.8	431.944
84.9	432.021
85	432.098
85.1	432.174
85.2	432.251
85.3	432.327
85.4	432.403
85.5	432.479
85.6	432.556
85.7	432.632
85.8	432.708
85.9	432.784
86	432.86
86.1	432.935
86.2	433.011
86.3	433.087
86.4	433.163
86.5	433.238
86.6	433.314
86.7	433.389
86.8	433.465
86.9	433.54
87	433.615
87.1	433.69
87.2	433.765
87.3	433.841
87.4	433.916
87.5	433.99
87.6	434.065
87.7	434.14
87.8	434.215
87.9	434.29
88	434.364
88.1	434.439
88.2	434.513
88.3	434.588
88.4	434.662
88.5	434.736
88.6	434.811
88.7	434.885
88.8	434.959
88.9	435.033
89	435.107
89.1	435.181
89.2	435.255
89.3	435.329
89.4	435.403
89.5	435.476
89.6	435.55
89.7	435.624
89.8	435.697
89.9	435.771
90	435.844
90.1	435.917
90.2	435.991
90.3	436.064
90.4	436.137
90.5	436.21
90.6	436.283
90.7	436.356
90.8	436.429
90.9	436.502
91	436.575
91.1	436.647
91.2	436.72
91.3	436.793
91.4	436.865
91.5	436.938
91.6	437.01
91.7	437.083
91.8	437.155
91.9	437.227
92	437.299
92.1	437.372
92.2	437.444
92.3	437.516
92.4	437.588
92.5	437.66
92.6	437.732
92.7	437.803
92.8	437.875
92.9	437.947
93	438.019
93.1	438.09
93.2	438.162
93.3	438.233
93.4	438.305
93.5	438.376
93.6	438.447
93.7	438.518
93.8	438.59
93.9	438.661
94	438.732
94.1	438.803
94.2	438.874
94.3	438.945
94.4	439.016
94.5	439.086
94.6	439.157
94.7	439.228
94.8	439.298
94.9	439.369
95	439.439
95.1	439.51
95.2	439.58
95.3	439.651
95.4	439.721
95.5	439.791
95.6	439.861
95.7	439.932
95.8	440.002
95.9	440.072
96	440.142
96.1	440.212
96.2	440.281
96.3	440.351
96.4	440.421
96.5	440.491
96.6	440.56
96.7	440.63
96.8	440.699
96.9	440.769
97	440.838
97.1	440.908
97.2	440.977
97.3	441.046
97.4	441.116
97.5	441.185
97.6	441.254
97.7	441.323
97.8	441.392
97.9	441.461
98	441.53
98.1	441.599
98.2	441.667
98.3	441.736
98.4	441.805
98.5	441.874
98.6	441.942
98.7	442.011
98.8	442.079
98.9	442.148
99	442.216
99.1	442.284
99.2	442.353
99.3	442.421
99.4	442.489
99.5	442.557
99.6	442.625
99.7	442.693
99.8	442.761
99.9	442.829
100	442.897
100.1	442.965
100.2	443.033
100.3	443.1
100.4	443.168
100.5	443.236
100.6	443.303
100.7	443.371
100.8	443.438
100.9	443.505
101	443.573
101.1	443.64
101.2	443.707
101.3	443.775
101.4	443.842
101.5	443.909
101.6	443.976
101.7	444.043
101.8	444.11
101.9	444.177
102	444.244
102.1	444.311
102.2	444.377
102.3	444.444
102.4	444.511
102.5	444.577
102.6	444.644
102.7	444.71
102.8	444.777
102.9	444.843
103	444.91
103.1	444.976
103.2	445.042
103.3	445.109
103.4	445.175
103.5	445.241
103.6	445.307
103.7	445.373
103.8	445.439
103.9	445.505
104	445.571
104.1	445.637
104.2	445.703
104.3	445.768
104.4	445.834
104.5	445.9
104.6	445.965
104.7	446.031
104.8	446.096
104.9	446.162
105	446.227
105.1	446.293
105.2	446.358
105.3	446.423
105.4	446.489
105.5	446.554
105.6	446.619
105.7	446.684
105.8	446.749
105.9	446.814
106	446.879
106.1	446.944
106.2	447.009
106.3	447.074
106.4	447.138
106.5	447.203
106.6	447.268
106.7	447.332
106.8	447.397
106.9	447.462
107	447.526
107.1	447.591
107.2	447.655
107.3	447.719
107.4	447.784
107.5	447.848
107.6	447.912
107.7	447.976
107.8	448.04
107.9	448.105
108	448.169
108.1	448.233
108.2	448.297
108.3	448.361
108.4	448.424
108.5	448.488
108.6	448.552
108.7	448.616
108.8	448.679
108.9	448.743
109	448.807
109.1	448.87
109.2	448.934
109.3	448.997
109.4	449.061
109.5	449.124
109.6	449.187
109.7	449.251
109.8	449.314
109.9	449.377
110	449.44
110.1	449.503
110.2	449.567
110.3	449.63
110.4	449.693
110.5	449.756
110.6	449.818
110.7	449.881
110.8	449.944
110.9	450.007
111	450.07
111.1	450.132
111.2	450.195
111.3	450.258
111.4	450.32
111.5	450.383
111.6	450.445
111.7	450.508
111.8	450.57
111.9	450.632
112	450.695
112.1	450.757
112.2	450.819
112.3	450.881
112.4	450.943
112.5	451.006
112.6	451.068
112.7	451.13
112.8	451.192
112.9	451.254
113	451.315
113.1	451.377
113.2	451.439
113.3	451.501
113.4	451.563
113.5	451.624
113.6	451.686
113.7	451.748
113.8	451.809
113.9	451.871
114	451.932
114.1	451.994
114.2	452.055
114.3	452.116
114.4	452.178
114.5	452.239
114.6	452.3
114.7	452.361
114.8	452.423
114.9	452.484
115	452.545
115.1	452.606
115.2	452.667
115.3	452.728
115.4	452.789
115.5	452.849
115.6	452.91
115.7	452.971
115.8	453.032
115.9	453.093
116	453.153
116.1	453.214
116.2	453.274
116.3	453.335
116.4	453.396
116.5	453.456
116.6	453.516
116.7	453.577
116.8	453.637
116.9	453.697
117	453.758
117.1	453.818
117.2	453.878
117.3	453.938
117.4	453.998
117.5	454.059
117.6	454.119
117.7	454.179
117.8	454.239
117.9	454.299
118	454.358
118.1	454.418
118.2	454.478
118.3	454.538
118.4	454.598
118.5	454.657
118.6	454.717
118.7	454.777
118.8	454.836
118.9	454.896
119	454.955
119.1	455.015
119.2	455.074
119.3	455.133
119.4	455.193
119.5	455.252
119.6	455.311
119.7	455.371
119.8	455.43
119.9	455.489
120	455.548
120.1	455.607
120.2	455.666
120.3	455.725
120.4	455.784
120.5	455.843
120.6	455.902
120.7	455.961
120.8	456.02
120.9	456.079
121	456.137
121.1	456.196
121.2	456.255
121.3	456.313
121.4	456.372
121.5	456.431
121.6	456.489
121.7	456.548
121.8	456.606
121.9	456.664
122	456.723
122.1	456.781
122.2	456.839
122.3	456.898
122.4	456.956
122.5	457.014
122.6	457.072
122.7	457.13
122.8	457.189
122.9	457.247
123	457.305
123.1	457.363
123.2	457.421
123.3	457.478
123.4	457.536
123.5	457.594
123.6	457.652
123.7	457.71
123.8	457.767
123.9	457.825
124	457.883
124.1	457.94
124.2	457.998
124.3	458.056
124.4	458.113
124.5	458.171
124.6	458.228
124.7	458.285
124.8	458.343
124.9	458.4
125	458.458
125.1	458.515
125.2	458.572
125.3	458.629
125.4	458.686
125.5	458.744
125.6	458.801
125.7	458.858
125.8	458.915
125.9	458.972
126	459.029
126.1	459.086
126.2	459.142
126.3	459.199
126.4	459.256
126.5	459.313
126.6	459.37
126.7	459.426
126.8	459.483
126.9	459.54
127	459.596
127.1	459.653
127.2	459.709
127.3	459.766
127.4	459.822
127.5	459.879
127.6	459.935
127.7	459.992
127.8	460.048
127.9	460.104
128	460.161
128.1	460.217
128.2	460.273
128.3	460.329
128.4	460.385
128.5	460.441
128.6	460.498
128.7	460.554
128.8	460.61
128.9	460.666
129	460.722
129.1	460.777
129.2	460.833
129.3	460.889
129.4	460.945
129.5	461.001
129.6	461.056
129.7	461.112
129.8	461.168
129.9	461.223
130	461.279
130.1	461.335
130.2	461.39
130.3	461.446
130.4	461.501
130.5	461.557
130.6	461.612
130.7	461.667
130.8	461.723
130.9	461.778
131	461.833
131.1	461.889
131.2	461.944
131.3	461.999
131.4	462.054
131.5	462.109
131.6	462.164
131.7	462.219
131.8	462.274
131.9	462.329
132	462.384
132.1	462.439
132.2	462.494
132.3	462.549
132.4	462.604
132.5	462.659
132.6	462.713
132.7	462.768
132.8	462.823
132.9	462.878
133	462.932
133.1	462.987
133.2	463.041
133.3	463.096
133.4	463.15
133.5	463.205
133.6	463.259
133.7	463.314
133.8	463.368
133.9	463.423
134	463.477
134.1	463.531
134.2	463.585
134.3	463.64
134.4	463.694
134.5	463.748
134.6	463.802
134.7	463.856
134.8	463.91
134.9	463.964
135	464.018
135.1	464.072
135.2	464.126
135.3	464.18
135.4	464.234
135.5	464.288
135.6	464.342
135.7	464.396
135.8	464.449
135.9	464.503
136	464.557
136.1	464.611
136.2	464.664
136.3	464.718
136.4	464.771
136.5	464.825
136.6	464.879
136.7	464.932
136.8	464.986
136.9	465.039
137	465.092
137.1	465.146
137.2	465.199
137.3	465.252
137.4	465.306
137.5	465.359
137.6	465.412
137.7	465.465
137.8	465.519
137.9	465.572
138	465.625
138.1	465.678
138.2	465.731
138.3	465.784
138.4	465.837
138.5	465.89
138.6	465.943
138.7	465.996
138.8	466.049
138.9	466.101
139	466.154
139.1	466.207
139.2	466.26
139.3	466.312
139.4	466.365
139.5	466.418
139.6	466.47
139.7	466.523
139.8	466.576
139.9	466.628
140	466.681
140.1	466.733
140.2	466.786
140.3	466.838
140.4	466.89
140.5	466.943
140.6	466.995
140.7	467.048
140.8	467.1
140.9	467.152
141	467.204
141.1	467.257
141.2	467.309
141.3	467.361
141.4	467.413
141.5	467.465
141.6	467.517
141.7	467.569
141.8	467.621
141.9	467.673
142	467.725
142.1	467.777
142.2	467.829
142.3	467.881
142.4	467.933
142.5	467.984
142.6	468.036
142.7	468.088
142.8	468.14
142.9	468.191
143	468.243
143.1	468.295
143.2	468.346
143.3	468.398
143.4	468.449
143.5	468.501
143.6	468.552
143.7	468.604
143.8	468.655
143.9	468.707
144	468.758
144.1	468.809
144.2	468.861
144.3	468.912
144.4	468.963
144.5	469.015
144.6	469.066
144.7	469.117
144.8	469.168
144.9	469.219
145	469.27
145.1	469.322
145.2	469.373
145.3	469.424
145.4	469.475
145.5	469.526
145.6	469.577
145.7	469.627
145.8	469.678
145.9	469.729
146	469.78
146.1	469.831
146.2	469.882
146.3	469.932
146.4	469.983
146.5	470.034
146.6	470.085
146.7	470.135
146.8	470.186
146.9	470.236
147	470.287
147.1	470.338
147.2	470.388
147.3	470.439
147.4	470.489
147.5	470.539
147.6	470.59
147.7	470.64
147.8	470.691
147.9	470.741
148	470.791
148.1	470.842
148.2	470.892
148.3	470.942
148.4	470.992
148.5	471.042
148.6	471.093
148.7	471.143
148.8	471.193
148.9	471.243
149	471.293
149.1	471.343
149.2	471.393
149.3	471.443
149.4	471.493
149.5	471.543
149.6	471.593
149.7	471.642
149.8	471.692
149.9	471.742
150	471.792
150.1	471.842
150.2	471.891
150.3	471.941
150.4	471.991
150.5	472.04
150.6	472.09
150.7	472.14
150.8	472.189
150.9	472.239
151	472.288
151.1	472.338
151.2	472.387
151.3	472.437
151.4	472.486
151.5	472.536
151.6	472.585
151.7	472.634
151.8	472.684
151.9	472.733
152	472.782
152.1	472.831
152.2	472.881
152.3	472.93
152.4	472.979
152.5	473.028
152.6	473.077
152.7	473.126
152.8	473.175
152.9	473.224
153	473.274
153.1	473.323
153.2	473.371
153.3	473.42
153.4	473.469
153.5	473.518
153.6	473.567
153.7	473.616
153.8	473.665
153.9	473.714
154	473.762
154.1	473.811
154.2	473.86
154.3	473.909
154.4	473.957
154.5	474.006
154.6	474.055
154.7	474.103
154.8	474.152
154.9	474.2
155	474.249
155.1	474.297
155.2	474.346
155.3	474.394
155.4	474.443
155.5	474.491
155.6	474.539
155.7	474.588
155.8	474.636
155.9	474.684
156	474.733
156.1	474.781
156.2	474.829
156.3	474.877
156.4	474.926
156.5	474.974
156.6	475.022
156.7	475.07
156.8	475.118
156.9	475.166
157	475.214
157.1	475.262
157.2	475.31
157.3	475.358
157.4	475.406
157.5	475.454
157.6	475.502
157.7	475.55
157.8	475.598
157.9	475.646
158	475.693
158.1	475.741
158.2	475.789
158.3	475.837
158.4	475.884
158.5	475.932
158.6	475.98
158.7	476.028
158.8	476.075
158.9	476.123
159	476.17
159.1	476.218
159.2	476.265
159.3	476.313
159.4	476.36
159.5	476.408
159.6	476.455
159.7	476.503
159.8	476.55
159.9	476.597
160	476.645
160.1	476.692
160.2	476.739
160.3	476.787
160.4	476.834
160.5	476.881
160.6	476.928
160.7	476.976
160.8	477.023
160.9	477.07
161	477.117
161.1	477.164
161.2	477.211
161.3	477.258
161.4	477.305
161.5	477.352
161.6	477.399
161.7	477.446
161.8	477.493
161.9	477.54
162	477.587
162.1	477.634
162.2	477.681
162.3	477.727
162.4	477.774
162.5	477.821
162.6	477.868
162.7	477.914
162.8	477.961
162.9	478.008
163	478.054
163.1	478.101
163.2	478.148
163.3	478.194
163.4	478.241
163.5	478.287
163.6	478.334
163.7	478.38
163.8	478.427
163.9	478.473
164	478.52
164.1	478.566
164.2	478.613
164.3	478.659
164.4	478.705
164.5	478.752
164.6	478.798
164.7	478.844
164.8	478.891
164.9	478.937
165	478.983
165.1	479.029
165.2	479.075
165.3	479.122
165.4	479.168
165.5	479.214
165.6	479.26
165.7	479.306
165.8	479.352
165.9	479.398
166	479.444
166.1	479.49
166.2	479.536
166.3	479.582
166.4	479.628
166.5	479.674
166.6	479.72
166.7	479.765
166.8	479.811
166.9	479.857
167	479.903
167.1	479.949
167.2	479.994
167.3	480.04
167.4	480.086
167.5	480.131
167.6	480.177
167.7	480.223
167.8	480.268
167.9	480.314
168	480.36
168.1	480.405
168.2	480.451
168.3	480.496
168.4	480.542
168.5	480.587
168.6	480.633
168.7	480.678
168.8	480.723
168.9	480.769
169	480.814
169.1	480.859
169.2	480.905
169.3	480.95
169.4	480.995
169.5	481.041
169.6	481.086
169.7	481.131
169.8	481.176
169.9	481.221
170	481.267
170.1	481.312
170.2	481.357
170.3	481.402
170.4	481.447
170.5	481.492
170.6	481.537
170.7	481.582
170.8	481.627
170.9	481.672
171	481.717
171.1	481.762
171.2	481.807
171.3	481.852
171.4	481.896
171.5	481.941
171.6	481.986
171.7	482.031
171.8	482.076
171.9	482.12
172	482.165
172.1	482.21
172.2	482.255
172.3	482.299
172.4	482.344
172.5	482.389
172.6	482.433
172.7	482.478
172.8	482.522
172.9	482.567
173	482.612
173.1	482.656
173.2	482.701
173.3	482.745
173.4	482.789
173.5	482.834
173.6	482.878
173.7	482.923
173.8	482.967
173.9	483.011
174	483.056
174.1	483.1
174.2	483.144
174.3	483.189
174.4	483.233
174.5	483.277
174.6	483.321
174.7	483.366
174.8	483.41
174.9	483.454
175	483.498
175.1	483.542
175.2	483.586
175.3	483.63
175.4	483.674
175.5	483.718
175.6	483.762
175.7	483.806
175.8	483.85
175.9	483.894
176	483.938
176.1	483.982
176.2	484.026
176.3	484.07
176.4	484.114
176.5	484.158
176.6	484.202
176.7	484.245
176.8	484.289
176.9	484.333
177	484.377
177.1	484.42
177.2	484.464
177.3	484.508
177.4	484.551
177.5	484.595
177.6	484.639
177.7	484.682
177.8	484.726
177.9	484.769
178	484.813
178.1	484.857
178.2	484.9
178.3	484.944
178.4	484.987
178.5	485.031
178.6	485.074
178.7	485.117
178.8	485.161
178.9	485.204
179	485.248
179.1	485.291
179.2	485.334
179.3	485.377
179.4	485.421
179.5	485.464
179.6	485.507
179.7	485.55
179.8	485.594
179.9	485.637
180	485.68
180.1	485.723
180.2	485.766
180.3	485.809
180.4	485.853
180.5	485.896
180.6	485.939
180.7	485.982
180.8	486.025
180.9	486.068
181	486.111
181.1	486.154
181.2	486.197
181.3	486.24
181.4	486.282
181.5	486.325
181.6	486.368
181.7	486.411
181.8	486.454
181.9	486.497
182	486.54
182.1	486.582
182.2	486.625
182.3	486.668
182.4	486.711
182.5	486.753
182.6	486.796
182.7	486.839
182.8	486.881
182.9	486.924
183	486.967
183.1	487.009
183.2	487.052
183.3	487.094
183.4	487.137
183.5	487.179
183.6	487.222
183.7	487.264
183.8	487.307
183.9	487.349
184	487.392
184.1	487.434
184.2	487.476
184.3	487.519
184.4	487.561
184.5	487.604
184.6	487.646
184.7	487.688
184.8	487.73
184.9	487.773
185	487.815
185.1	487.857
185.2	487.899
185.3	487.942
185.4	487.984
185.5	488.026
185.6	488.068
185.7	488.11
185.8	488.152
185.9	488.194
186	488.237
186.1	488.279
186.2	488.321
186.3	488.363
186.4	488.405
186.5	488.447
186.6	488.489
186.7	488.531
186.8	488.572
186.9	488.614
187	488.656
187.1	488.698
187.2	488.74
187.3	488.782
187.4	488.824
187.5	488.865
187.6	488.907
187.7	488.949
187.8	488.991
187.9	489.033
188	489.074
188.1	489.116
188.2	489.158
188.3	489.199
188.4	489.241
188.5	489.283
188.6	489.324
188.7	489.366
188.8	489.407
188.9	489.449
189	489.49
189.1	489.532
189.2	489.574
189.3	489.615
189.4	489.656
189.5	489.698
189.6	489.739
189.7	489.781
189.8	489.822
189.9	489.864
190	489.905
190.1	489.946
190.2	489.988
190.3	490.029
190.4	490.07
190.5	490.112
190.6	490.153
190.7	490.194
190.8	490.235
190.9	490.277
191	490.318
191.1	490.359
191.2	490.4
191.3	490.441
191.4	490.482
191.5	490.524
191.6	490.565
191.7	490.606
191.8	490.647
191.9	490.688
192	490.729
192.1	490.77
192.2	490.811
192.3	490.852
192.4	490.893
192.5	490.934
192.6	490.975
192.7	491.016
192.8	491.057
192.9	491.097
193	491.138
193.1	491.179
193.2	491.22
193.3	491.261
193.4	491.302
193.5	491.342
193.6	491.383
193.7	491.424
193.8	491.465
193.9	491.505
194	491.546
194.1	491.587
194.2	491.627
194.3	491.668
194.4	491.709
194.5	491.749
194.6	491.79
194.7	491.83
194.8	491.871
194.9	491.912
195	491.952
195.1	491.993
195.2	492.033
195.3	492.074
195.4	492.114
195.5	492.154
195.6	492.195
195.7	492.235
195.8	492.276
195.9	492.316
196	492.357
196.1	492.397
196.2	492.437
196.3	492.478
196.4	492.518
196.5	492.558
196.6	492.598
196.7	492.639
196.8	492.679
196.9	492.719
197	492.759
197.1	492.8
197.2	492.84
197.3	492.88
197.4	492.92
197.5	492.96
197.6	493
197.7	493.04
197.8	493.08
197.9	493.12
198	493.161
198.1	493.201
198.2	493.241
198.3	493.281
198.4	493.321
198.5	493.361
198.6	493.4
198.7	493.44
198.8	493.48
198.9	493.52
199	493.56
199.1	493.6
199.2	493.64
199.3	493.68
199.4	493.72
199.5	493.759
199.6	493.799
199.7	493.839
199.8	493.879
199.9	493.918
200	493.958
200.1	493.998
200.2	494.038
200.3	494.077
200.4	494.117
200.5	494.157
200.6	494.196
200.7	494.236
200.8	494.275
200.9	494.315
201	494.355
201.1	494.394
201.2	494.434
201.3	494.473
201.4	494.513
201.5	494.552
201.6	494.592
201.7	494.631
201.8	494.671
201.9	494.71
202	494.75
202.1	494.789
202.2	494.828
202.3	494.868
202.4	494.907
202.5	494.946
202.6	494.986
202.7	495.025
202.8	495.064
202.9	495.104
203	495.143
203.1	495.182
203.2	495.221
203.3	495.261
203.4	495.3
203.5	495.339
203.6	495.378
203.7	495.417
203.8	495.456
203.9	495.496
204	495.535
204.1	495.574
204.2	495.613
204.3	495.652
204.4	495.691
204.5	495.73
204.6	495.769
204.7	495.808
204.8	495.847
204.9	495.886
205	495.925
205.1	495.964
205.2	496.003
205.3	496.042
205.4	496.081
205.5	496.12
205.6	496.158
205.7	496.197
205.8	496.236
205.9	496.275
206	496.314
206.1	496.353
206.2	496.391
206.3	496.43
206.4	496.469
206.5	496.508
206.6	496.546
206.7	496.585
206.8	496.624
206.9	496.662
207	496.701
207.1	496.74
207.2	496.778
207.3	496.817
207.4	496.856
207.5	496.894
207.6	496.933
207.7	496.971
207.8	497.01
207.9	497.048
208	497.087
208.1	497.125
208.2	497.164
208.3	497.202
208.4	497.241
208.5	497.279
208.6	497.318
208.7	497.356
208.8	497.395
208.9	497.433
209	497.471
209.1	497.51
209.2	497.548
209.3	497.586
209.4	497.625
209.5	497.663
209.6	497.701
209.7	497.74
209.8	497.778
209.9	497.816
210	497.854
210.1	497.892
210.2	497.931
210.3	497.969
210.4	498.007
210.5	498.045
210.6	498.083
210.7	498.121
210.8	498.16
210.9	498.198
211	498.236
211.1	498.274
211.2	498.312
211.3	498.35
211.4	498.388
211.5	498.426
211.6	498.464
211.7	498.502
211.8	498.54
211.9	498.578
212	498.616
212.1	498.654
212.2	498.692
212.3	498.73
212.4	498.767
212.5	498.805
212.6	498.843
212.7	498.881
212.8	498.919
212.9	498.957
213	498.994
213.1	499.032
213.2	499.07
213.3	499.108
213.4	499.146
213.5	499.183
213.6	499.221
213.7	499.259
213.8	499.296
213.9	499.334
214	499.372
214.1	499.409
214.2	499.447
214.3	499.485
214.4	499.522
214.5	499.56
214.6	499.597
214.7	499.635
214.8	499.672
214.9	499.71
215	499.748
215.1	499.785
215.2	499.823
215.3	499.86
215.4	499.897
215.5	499.935
215.6	499.972
215.7	500.01
215.8	500.047
215.9	500.085
216	500.122
216.1	500.159
216.2	500.197
216.3	500.234
216.4	500.271
216.5	500.309
216.6	500.346
216.7	500.383
216.8	500.421
216.9	500.458
217	500.495
217.1	500.532
217.2	500.57
217.3	500.607
217.4	500.644
217.5	500.681
217.6	500.718
217.7	500.755
217.8	500.793
217.9	500.83
218	500.867
218.1	500.904
218.2	500.941
218.3	500.978
218.4	501.015
218.5	501.052
218.6	501.089
218.7	501.126
218.8	501.163
218.9	501.2
219	501.237
219.1	501.274
219.2	501.311
219.3	501.348
219.4	501.385
219.5	501.422
219.6	501.459
219.7	501.496
219.8	501.532
219.9	501.569
220	501.606
220.1	501.643
220.2	501.68
220.3	501.717
220.4	501.753
220.5	501.79
220.6	501.827
220.7	501.864
220.8	501.9
220.9	501.937
221	501.974
221.1	502.011
221.2	502.047
221.3	502.084
221.4	502.121
221.5	502.157
221.6	502.194
221.7	502.231
221.8	502.267
221.9	502.304
222	502.34
222.1	502.377
222.2	502.413
222.3	502.45
222.4	502.486
222.5	502.523
222.6	502.559
222.7	502.596
222.8	502.632
222.9	502.669
223	502.705
223.1	502.742
223.2	502.778
223.3	502.815
223.4	502.851
223.5	502.887
223.6	502.924
223.7	502.96
223.8	502.996
223.9	503.033
224	503.069
224.1	503.105
224.2	503.142
224.3	503.178
224.4	503.214
224.5	503.251
224.6	503.287
224.7	503.323
224.8	503.359
224.9	503.395
225	503.432
225.1	503.468
225.2	503.504
225.3	503.54
225.4	503.576
225.5	503.612
225.6	503.649
225.7	503.685
225.8	503.721
225.9	503.757
226	503.793
226.1	503.829
226.2	503.865
226.3	503.901
226.4	503.937
226.5	503.973
226.6	504.009
226.7	504.045
226.8	504.081
226.9	504.117
227	504.153
227.1	504.189
227.2	504.225
227.3	504.261
227.4	504.296
227.5	504.332
227.6	504.368
227.7	504.404
227.8	504.44
227.9	504.476
228	504.512
228.1	504.547
228.2	504.583
228.3	504.619
228.4	504.655
228.5	504.69
228.6	504.726
228.7	504.762
228.8	504.798
228.9	504.833
229	504.869
229.1	504.905
229.2	504.94
229.3	504.976
229.4	505.012
229.5	505.047
229.6	505.083
229.7	505.118
229.8	505.154
229.9	505.19
230	505.225
230.1	505.261
230.2	505.296
230.3	505.332
230.4	505.367
230.5	505.403
230.6	505.438
230.7	505.474
230.8	505.509
230.9	505.545
231	505.58
231.1	505.616
231.2	505.651
231.3	505.686
231.4	505.722
231.5	505.757
231.6	505.793
231.7	505.828
231.8	505.863
231.9	505.899
232	505.934
232.1	505.969
232.2	506.005
232.3	506.04
232.4	506.075
232.5	506.11
232.6	506.146
232.7	506.181
232.8	506.216
232.9	506.251
233	506.286
233.1	506.322
233.2	506.357
233.3	506.392
233.4	506.427
233.5	506.462
233.6	506.497
233.7	506.533
233.8	506.568
233.9	506.603
234	506.638
234.1	506.673
234.2	506.708
234.3	506.743
234.4	506.778
234.5	506.813
234.6	506.848
234.7	506.883
234.8	506.918
234.9	506.953
235	506.988
235.1	507.023
235.2	507.058
235.3	507.093
235.4	507.128
235.5	507.163
235.6	507.197
235.7	507.232
235.8	507.267
235.9	507.302
236	507.337
236.1	507.372
236.2	507.407
236.3	507.441
236.4	507.476
236.5	507.511
236.6	507.546
236.7	507.581
236.8	507.615
236.9	507.65
237	507.685
237.1	507.719
237.2	507.754
237.3	507.789
237.4	507.824
237.5	507.858
237.6	507.893
237.7	507.927
237.8	507.962
237.9	507.997
238	508.031
238.1	508.066
238.2	508.101
238.3	508.135
238.4	508.17
238.5	508.204
238.6	508.239
238.7	508.273
238.8	508.308
238.9	508.342
239	508.377
239.1	508.411
239.2	508.446
239.3	508.48
239.4	508.515
239.5	508.549
239.6	508.584
239.7	508.618
239.8	508.652
239.9	508.687
240	508.721
240.1	508.756
240.2	508.79
240.3	508.824
240.4	508.859
240.5	508.893
240.6	508.927
240.7	508.962
240.8	508.996
240.9	509.03
241	509.064
241.1	509.099
241.2	509.133
241.3	509.167
241.4	509.201
241.5	509.236
241.6	509.27
241.7	509.304
241.8	509.338
241.9	509.372
242	509.406
242.1	509.441
242.2	509.475
242.3	509.509
242.4	509.543
242.5	509.577
242.6	509.611
242.7	509.645
242.8	509.679
242.9	509.713
243	509.747
243.1	509.781
243.2	509.815
243.3	509.849
243.4	509.883
243.5	509.917
243.6	509.951
243.7	509.985
243.8	510.019
243.9	510.053
244	510.087
244.1	510.121
244.2	510.155
244.3	510.189
244.4	510.223
244.5	510.257
244.6	510.29
244.7	510.324
244.8	510.358
244.9	510.392
245	510.426
245.1	510.46
245.2	510.493
245.3	510.527
245.4	510.561
245.5	510.595
245.6	510.629
245.7	510.662
245.8	510.696
245.9	510.73
246	510.763
246.1	510.797
246.2	510.831
246.3	510.865
246.4	510.898
246.5	510.932
246.6	510.965
246.7	510.999
246.8	511.033
246.9	511.066
247	511.1
247.1	511.134
247.2	511.167
247.3	511.201
247.4	511.234
247.5	511.268
247.6	511.301
247.7	511.335
247.8	511.368
247.9	511.402
248	511.435
248.1	511.469
248.2	511.502
248.3	511.536
248.4	511.569
248.5	511.603
248.6	511.636
248.7	511.67
248.8	511.703
248.9	511.736
249	511.77
249.1	511.803
249.2	511.837
249.3	511.87
249.4	511.903
249.5	511.937
249.6	511.97
249.7	512.003
249.8	512.036
249.9	512.07
250	512.103
250.1	512.136
250.2	512.17
250.3	512.203
250.4	512.236
250.5	512.269
250.6	512.303
250.7	512.336
250.8	512.369
250.9	512.402
251	512.435
251.1	512.468
251.2	512.502
251.3	512.535
251.4	512.568
251.5	512.601
251.6	512.634
251.7	512.667
251.8	512.7
251.9	512.733
252	512.766
252.1	512.8
252.2	512.833
252.3	512.866
252.4	512.899
252.5	512.932
252.6	512.965
252.7	512.998
252.8	513.031
252.9	513.064
253	513.097
253.1	513.13
253.2	513.162
253.3	513.195
253.4	513.228
253.5	513.261
253.6	513.294
253.7	513.327
253.8	513.36
253.9	513.393
254	513.426
254.1	513.459
254.2	513.491
254.3	513.524
254.4	513.557
254.5	513.59
254.6	513.623
254.7	513.655
254.8	513.688
254.9	513.721
255	513.754
255.1	513.786
255.2	513.819
255.3	513.852
255.4	513.885
255.5	513.917
255.6	513.95
255.7	513.983
255.8	514.015
255.9	514.048
256	514.081
256.1	514.113
256.2	514.146
256.3	514.179
256.4	514.211
256.5	514.244
256.6	514.276
256.7	514.309
256.8	514.342
256.9	514.374
257	514.407
257.1	514.439
257.2	514.472
257.3	514.504
257.4	514.537
257.5	514.569
257.6	514.602
257.7	514.634
257.8	514.667
257.9	514.699
258	514.732
258.1	514.764
258.2	514.797
258.3	514.829
258.4	514.861
258.5	514.894
258.6	514.926
258.7	514.959
258.8	514.991
258.9	515.023
259	515.056
259.1	515.088
259.2	515.12
259.3	515.153
259.4	515.185
259.5	515.217
259.6	515.25
259.7	515.282
259.8	515.314
259.9	515.346
260	515.379
260.1	515.411
260.2	515.443
260.3	515.475
260.4	515.508
260.5	515.54
260.6	515.572
260.7	515.604
260.8	515.636
260.9	515.669
261	515.701
261.1	515.733
261.2	515.765
261.3	515.797
261.4	515.829
261.5	515.861
261.6	515.893
261.7	515.926
261.8	515.958
261.9	515.99
262	516.022
262.1	516.054
262.2	516.086
262.3	516.118
262.4	516.15
262.5	516.182
262.6	516.214
262.7	516.246
262.8	516.278
262.9	516.31
263	516.342
263.1	516.374
263.2	516.406
263.3	516.438
263.4	516.47
263.5	516.501
263.6	516.533
263.7	516.565
263.8	516.597
263.9	516.629
264	516.661
264.1	516.693
264.2	516.725
264.3	516.756
264.4	516.788
264.5	516.82
264.6	516.852
264.7	516.884
264.8	516.915
264.9	516.947
265	516.979
265.1	517.011
265.2	517.043
265.3	517.074
265.4	517.106
265.5	517.138
265.6	517.169
265.7	517.201
265.8	517.233
265.9	517.265
266	517.296
266.1	517.328
266.2	517.36
266.3	517.391
266.4	517.423
266.5	517.454
266.6	517.486
266.7	517.518
266.8	517.549
266.9	517.581
267	517.612
267.1	517.644
267.2	517.676
267.3	517.707
267.4	517.739
267.5	517.77
267.6	517.802
267.7	517.833
267.8	517.865
267.9	517.896
268	517.928
268.1	517.959
268.2	517.991
268.3	518.022
268.4	518.053
268.5	518.085
268.6	518.116
268.7	518.148
268.8	518.179
268.9	518.211
269	518.242
269.1	518.273
269.2	518.305
269.3	518.336
269.4	518.367
269.5	518.399
269.6	518.43
269.7	518.461
269.8	518.493
269.9	518.524
270	518.555
270.1	518.587
270.2	518.618
270.3	518.649
270.4	518.68
270.5	518.712
270.6	518.743
270.7	518.774
270.8	518.805
270.9	518.837
271	518.868
271.1	518.899
271.2	518.93
271.3	518.961
271.4	518.993
271.5	519.024
271.6	519.055
271.7	519.086
271.8	519.117
271.9	519.148
272	519.179
272.1	519.21
272.2	519.242
272.3	519.273
272.4	519.304
272.5	519.335
272.6	519.366
272.7	519.397
272.8	519.428
272.9	519.459
273	519.49
273.1	519.521
273.2	519.552
273.3	519.583
273.4	519.614
273.5	519.645
273.6	519.676
273.7	519.707
273.8	519.738
273.9	519.769
274	519.8
274.1	519.831
274.2	519.862
274.3	519.892
274.4	519.923
274.5	519.954
274.6	519.985
274.7	520.016
274.8	520.047
274.9	520.078
275	520.109
275.1	520.139
275.2	520.17
275.3	520.201
275.4	520.232
275.5	520.263
275.6	520.293
275.7	520.324
275.8	520.355
275.9	520.386
276	520.416
276.1	520.447
276.2	520.478
276.3	520.509
276.4	520.539
276.5	520.57
276.6	520.601
276.7	520.631
276.8	520.662
276.9	520.693
277	520.723
277.1	520.754
277.2	520.785
277.3	520.815
277.4	520.846
277.5	520.877
277.6	520.907
277.7	520.938
277.8	520.968
277.9	520.999
278	521.03
278.1	521.06
278.2	521.091
278.3	521.121
278.4	521.152
278.5	521.182
278.6	521.213
278.7	521.243
278.8	521.274
278.9	521.304
279	521.335
279.1	521.365
279.2	521.396
279.3	521.426
279.4	521.457
279.5	521.487
279.6	521.518
279.7	521.548
279.8	521.578
279.9	521.609
280	521.639
280.1	521.67
280.2	521.7
280.3	521.73
280.4	521.761
280.5	521.791
280.6	521.822
280.7	521.852
280.8	521.882
280.9	521.912
281	521.943
281.1	521.973
281.2	522.003
281.3	522.034
281.4	522.064
281.5	522.094
281.6	522.125
281.7	522.155
281.8	522.185
281.9	522.215
282	522.245
282.1	522.276
282.2	522.306
282.3	522.336
282.4	522.366
282.5	522.396
282.6	522.427
282.7	522.457
282.8	522.487
282.9	522.517
283	522.547
283.1	522.577
283.2	522.608
283.3	522.638
283.4	522.668
283.5	522.698
283.6	522.728
283.7	522.758
283.8	522.788
283.9	522.818
284	522.848
284.1	522.878
284.2	522.908
284.3	522.938
284.4	522.968
284.5	522.998
284.6	523.028
284.7	523.058
284.8	523.088
284.9	523.118
285	523.148
285.1	523.178
285.2	523.208
285.3	523.238
285.4	523.268
285.5	523.298
285.6	523.328
285.7	523.358
285.8	523.388
285.9	523.418
286	523.448
286.1	523.477
286.2	523.507
286.3	523.537
286.4	523.567
286.5	523.597
286.6	523.627
286.7	523.657
286.8	523.686
286.9	523.716
287	523.746
287.1	523.776
287.2	523.806
287.3	523.835
287.4	523.865
287.5	523.895
287.6	523.925
287.7	523.954
287.8	523.984
287.9	524.014
288	524.044
288.1	524.073
288.2	524.103
288.3	524.133
288.4	524.162
288.5	524.192
288.6	524.222
288.7	524.251
288.8	524.281
288.9	524.311
289	524.34
289.1	524.37
289.2	524.4
289.3	524.429
289.4	524.459
289.5	524.488
289.6	524.518
289.7	524.548
289.8	524.577
289.9	524.607
290	524.636
290.1	524.666
290.2	524.695
290.3	524.725
290.4	524.754
290.5	524.784
290.6	524.813
290.7	524.843
290.8	524.872
290.9	524.902
291	524.931
291.1	524.961
291.2	524.99
291.3	525.02
291.4	525.049
291.5	525.079
291.6	525.108
291.7	525.138
291.8	525.167
291.9	525.196
292	525.226
292.1	525.255
292.2	525.284
292.3	525.314
292.4	525.343
292.5	525.373
292.6	525.402
292.7	525.431
292.8	525.461
292.9	525.49
293	525.519
293.1	525.549
293.2	525.578
293.3	525.607
293.4	525.636
293.5	525.666
293.6	525.695
293.7	525.724
293.8	525.753
293.9	525.783
294	525.812
294.1	525.841
294.2	525.87
294.3	525.9
294.4	525.929
294.5	525.958
294.6	525.987
294.7	526.016
294.8	526.046
294.9	526.075
295	526.104
295.1	526.133
295.2	526.162
295.3	526.191
295.4	526.22
295.5	526.249
295.6	526.279
295.7	526.308
295.8	526.337
295.9	526.366
296	526.395
296.1	526.424
296.2	526.453
296.3	526.482
296.4	526.511
296.5	526.54
296.6	526.569
296.7	526.598
296.8	526.627
296.9	526.656
297	526.685
297.1	526.714
297.2	526.743
297.3	526.772
297.4	526.801
297.5	526.83
297.6	526.859
297.7	526.888
297.8	526.917
297.9	526.946
298	526.975
298.1	527.004
298.2	527.033
298.3	527.062
298.4	527.09
298.5	527.119
298.6	527.148
298.7	527.177
298.8	527.206
298.9	527.235
299	527.264
299.1	527.292
299.2	527.321
299.3	527.35
299.4	527.379
299.5	527.408
299.6	527.436
299.7	527.465
299.8	527.494
299.9	527.523
300	527.552
