W	Pred
1.5	148.895
1.6	145.999
1.7	143.436
1.8	141.153
1.9	139.108
2	137.266
2.1	135.601
2.2	134.089
2.3	132.712
2.4	131.452
2.5	130.298
2.6	129.236
2.7	128.257
2.8	127.353
2.9	126.516
3	125.74
3.1	125.018
3.2	124.347
3.3	123.721
3.4	123.136
3.5	122.59
3.6	122.079
3.7	121.6
3.8	121.15
3.9	120.728
4	120.332
4.1	119.959
4.2	119.608
4.3	119.278
4.4	118.966
4.5	118.672
4.6	118.395
4.7	118.134
4.8	117.887
4.9	117.653
5	117.433
5.1	117.224
5.2	117.027
5.3	116.841
5.4	116.665
5.5	116.498
5.6	116.34
5.7	116.191
5.8	116.05
5.9	115.917
6	115.79
6.1	115.671
6.2	115.558
6.3	115.452
6.4	115.351
6.5	115.256
6.6	115.167
6.7	115.082
6.8	115.003
6.9	114.928
7	114.857
7.1	114.791
7.2	114.729
7.3	114.67
7.4	114.616
7.5	114.564
7.6	114.517
7.7	114.472
7.8	114.431
7.9	114.392
8	114.357
8.1	114.324
8.2	114.294
8.3	114.266
8.4	114.241
8.5	114.218
8.6	114.197
8.7	114.178
8.8	114.162
8.9	114.147
9	114.135
9.1	114.124
9.2	114.115
9.3	114.108
9.4	114.102
9.5	114.098
9.6	114.096
9.7	114.095
9.8	114.095
9.9	114.097
10	114.1
10.1	114.104
10.2	114.11
10.3	114.117
10.4	114.125
10.5	114.134
10.6	114.144
10.7	114.155
10.8	114.167
10.9	114.18
11	114.194
11.1	114.209
11.2	114.225
11.3	114.242
11.4	114.259
11.5	114.278
11.6	114.297
11.7	114.317
11.8	114.337
11.9	114.358
12	114.38
12.1	114.403
12.2	114.426
12.3	114.449
12.4	114.474
12.5	114.499
12.6	114.524
12.7	114.55
12.8	114.577
12.9	114.604
13	114.631
13.1	114.659
13.2	114.687
13.3	114.716
13.4	114.746
13.5	114.775
13.6	114.805
13.7	114.836
13.8	114.867
13.9	114.898
14	114.929
14.1	114.961
14.2	114.994
14.3	115.026
14.4	115.059
14.5	115.092
14.6	115.126
14.7	115.159
14.8	115.193
14.9	115.228
15	115.262
15.1	115.297
15.2	115.332
15.3	115.367
15.4	115.403
15.5	115.439
15.6	115.475
15.7	115.511
15.8	115.547
15.9	115.584
16	115.62
16.1	115.657
16.2	115.694
16.3	115.731
16.4	115.769
16.5	115.806
16.6	115.844
16.7	115.882
16.8	115.92
16.9	115.958
17	115.996
17.1	116.035
17.2	116.073
17.3	116.112
17.4	116.151
17.5	116.19
17.6	116.229
17.7	116.268
17.8	116.307
17.9	116.346
18	116.386
18.1	116.425
18.2	116.465
18.3	116.504
18.4	116.544
18.5	116.584
18.6	116.624
18.7	116.664
18.8	116.704
18.9	116.744
19	116.784
19.1	116.824
19.2	116.864
19.3	116.905
19.4	116.945
19.5	116.985
19.6	117.026
19.7	117.066
19.8	117.107
19.9	117.148
20	117.188
20.1	117.229
20.2	117.27
20.3	117.31
20.4	117.351
20.5	117.392
20.6	117.433
20.7	117.474
20.8	117.514
20.9	117.555
21	117.596
21.1	117.637
21.2	117.678
21.3	117.719
21.4	117.76
21.5	117.801
21.6	117.842
21.7	117.883
21.8	117.924
21.9	117.965
22	118.006
22.1	118.047
22.2	118.088
22.3	118.129
22.4	118.17
22.5	118.211
22.6	118.252
22.7	118.294
22.8	118.335
22.9	118.376
23	118.417
23.1	118.458
23.2	118.499
23.3	118.54
23.4	118.581
23.5	118.622
23.6	118.663
23.7	118.704
23.8	118.745
23.9	118.786
24	118.827
24.1	118.868
24.2	118.908
24.3	118.949
24.4	118.99
24.5	119.031
24.6	119.072
24.7	119.113
24.8	119.154
24.9	119.194
25	119.235
25.1	119.276
25.2	119.317
25.3	119.357
25.4	119.398
25.5	119.439
25.6	119.479
25.7	119.52
25.8	119.56
25.9	119.601
26	119.641
26.1	119.682
26.2	119.722
26.3	119.763
26.4	119.803
26.5	119.844
26.6	119.884
26.7	119.924
26.8	119.965
26.9	120.005
27	120.045
27.1	120.085
27.2	120.126
27.3	120.166
27.4	120.206
27.5	120.246
27.6	120.286
27.7	120.326
27.8	120.366
27.9	120.406
28	120.446
28.1	120.486
28.2	120.526
28.3	120.566
28.4	120.605
28.5	120.645
28.6	120.685
28.7	120.725
28.8	120.764
28.9	120.804
29	120.843
29.1	120.883
29.2	120.923
29.3	120.962
29.4	121.001
29.5	121.041
29.6	121.08
29.7	121.12
29.8	121.159
29.9	121.198
30	121.237
30.1	121.277
30.2	121.316
30.3	121.355
30.4	121.394
30.5	121.433
30.6	121.472
30.7	121.511
30.8	121.55
30.9	121.589
31	121.627
31.1	121.666
31.2	121.705
31.3	121.744
31.4	121.782
31.5	121.821
31.6	121.86
31.7	121.898
31.8	121.937
31.9	121.975
32	122.014
32.1	122.052
32.2	122.09
32.3	122.129
32.4	122.167
32.5	122.205
32.6	122.244
32.7	122.282
32.8	122.32
32.9	122.358
33	122.396
33.1	122.434
33.2	122.472
33.3	122.51
33.4	122.548
33.5	122.586
33.6	122.623
33.7	122.661
33.8	122.699
33.9	122.737
34	122.774
34.1	122.812
34.2	122.849
34.3	122.887
34.4	122.924
34.5	122.962
34.6	122.999
34.7	123.037
34.8	123.074
34.9	123.111
35	123.148
35.1	123.186
35.2	123.223
35.3	123.26
35.4	123.297
35.5	123.334
35.6	123.371
35.7	123.408
35.8	123.445
35.9	123.482
36	123.519
36.1	123.555
36.2	123.592
36.3	123.629
36.4	123.666
36.5	123.702
36.6	123.739
36.7	123.775
36.8	123.812
36.9	123.848
37	123.885
37.1	123.921
37.2	123.957
37.3	123.994
37.4	124.03
37.5	124.066
37.6	124.102
37.7	124.139
37.8	124.175
37.9	124.211
38	124.247
38.1	124.283
38.2	124.319
38.3	124.355
38.4	124.391
38.5	124.426
38.6	124.462
38.7	124.498
38.8	124.534
38.9	124.569
39	124.605
39.1	124.64
39.2	124.676
39.3	124.712
39.4	124.747
39.5	124.782
39.6	124.818
39.7	124.853
39.8	124.888
39.9	124.924
40	124.959
40.1	124.994
40.2	125.029
40.3	125.064
40.4	125.099
40.5	125.135
40.6	125.17
40.7	125.204
40.8	125.239
40.9	125.274
41	125.309
41.1	125.344
41.2	125.379
41.3	125.413
41.4	125.448
41.5	125.483
41.6	125.517
41.7	125.552
41.8	125.586
41.9	125.621
42	125.655
42.1	125.69
42.2	125.724
42.3	125.759
42.4	125.793
42.5	125.827
42.6	125.861
42.7	125.896
42.8	125.93
42.9	125.964
43	125.998
43.1	126.032
43.2	126.066
43.3	126.1
43.4	126.134
43.5	126.168
43.6	126.202
43.7	126.235
43.8	126.269
43.9	126.303
44	126.337
44.1	126.37
44.2	126.404
44.3	126.437
44.4	126.471
44.5	126.505
44.6	126.538
44.7	126.571
44.8	126.605
44.9	126.638
45	126.672
45.1	126.705
45.2	126.738
45.3	126.771
45.4	126.805
45.5	126.838
45.6	126.871
45.7	126.904
45.8	126.937
45.9	126.97
46	127.003
46.1	127.036
46.2	127.069
46.3	127.102
46.4	127.134
46.5	127.167
46.6	127.2
46.7	127.233
46.8	127.265
46.9	127.298
47	127.331
47.1	127.363
47.2	127.396
47.3	127.428
47.4	127.461
47.5	127.493
47.6	127.526
47.7	127.558
47.8	127.59
47.9	127.623
48	127.655
48.1	127.687
48.2	127.719
48.3	127.752
48.4	127.784
48.5	127.816
48.6	127.848
48.7	127.88
48.8	127.912
48.9	127.944
49	127.976
49.1	128.008
49.2	128.04
49.3	128.071
49.4	128.103
49.5	128.135
49.6	128.167
49.7	128.198
49.8	128.23
49.9	128.262
50	128.293
50.1	128.325
50.2	128.356
50.3	128.388
50.4	128.419
50.5	128.451
50.6	128.482
50.7	128.513
50.8	128.545
50.9	128.576
51	128.607
51.1	128.639
51.2	128.67
51.3	128.701
51.4	128.732
51.5	128.763
51.6	128.794
51.7	128.825
51.8	128.856
51.9	128.887
52	128.918
52.1	128.949
52.2	128.98
52.3	129.011
52.4	129.042
52.5	129.072
52.6	129.103
52.7	129.134
52.8	129.165
52.9	129.195
53	129.226
53.1	129.256
53.2	129.287
53.3	129.318
53.4	129.348
53.5	129.379
53.6	129.409
53.7	129.439
53.8	129.47
53.9	129.5
54	129.53
54.1	129.561
54.2	129.591
54.3	129.621
54.4	129.651
54.5	129.681
54.6	129.712
54.7	129.742
54.8	129.772
54.9	129.802
55	129.832
55.1	129.862
55.2	129.892
55.3	129.922
55.4	129.952
55.5	129.981
55.6	130.011
55.7	130.041
55.8	130.071
55.9	130.101
56	130.13
56.1	130.16
56.2	130.19
56.3	130.219
56.4	130.249
56.5	130.278
56.6	130.308
56.7	130.337
56.8	130.367
56.9	130.396
57	130.426
57.1	130.455
57.2	130.484
57.3	130.514
57.4	130.543
57.5	130.572
57.6	130.602
57.7	130.631
57.8	130.66
57.9	130.689
58	130.718
58.1	130.747
58.2	130.776
58.3	130.806
58.4	130.835
58.5	130.864
58.6	130.892
58.7	130.921
58.8	130.95
58.9	130.979
59	131.008
59.1	131.037
59.2	131.066
59.3	131.094
59.4	131.123
59.5	131.152
59.6	131.181
59.7	131.209
59.8	131.238
59.9	131.266
60	131.295
60.1	131.324
60.2	131.352
60.3	131.381
60.4	131.409
60.5	131.437
60.6	131.466
60.7	131.494
60.8	131.523
60.9	131.551
61	131.579
61.1	131.607
61.2	131.636
61.3	131.664
61.4	131.692
61.5	131.72
61.6	131.748
61.7	131.777
61.8	131.805
61.9	131.833
62	131.861
62.1	131.889
62.2	131.917
62.3	131.945
62.4	131.973
62.5	132
62.6	132.028
62.7	132.056
62.8	132.084
62.9	132.112
63	132.14
63.1	132.167
63.2	132.195
63.3	132.223
63.4	132.25
63.5	132.278
63.6	132.306
63.7	132.333
63.8	132.361
63.9	132.388
64	132.416
64.1	132.443
64.2	132.471
64.3	132.498
64.4	132.526
64.5	132.553
64.6	132.581
64.7	132.608
64.8	132.635
64.9	132.662
65	132.69
65.1	132.717
65.2	132.744
65.3	132.771
65.4	132.799
65.5	132.826
65.6	132.853
65.7	132.88
65.8	132.907
65.9	132.934
66	132.961
66.1	132.988
66.2	133.015
66.3	133.042
66.4	133.069
66.5	133.096
66.6	133.123
66.7	133.15
66.8	133.176
66.9	133.203
67	133.23
67.1	133.257
67.2	133.283
67.3	133.31
67.4	133.337
67.5	133.363
67.6	133.39
67.7	133.417
67.8	133.443
67.9	133.47
68	133.496
68.1	133.523
68.2	133.549
68.3	133.576
68.4	133.602
68.5	133.629
68.6	133.655
68.7	133.682
68.8	133.708
68.9	133.734
69	133.761
69.1	133.787
69.2	133.813
69.3	133.839
69.4	133.866
69.5	133.892
69.6	133.918
69.7	133.944
69.8	133.97
69.9	133.996
70	134.022
70.1	134.048
70.2	134.074
70.3	134.1
70.4	134.126
70.5	134.152
70.6	134.178
70.7	134.204
70.8	134.23
70.9	134.256
71	134.282
71.1	134.308
71.2	134.334
71.3	134.359
71.4	134.385
71.5	134.411
71.6	134.437
71.7	134.462
71.8	134.488
71.9	134.514
72	134.539
72.1	134.565
72.2	134.591
72.3	134.616
72.4	134.642
72.5	134.667
72.6	134.693
72.7	134.718
72.8	134.744
72.9	134.769
73	134.795
73.1	134.82
73.2	134.845
73.3	134.871
73.4	134.896
73.5	134.921
73.6	134.947
73.7	134.972
73.8	134.997
73.9	135.022
74	135.048
74.1	135.073
74.2	135.098
74.3	135.123
74.4	135.148
74.5	135.173
74.6	135.198
74.7	135.223
74.8	135.248
74.9	135.274
75	135.299
75.1	135.323
75.2	135.348
75.3	135.373
75.4	135.398
75.5	135.423
75.6	135.448
75.7	135.473
75.8	135.498
75.9	135.523
76	135.547
76.1	135.572
76.2	135.597
76.3	135.622
76.4	135.646
76.5	135.671
76.6	135.696
76.7	135.72
76.8	135.745
76.9	135.77
77	135.794
77.1	135.819
77.2	135.843
77.3	135.868
77.4	135.892
77.5	135.917
77.6	135.941
77.7	135.966
77.8	135.99
77.9	136.015
78	136.039
78.1	136.064
78.2	136.088
78.3	136.112
78.4	136.137
78.5	136.161
78.6	136.185
78.7	136.209
78.8	136.234
78.9	136.258
79	136.282
79.1	136.306
79.2	136.33
79.3	136.355
79.4	136.379
79.5	136.403
79.6	136.427
79.7	136.451
79.8	136.475
79.9	136.499
80	136.523
80.1	136.547
80.2	136.571
80.3	136.595
80.4	136.619
80.5	136.643
80.6	136.667
80.7	136.691
80.8	136.714
80.9	136.738
81	136.762
81.1	136.786
81.2	136.81
81.3	136.834
81.4	136.857
81.5	136.881
81.6	136.905
81.7	136.928
81.8	136.952
81.9	136.976
82	136.999
82.1	137.023
82.2	137.047
82.3	137.07
82.4	137.094
82.5	137.117
82.6	137.141
82.7	137.164
82.8	137.188
82.9	137.211
83	137.235
83.1	137.258
83.2	137.282
83.3	137.305
83.4	137.328
83.5	137.352
83.6	137.375
83.7	137.399
83.8	137.422
83.9	137.445
84	137.468
84.1	137.492
84.2	137.515
84.3	137.538
84.4	137.561
84.5	137.585
84.6	137.608
84.7	137.631
84.8	137.654
84.9	137.677
85	137.7
85.1	137.723
85.2	137.746
85.3	137.77
85.4	137.793
85.5	137.816
85.6	137.839
85.7	137.862
85.8	137.885
85.9	137.908
86	137.93
86.1	137.953
86.2	137.976
86.3	137.999
86.4	138.022
86.5	138.045
86.6	138.068
86.7	138.091
86.8	138.113
86.9	138.136
87	138.159
87.1	138.182
87.2	138.204
87.3	138.227
87.4	138.25
87.5	138.272
87.6	138.295
87.7	138.318
87.8	138.34
87.9	138.363
88	138.386
88.1	138.408
88.2	138.431
88.3	138.453
88.4	138.476
88.5	138.498
88.6	138.521
88.7	138.543
88.8	138.566
88.9	138.588
89	138.611
89.1	138.633
89.2	138.656
89.3	138.678
89.4	138.7
89.5	138.723
89.6	138.745
89.7	138.767
89.8	138.79
89.9	138.812
90	138.834
90.1	138.856
90.2	138.879
90.3	138.901
90.4	138.923
90.5	138.945
90.6	138.968
90.7	138.99
90.8	139.012
90.9	139.034
91	139.056
91.1	139.078
91.2	139.1
91.3	139.122
91.4	139.144
91.5	139.166
91.6	139.188
91.7	139.21
91.8	139.232
91.9	139.254
92	139.276
92.1	139.298
92.2	139.32
92.3	139.342
92.4	139.364
92.5	139.386
92.6	139.408
92.7	139.43
92.8	139.451
92.9	139.473
93	139.495
93.1	139.517
93.2	139.539
93.3	139.56
93.4	139.582
93.5	139.604
93.6	139.626
93.7	139.647
93.8	139.669
93.9	139.691
94	139.712
94.1	139.734
94.2	139.756
94.3	139.777
94.4	139.799
94.5	139.82
94.6	139.842
94.7	139.863
94.8	139.885
94.9	139.907
95	139.928
95.1	139.95
95.2	139.971
95.3	139.992
95.4	140.014
95.5	140.035
95.6	140.057
95.7	140.078
95.8	140.1
95.9	140.121
96	140.142
96.1	140.164
96.2	140.185
96.3	140.206
96.4	140.228
96.5	140.249
96.6	140.27
96.7	140.291
96.8	140.313
96.9	140.334
97	140.355
97.1	140.376
97.2	140.397
97.3	140.419
97.4	140.44
97.5	140.461
97.6	140.482
97.7	140.503
97.8	140.524
97.9	140.545
98	140.566
98.1	140.587
98.2	140.609
98.3	140.63
98.4	140.651
98.5	140.672
98.6	140.693
98.7	140.714
98.8	140.734
98.9	140.755
99	140.776
99.1	140.797
99.2	140.818
99.3	140.839
99.4	140.86
99.5	140.881
99.6	140.902
99.7	140.922
99.8	140.943
99.9	140.964
100	140.985
100.1	141.006
100.2	141.026
100.3	141.047
100.4	141.068
100.5	141.089
100.6	141.109
100.7	141.13
100.8	141.151
100.9	141.171
101	141.192
101.1	141.213
101.2	141.233
101.3	141.254
101.4	141.275
101.5	141.295
101.6	141.316
101.7	141.336
101.8	141.357
101.9	141.377
102	141.398
102.1	141.418
102.2	141.439
102.3	141.459
102.4	141.48
102.5	141.5
102.6	141.521
102.7	141.541
102.8	141.562
102.9	141.582
103	141.602
103.1	141.623
103.2	141.643
103.3	141.663
103.4	141.684
103.5	141.704
103.6	141.724
103.7	141.745
103.8	141.765
103.9	141.785
104	141.806
104.1	141.826
104.2	141.846
104.3	141.866
104.4	141.886
104.5	141.907
104.6	141.927
104.7	141.947
104.8	141.967
104.9	141.987
105	142.007
105.1	142.028
105.2	142.048
105.3	142.068
105.4	142.088
105.5	142.108
105.6	142.128
105.7	142.148
105.8	142.168
105.9	142.188
106	142.208
106.1	142.228
106.2	142.248
106.3	142.268
106.4	142.288
106.5	142.308
106.6	142.328
106.7	142.348
106.8	142.368
106.9	142.387
107	142.407
107.1	142.427
107.2	142.447
107.3	142.467
107.4	142.487
107.5	142.507
107.6	142.526
107.7	142.546
107.8	142.566
107.9	142.586
108	142.605
108.1	142.625
108.2	142.645
108.3	142.665
108.4	142.684
108.5	142.704
108.6	142.724
108.7	142.743
108.8	142.763
108.9	142.783
109	142.802
109.1	142.822
109.2	142.842
109.3	142.861
109.4	142.881
109.5	142.9
109.6	142.92
109.7	142.939
109.8	142.959
109.9	142.979
110	142.998
110.1	143.018
110.2	143.037
110.3	143.057
110.4	143.076
110.5	143.095
110.6	143.115
110.7	143.134
110.8	143.154
110.9	143.173
111	143.193
111.1	143.212
111.2	143.231
111.3	143.251
111.4	143.27
111.5	143.289
111.6	143.309
111.7	143.328
111.8	143.347
111.9	143.367
112	143.386
112.1	143.405
112.2	143.424
112.3	143.444
112.4	143.463
112.5	143.482
112.6	143.501
112.7	143.521
112.8	143.54
112.9	143.559
113	143.578
113.1	143.597
113.2	143.616
113.3	143.635
113.4	143.655
113.5	143.674
113.6	143.693
113.7	143.712
113.8	143.731
113.9	143.75
114	143.769
114.1	143.788
114.2	143.807
114.3	143.826
114.4	143.845
114.5	143.864
114.6	143.883
114.7	143.902
114.8	143.921
114.9	143.94
115	143.959
115.1	143.978
115.2	143.997
115.3	144.016
115.4	144.035
115.5	144.053
115.6	144.072
115.7	144.091
115.8	144.11
115.9	144.129
116	144.148
116.1	144.167
116.2	144.185
116.3	144.204
116.4	144.223
116.5	144.242
116.6	144.26
116.7	144.279
116.8	144.298
116.9	144.317
117	144.335
117.1	144.354
117.2	144.373
117.3	144.392
117.4	144.41
117.5	144.429
117.6	144.448
117.7	144.466
117.8	144.485
117.9	144.503
118	144.522
118.1	144.541
118.2	144.559
118.3	144.578
118.4	144.596
118.5	144.615
118.6	144.633
118.7	144.652
118.8	144.671
118.9	144.689
119	144.708
119.1	144.726
119.2	144.745
119.3	144.763
119.4	144.781
119.5	144.8
119.6	144.818
119.7	144.837
119.8	144.855
119.9	144.874
120	144.892
120.1	144.91
120.2	144.929
120.3	144.947
120.4	144.966
120.5	144.984
120.6	145.002
120.7	145.021
120.8	145.039
120.9	145.057
121	145.076
121.1	145.094
121.2	145.112
121.3	145.13
121.4	145.149
121.5	145.167
121.6	145.185
121.7	145.203
121.8	145.222
121.9	145.24
122	145.258
122.1	145.276
122.2	145.294
122.3	145.312
122.4	145.331
122.5	145.349
122.6	145.367
122.7	145.385
122.8	145.403
122.9	145.421
123	145.439
123.1	145.457
123.2	145.475
123.3	145.494
123.4	145.512
123.5	145.53
123.6	145.548
123.7	145.566
123.8	145.584
123.9	145.602
124	145.62
124.1	145.638
124.2	145.656
124.3	145.674
124.4	145.692
124.5	145.71
124.6	145.727
124.7	145.745
124.8	145.763
124.9	145.781
125	145.799
125.1	145.817
125.2	145.835
125.3	145.853
125.4	145.871
125.5	145.888
125.6	145.906
125.7	145.924
125.8	145.942
125.9	145.96
126	145.978
126.1	145.995
126.2	146.013
126.3	146.031
126.4	146.049
126.5	146.066
126.6	146.084
126.7	146.102
126.8	146.12
126.9	146.137
127	146.155
127.1	146.173
127.2	146.19
127.3	146.208
127.4	146.226
127.5	146.243
127.6	146.261
127.7	146.279
127.8	146.296
127.9	146.314
128	146.332
128.1	146.349
128.2	146.367
128.3	146.384
128.4	146.402
128.5	146.419
128.6	146.437
128.7	146.455
128.8	146.472
128.9	146.49
129	146.507
129.1	146.525
129.2	146.542
129.3	146.56
129.4	146.577
129.5	146.595
129.6	146.612
129.7	146.629
129.8	146.647
129.9	146.664
130	146.682
130.1	146.699
130.2	146.717
130.3	146.734
130.4	146.751
130.5	146.769
130.6	146.786
130.7	146.803
130.8	146.821
130.9	146.838
131	146.855
131.1	146.873
131.2	146.89
131.3	146.907
131.4	146.925
131.5	146.942
131.6	146.959
131.7	146.977
131.8	146.994
131.9	147.011
132	147.028
132.1	147.046
132.2	147.063
132.3	147.08
132.4	147.097
132.5	147.114
132.6	147.132
132.7	147.149
132.8	147.166
132.9	147.183
133	147.2
133.1	147.217
133.2	147.235
133.3	147.252
133.4	147.269
133.5	147.286
133.6	147.303
133.7	147.32
133.8	147.337
133.9	147.354
134	147.371
134.1	147.388
134.2	147.405
134.3	147.422
134.4	147.439
134.5	147.456
134.6	147.473
134.7	147.49
134.8	147.507
134.9	147.524
135	147.541
135.1	147.558
135.2	147.575
135.3	147.592
135.4	147.609
135.5	147.626
135.6	147.643
135.7	147.66
135.8	147.677
135.9	147.694
136	147.711
136.1	147.728
136.2	147.744
136.3	147.761
136.4	147.778
136.5	147.795
136.6	147.812
136.7	147.829
136.8	147.846
136.9	147.862
137	147.879
137.1	147.896
137.2	147.913
137.3	147.93
137.4	147.946
137.5	147.963
137.6	147.98
137.7	147.997
137.8	148.013
137.9	148.03
138	148.047
138.1	148.063
138.2	148.08
138.3	148.097
138.4	148.114
138.5	148.13
138.6	148.147
138.7	148.164
138.8	148.18
138.9	148.197
139	148.213
139.1	148.23
139.2	148.247
139.3	148.263
139.4	148.28
139.5	148.297
139.6	148.313
139.7	148.33
139.8	148.346
139.9	148.363
140	148.379
140.1	148.396
140.2	148.412
140.3	148.429
140.4	148.446
140.5	148.462
140.6	148.479
140.7	148.495
140.8	148.512
140.9	148.528
141	148.544
141.1	148.561
141.2	148.577
141.3	148.594
141.4	148.61
141.5	148.627
141.6	148.643
141.7	148.66
141.8	148.676
141.9	148.692
142	148.709
142.1	148.725
142.2	148.742
142.3	148.758
142.4	148.774
142.5	148.791
142.6	148.807
142.7	148.823
142.8	148.84
142.9	148.856
143	148.872
143.1	148.889
143.2	148.905
143.3	148.921
143.4	148.937
143.5	148.954
143.6	148.97
143.7	148.986
143.8	149.003
143.9	149.019
144	149.035
144.1	149.051
144.2	149.067
144.3	149.084
144.4	149.1
144.5	149.116
144.6	149.132
144.7	149.148
144.8	149.165
144.9	149.181
145	149.197
145.1	149.213
145.2	149.229
145.3	149.245
145.4	149.261
145.5	149.278
145.6	149.294
145.7	149.31
145.8	149.326
145.9	149.342
146	149.358
146.1	149.374
146.2	149.39
146.3	149.406
146.4	149.422
146.5	149.438
146.6	149.454
146.7	149.47
146.8	149.486
146.9	149.502
147	149.518
147.1	149.534
147.2	149.55
147.3	149.566
147.4	149.582
147.5	149.598
147.6	149.614
147.7	149.63
147.8	149.646
147.9	149.662
148	149.678
148.1	149.694
148.2	149.71
148.3	149.726
148.4	149.742
148.5	149.758
148.6	149.773
148.7	149.789
148.8	149.805
148.9	149.821
149	149.837
149.1	149.853
149.2	149.869
149.3	149.884
149.4	149.9
149.5	149.916
149.6	149.932
149.7	149.948
149.8	149.964
149.9	149.979
150	149.995
150.1	150.011
150.2	150.027
150.3	150.042
150.4	150.058
150.5	150.074
150.6	150.09
150.7	150.105
150.8	150.121
150.9	150.137
151	150.152
151.1	150.168
151.2	150.184
151.3	150.2
151.4	150.215
151.5	150.231
151.6	150.247
151.7	150.262
151.8	150.278
151.9	150.294
152	150.309
152.1	150.325
152.2	150.34
152.3	150.356
152.4	150.372
152.5	150.387
152.6	150.403
152.7	150.418
152.8	150.434
152.9	150.45
153	150.465
153.1	150.481
153.2	150.496
153.3	150.512
153.4	150.527
153.5	150.543
153.6	150.558
153.7	150.574
153.8	150.589
153.9	150.605
154	150.62
154.1	150.636
154.2	150.651
154.3	150.667
154.4	150.682
154.5	150.698
154.6	150.713
154.7	150.729
154.8	150.744
154.9	150.759
155	150.775
155.1	150.79
155.2	150.806
155.3	150.821
155.4	150.837
155.5	150.852
155.6	150.867
155.7	150.883
155.8	150.898
155.9	150.913
156	150.929
156.1	150.944
156.2	150.959
156.3	150.975
156.4	150.99
156.5	151.005
156.6	151.021
156.7	151.036
156.8	151.051
156.9	151.067
157	151.082
157.1	151.097
157.2	151.112
157.3	151.128
157.4	151.143
157.5	151.158
157.6	151.173
157.7	151.189
157.8	151.204
157.9	151.219
158	151.234
158.1	151.25
158.2	151.265
158.3	151.28
158.4	151.295
158.5	151.31
158.6	151.326
158.7	151.341
158.8	151.356
158.9	151.371
159	151.386
159.1	151.401
159.2	151.416
159.3	151.432
159.4	151.447
159.5	151.462
159.6	151.477
159.7	151.492
159.8	151.507
159.9	151.522
160	151.537
160.1	151.552
160.2	151.567
160.3	151.583
160.4	151.598
160.5	151.613
160.6	151.628
160.7	151.643
160.8	151.658
160.9	151.673
161	151.688
161.1	151.703
161.2	151.718
161.3	151.733
161.4	151.748
161.5	151.763
161.6	151.778
161.7	151.793
161.8	151.808
161.9	151.823
162	151.838
162.1	151.853
162.2	151.868
162.3	151.882
162.4	151.897
162.5	151.912
162.6	151.927
162.7	151.942
162.8	151.957
162.9	151.972
163	151.987
163.1	152.002
163.2	152.017
163.3	152.031
163.4	152.046
163.5	152.061
163.6	152.076
163.7	152.091
163.8	152.106
163.9	152.12
164	152.135
164.1	152.15
164.2	152.165
164.3	152.18
164.4	152.195
164.5	152.209
164.6	152.224
164.7	152.239
164.8	152.254
164.9	152.268
165	152.283
165.1	152.298
165.2	152.313
165.3	152.327
165.4	152.342
165.5	152.357
165.6	152.372
165.7	152.386
165.8	152.401
165.9	152.416
166	152.43
166.1	152.445
166.2	152.46
166.3	152.475
166.4	152.489
166.5	152.504
166.6	152.519
166.7	152.533
166.8	152.548
166.9	152.562
167	152.577
167.1	152.592
167.2	152.606
167.3	152.621
167.4	152.636
167.5	152.65
167.6	152.665
167.7	152.679
167.8	152.694
167.9	152.709
168	152.723
168.1	152.738
168.2	152.752
168.3	152.767
168.4	152.781
168.5	152.796
168.6	152.81
168.7	152.825
168.8	152.84
168.9	152.854
169	152.869
169.1	152.883
169.2	152.898
169.3	152.912
169.4	152.927
169.5	152.941
169.6	152.956
169.7	152.97
169.8	152.984
169.9	152.999
170	153.013
170.1	153.028
170.2	153.042
170.3	153.057
170.4	153.071
170.5	153.086
170.6	153.1
170.7	153.114
170.8	153.129
170.9	153.143
171	153.158
171.1	153.172
171.2	153.186
171.3	153.201
171.4	153.215
171.5	153.229
171.6	153.244
171.7	153.258
171.8	153.273
171.9	153.287
172	153.301
172.1	153.316
172.2	153.33
172.3	153.344
172.4	153.358
172.5	153.373
172.6	153.387
172.7	153.401
172.8	153.416
172.9	153.43
173	153.444
173.1	153.459
173.2	153.473
173.3	153.487
173.4	153.501
173.5	153.516
173.6	153.53
173.7	153.544
173.8	153.558
173.9	153.572
174	153.587
174.1	153.601
174.2	153.615
174.3	153.629
174.4	153.643
174.5	153.658
174.6	153.672
174.7	153.686
174.8	153.7
174.9	153.714
175	153.729
175.1	153.743
175.2	153.757
175.3	153.771
175.4	153.785
175.5	153.799
175.6	153.813
175.7	153.828
175.8	153.842
175.9	153.856
176	153.87
176.1	153.884
176.2	153.898
176.3	153.912
176.4	153.926
176.5	153.94
176.6	153.954
176.7	153.968
176.8	153.982
176.9	153.997
177	154.011
177.1	154.025
177.2	154.039
177.3	154.053
177.4	154.067
177.5	154.081
177.6	154.095
177.7	154.109
177.8	154.123
177.9	154.137
178	154.151
178.1	154.165
178.2	154.179
178.3	154.193
178.4	154.207
178.5	154.221
178.6	154.235
178.7	154.249
178.8	154.262
178.9	154.276
179	154.29
179.1	154.304
179.2	154.318
179.3	154.332
179.4	154.346
179.5	154.36
179.6	154.374
179.7	154.388
179.8	154.402
179.9	154.416
180	154.429
180.1	154.443
180.2	154.457
180.3	154.471
180.4	154.485
180.5	154.499
180.6	154.513
180.7	154.526
180.8	154.54
180.9	154.554
181	154.568
181.1	154.582
181.2	154.596
181.3	154.609
181.4	154.623
181.5	154.637
181.6	154.651
181.7	154.665
181.8	154.678
181.9	154.692
182	154.706
182.1	154.72
182.2	154.733
182.3	154.747
182.4	154.761
182.5	154.775
182.6	154.788
182.7	154.802
182.8	154.816
182.9	154.83
183	154.843
183.1	154.857
183.2	154.871
183.3	154.884
183.4	154.898
183.5	154.912
183.6	154.926
183.7	154.939
183.8	154.953
183.9	154.967
184	154.98
184.1	154.994
184.2	155.008
184.3	155.021
184.4	155.035
184.5	155.048
184.6	155.062
184.7	155.076
184.8	155.089
184.9	155.103
185	155.117
185.1	155.13
185.2	155.144
185.3	155.157
185.4	155.171
185.5	155.185
185.6	155.198
185.7	155.212
185.8	155.225
185.9	155.239
186	155.252
186.1	155.266
186.2	155.28
186.3	155.293
186.4	155.307
186.5	155.32
186.6	155.334
186.7	155.347
186.8	155.361
186.9	155.374
187	155.388
187.1	155.401
187.2	155.415
187.3	155.428
187.4	155.442
187.5	155.455
187.6	155.469
187.7	155.482
187.8	155.496
187.9	155.509
188	155.523
188.1	155.536
188.2	155.55
188.3	155.563
188.4	155.576
188.5	155.59
188.6	155.603
188.7	155.617
188.8	155.63
188.9	155.644
189	155.657
189.1	155.67
189.2	155.684
189.3	155.697
189.4	155.711
189.5	155.724
189.6	155.737
189.7	155.751
189.8	155.764
189.9	155.777
190	155.791
190.1	155.804
190.2	155.817
190.3	155.831
190.4	155.844
190.5	155.857
190.6	155.871
190.7	155.884
190.8	155.897
190.9	155.911
191	155.924
191.1	155.937
191.2	155.951
191.3	155.964
191.4	155.977
191.5	155.991
191.6	156.004
191.7	156.017
191.8	156.03
191.9	156.044
192	156.057
192.1	156.07
192.2	156.083
192.3	156.097
192.4	156.11
192.5	156.123
192.6	156.136
192.7	156.15
192.8	156.163
192.9	156.176
193	156.189
193.1	156.202
193.2	156.216
193.3	156.229
193.4	156.242
193.5	156.255
193.6	156.268
193.7	156.282
193.8	156.295
193.9	156.308
194	156.321
194.1	156.334
194.2	156.347
194.3	156.361
194.4	156.374
194.5	156.387
194.6	156.4
194.7	156.413
194.8	156.426
194.9	156.439
195	156.452
195.1	156.466
195.2	156.479
195.3	156.492
195.4	156.505
195.5	156.518
195.6	156.531
195.7	156.544
195.8	156.557
195.9	156.57
196	156.583
196.1	156.596
196.2	156.609
196.3	156.622
196.4	156.635
196.5	156.649
196.6	156.662
196.7	156.675
196.8	156.688
196.9	156.701
197	156.714
197.1	156.727
197.2	156.74
197.3	156.753
197.4	156.766
197.5	156.779
197.6	156.792
197.7	156.805
197.8	156.818
197.9	156.831
198	156.844
198.1	156.857
198.2	156.87
198.3	156.882
198.4	156.895
198.5	156.908
198.6	156.921
198.7	156.934
198.8	156.947
198.9	156.96
199	156.973
199.1	156.986
199.2	156.999
199.3	157.012
199.4	157.025
199.5	157.038
199.6	157.051
199.7	157.063
199.8	157.076
199.9	157.089
200	157.102
200.1	157.115
200.2	157.128
200.3	157.141
200.4	157.154
200.5	157.166
200.6	157.179
200.7	157.192
200.8	157.205
200.9	157.218
201	157.231
201.1	157.243
201.2	157.256
201.3	157.269
201.4	157.282
201.5	157.295
201.6	157.307
201.7	157.32
201.8	157.333
201.9	157.346
202	157.359
202.1	157.371
202.2	157.384
202.3	157.397
202.4	157.41
202.5	157.423
202.6	157.435
202.7	157.448
202.8	157.461
202.9	157.474
203	157.486
203.1	157.499
203.2	157.512
203.3	157.525
203.4	157.537
203.5	157.55
203.6	157.563
203.7	157.575
203.8	157.588
203.9	157.601
204	157.613
204.1	157.626
204.2	157.639
204.3	157.652
204.4	157.664
204.5	157.677
204.6	157.69
204.7	157.702
204.8	157.715
204.9	157.728
205	157.74
205.1	157.753
205.2	157.766
205.3	157.778
205.4	157.791
205.5	157.803
205.6	157.816
205.7	157.829
205.8	157.841
205.9	157.854
206	157.867
206.1	157.879
206.2	157.892
206.3	157.904
206.4	157.917
206.5	157.929
206.6	157.942
206.7	157.955
206.8	157.967
206.9	157.98
207	157.992
207.1	158.005
207.2	158.017
207.3	158.03
207.4	158.043
207.5	158.055
207.6	158.068
207.7	158.08
207.8	158.093
207.9	158.105
208	158.118
208.1	158.13
208.2	158.143
208.3	158.155
208.4	158.168
208.5	158.18
208.6	158.193
208.7	158.205
208.8	158.218
208.9	158.23
209	158.243
209.1	158.255
209.2	158.268
209.3	158.28
209.4	158.293
209.5	158.305
209.6	158.318
209.7	158.33
209.8	158.342
209.9	158.355
210	158.367
210.1	158.38
210.2	158.392
210.3	158.405
210.4	158.417
210.5	158.429
210.6	158.442
210.7	158.454
210.8	158.467
210.9	158.479
211	158.491
211.1	158.504
211.2	158.516
211.3	158.529
211.4	158.541
211.5	158.553
211.6	158.566
211.7	158.578
211.8	158.59
211.9	158.603
212	158.615
212.1	158.628
212.2	158.64
212.3	158.652
212.4	158.665
212.5	158.677
212.6	158.689
212.7	158.702
212.8	158.714
212.9	158.726
213	158.738
213.1	158.751
213.2	158.763
213.3	158.775
213.4	158.788
213.5	158.8
213.6	158.812
213.7	158.825
213.8	158.837
213.9	158.849
214	158.861
214.1	158.874
214.2	158.886
214.3	158.898
214.4	158.91
214.5	158.923
214.6	158.935
214.7	158.947
214.8	158.959
214.9	158.972
215	158.984
215.1	158.996
215.2	159.008
215.3	159.021
215.4	159.033
215.5	159.045
215.6	159.057
215.7	159.069
215.8	159.082
215.9	159.094
216	159.106
216.1	159.118
216.2	159.13
216.3	159.142
216.4	159.155
216.5	159.167
216.6	159.179
216.7	159.191
216.8	159.203
216.9	159.215
217	159.228
217.1	159.24
217.2	159.252
217.3	159.264
217.4	159.276
217.5	159.288
217.6	159.3
217.7	159.313
217.8	159.325
217.9	159.337
218	159.349
218.1	159.361
218.2	159.373
218.3	159.385
218.4	159.397
218.5	159.409
218.6	159.421
218.7	159.433
218.8	159.446
218.9	159.458
219	159.47
219.1	159.482
219.2	159.494
219.3	159.506
219.4	159.518
219.5	159.53
219.6	159.542
219.7	159.554
219.8	159.566
219.9	159.578
220	159.59
220.1	159.602
220.2	159.614
220.3	159.626
220.4	159.638
220.5	159.65
220.6	159.662
220.7	159.674
220.8	159.686
220.9	159.698
221	159.71
221.1	159.722
221.2	159.734
221.3	159.746
221.4	159.758
221.5	159.77
221.6	159.782
221.7	159.794
221.8	159.806
221.9	159.818
222	159.83
222.1	159.842
222.2	159.854
222.3	159.866
222.4	159.878
222.5	159.89
222.6	159.902
222.7	159.913
222.8	159.925
222.9	159.937
223	159.949
223.1	159.961
223.2	159.973
223.3	159.985
223.4	159.997
223.5	160.009
223.6	160.021
223.7	160.032
223.8	160.044
223.9	160.056
224	160.068
224.1	160.08
224.2	160.092
224.3	160.104
224.4	160.116
224.5	160.127
224.6	160.139
224.7	160.151
224.8	160.163
224.9	160.175
225	160.187
225.1	160.198
225.2	160.21
225.3	160.222
225.4	160.234
225.5	160.246
225.6	160.258
225.7	160.269
225.8	160.281
225.9	160.293
226	160.305
226.1	160.317
226.2	160.328
226.3	160.34
226.4	160.352
226.5	160.364
226.6	160.376
226.7	160.387
226.8	160.399
226.9	160.411
227	160.423
227.1	160.434
227.2	160.446
227.3	160.458
227.4	160.47
227.5	160.481
227.6	160.493
227.7	160.505
227.8	160.517
227.9	160.528
228	160.54
228.1	160.552
228.2	160.563
228.3	160.575
228.4	160.587
228.5	160.599
228.6	160.61
228.7	160.622
228.8	160.634
228.9	160.645
229	160.657
229.1	160.669
229.2	160.68
229.3	160.692
229.4	160.704
229.5	160.715
229.6	160.727
229.7	160.739
229.8	160.75
229.9	160.762
230	160.774
230.1	160.785
230.2	160.797
230.3	160.809
230.4	160.82
230.5	160.832
230.6	160.844
230.7	160.855
230.8	160.867
230.9	160.878
231	160.89
231.1	160.902
231.2	160.913
231.3	160.925
231.4	160.936
231.5	160.948
231.6	160.96
231.7	160.971
231.8	160.983
231.9	160.994
232	161.006
232.1	161.018
232.2	161.029
232.3	161.041
232.4	161.052
232.5	161.064
232.6	161.075
232.7	161.087
232.8	161.098
232.9	161.11
233	161.122
233.1	161.133
233.2	161.145
233.3	161.156
233.4	161.168
233.5	161.179
233.6	161.191
233.7	161.202
233.8	161.214
233.9	161.225
234	161.237
234.1	161.248
234.2	161.26
234.3	161.271
234.4	161.283
234.5	161.294
234.6	161.306
234.7	161.317
234.8	161.329
234.9	161.34
235	161.352
235.1	161.363
235.2	161.375
235.3	161.386
235.4	161.397
235.5	161.409
235.6	161.42
235.7	161.432
235.8	161.443
235.9	161.455
236	161.466
236.1	161.478
236.2	161.489
236.3	161.5
236.4	161.512
236.5	161.523
236.6	161.535
236.7	161.546
236.8	161.557
236.9	161.569
237	161.58
237.1	161.592
237.2	161.603
237.3	161.614
237.4	161.626
237.5	161.637
237.6	161.649
237.7	161.66
237.8	161.671
237.9	161.683
238	161.694
238.1	161.705
238.2	161.717
238.3	161.728
238.4	161.74
238.5	161.751
238.6	161.762
238.7	161.774
238.8	161.785
238.9	161.796
239	161.808
239.1	161.819
239.2	161.83
239.3	161.842
239.4	161.853
239.5	161.864
239.6	161.876
239.7	161.887
239.8	161.898
239.9	161.909
240	161.921
240.1	161.932
240.2	161.943
240.3	161.955
240.4	161.966
240.5	161.977
240.6	161.988
240.7	162
240.8	162.011
240.9	162.022
241	162.034
241.1	162.045
241.2	162.056
241.3	162.067
241.4	162.079
241.5	162.09
241.6	162.101
241.7	162.112
241.8	162.124
241.9	162.135
242	162.146
242.1	162.157
242.2	162.168
242.3	162.18
242.4	162.191
242.5	162.202
242.6	162.213
242.7	162.224
242.8	162.236
242.9	162.247
243	162.258
243.1	162.269
243.2	162.28
243.3	162.292
243.4	162.303
243.5	162.314
243.6	162.325
243.7	162.336
243.8	162.348
243.9	162.359
244	162.37
244.1	162.381
244.2	162.392
244.3	162.403
244.4	162.415
244.5	162.426
244.6	162.437
244.7	162.448
244.8	162.459
244.9	162.47
245	162.481
245.1	162.492
245.2	162.504
245.3	162.515
245.4	162.526
245.5	162.537
245.6	162.548
245.7	162.559
245.8	162.57
245.9	162.581
246	162.592
246.1	162.604
246.2	162.615
246.3	162.626
246.4	162.637
246.5	162.648
246.6	162.659
246.7	162.67
246.8	162.681
246.9	162.692
247	162.703
247.1	162.714
247.2	162.725
247.3	162.736
247.4	162.748
247.5	162.759
247.6	162.77
247.7	162.781
247.8	162.792
247.9	162.803
248	162.814
248.1	162.825
248.2	162.836
248.3	162.847
248.4	162.858
248.5	162.869
248.6	162.88
248.7	162.891
248.8	162.902
248.9	162.913
249	162.924
249.1	162.935
249.2	162.946
249.3	162.957
249.4	162.968
249.5	162.979
249.6	162.99
249.7	163.001
249.8	163.012
249.9	163.023
250	163.034
250.1	163.045
250.2	163.056
250.3	163.067
250.4	163.078
250.5	163.089
250.6	163.1
250.7	163.11
250.8	163.121
250.9	163.132
251	163.143
251.1	163.154
251.2	163.165
251.3	163.176
251.4	163.187
251.5	163.198
251.6	163.209
251.7	163.22
251.8	163.231
251.9	163.242
252	163.252
252.1	163.263
252.2	163.274
252.3	163.285
252.4	163.296
252.5	163.307
252.6	163.318
252.7	163.329
252.8	163.34
252.9	163.351
253	163.361
253.1	163.372
253.2	163.383
253.3	163.394
253.4	163.405
253.5	163.416
253.6	163.427
253.7	163.437
253.8	163.448
253.9	163.459
254	163.47
254.1	163.481
254.2	163.492
254.3	163.502
254.4	163.513
254.5	163.524
254.6	163.535
254.7	163.546
254.8	163.557
254.9	163.567
255	163.578
255.1	163.589
255.2	163.6
255.3	163.611
255.4	163.621
255.5	163.632
255.6	163.643
255.7	163.654
255.8	163.665
255.9	163.675
256	163.686
256.1	163.697
256.2	163.708
256.3	163.719
256.4	163.729
256.5	163.74
256.6	163.751
256.7	163.762
256.8	163.772
256.9	163.783
257	163.794
257.1	163.805
257.2	163.815
257.3	163.826
257.4	163.837
257.5	163.848
257.6	163.858
257.7	163.869
257.8	163.88
257.9	163.89
258	163.901
258.1	163.912
258.2	163.923
258.3	163.933
258.4	163.944
258.5	163.955
258.6	163.965
258.7	163.976
258.8	163.987
258.9	163.998
259	164.008
259.1	164.019
259.2	164.03
259.3	164.04
259.4	164.051
259.5	164.062
259.6	164.072
259.7	164.083
259.8	164.094
259.9	164.104
260	164.115
260.1	164.126
260.2	164.136
260.3	164.147
260.4	164.158
260.5	164.168
260.6	164.179
260.7	164.19
260.8	164.2
260.9	164.211
261	164.221
261.1	164.232
261.2	164.243
261.3	164.253
261.4	164.264
261.5	164.275
261.6	164.285
261.7	164.296
261.8	164.306
261.9	164.317
262	164.328
262.1	164.338
262.2	164.349
262.3	164.359
262.4	164.37
262.5	164.381
262.6	164.391
262.7	164.402
262.8	164.412
262.9	164.423
263	164.434
263.1	164.444
263.2	164.455
263.3	164.465
263.4	164.476
263.5	164.486
263.6	164.497
263.7	164.507
263.8	164.518
263.9	164.529
264	164.539
264.1	164.55
264.2	164.56
264.3	164.571
264.4	164.581
264.5	164.592
264.6	164.602
264.7	164.613
264.8	164.623
264.9	164.634
265	164.644
265.1	164.655
265.2	164.665
265.3	164.676
265.4	164.686
265.5	164.697
265.6	164.707
265.7	164.718
265.8	164.728
265.9	164.739
266	164.749
266.1	164.76
266.2	164.77
266.3	164.781
266.4	164.791
266.5	164.802
266.6	164.812
266.7	164.823
266.8	164.833
266.9	164.844
267	164.854
267.1	164.865
267.2	164.875
267.3	164.885
267.4	164.896
267.5	164.906
267.6	164.917
267.7	164.927
267.8	164.938
267.9	164.948
268	164.959
268.1	164.969
268.2	164.979
268.3	164.99
268.4	165
268.5	165.011
268.6	165.021
268.7	165.031
268.8	165.042
268.9	165.052
269	165.063
269.1	165.073
269.2	165.084
269.3	165.094
269.4	165.104
269.5	165.115
269.6	165.125
269.7	165.135
269.8	165.146
269.9	165.156
270	165.167
270.1	165.177
270.2	165.187
270.3	165.198
270.4	165.208
270.5	165.218
270.6	165.229
270.7	165.239
270.8	165.249
270.9	165.26
271	165.27
271.1	165.281
271.2	165.291
271.3	165.301
271.4	165.312
271.5	165.322
271.6	165.332
271.7	165.343
271.8	165.353
271.9	165.363
272	165.373
272.1	165.384
272.2	165.394
272.3	165.404
272.4	165.415
272.5	165.425
272.6	165.435
272.7	165.446
272.8	165.456
272.9	165.466
273	165.477
273.1	165.487
273.2	165.497
273.3	165.507
273.4	165.518
273.5	165.528
273.6	165.538
273.7	165.548
273.8	165.559
273.9	165.569
274	165.579
274.1	165.59
274.2	165.6
274.3	165.61
274.4	165.62
274.5	165.631
274.6	165.641
274.7	165.651
274.8	165.661
274.9	165.672
275	165.682
275.1	165.692
275.2	165.702
275.3	165.712
275.4	165.723
275.5	165.733
275.6	165.743
275.7	165.753
275.8	165.764
275.9	165.774
276	165.784
276.1	165.794
276.2	165.804
276.3	165.815
276.4	165.825
276.5	165.835
276.6	165.845
276.7	165.855
276.8	165.866
276.9	165.876
277	165.886
277.1	165.896
277.2	165.906
277.3	165.916
277.4	165.927
277.5	165.937
277.6	165.947
277.7	165.957
277.8	165.967
277.9	165.977
278	165.988
278.1	165.998
278.2	166.008
278.3	166.018
278.4	166.028
278.5	166.038
278.6	166.049
278.7	166.059
278.8	166.069
278.9	166.079
279	166.089
279.1	166.099
279.2	166.109
279.3	166.119
279.4	166.13
279.5	166.14
279.6	166.15
279.7	166.16
279.8	166.17
279.9	166.18
280	166.19
280.1	166.2
280.2	166.21
280.3	166.221
280.4	166.231
280.5	166.241
280.6	166.251
280.7	166.261
280.8	166.271
280.9	166.281
281	166.291
281.1	166.301
281.2	166.311
281.3	166.321
281.4	166.331
281.5	166.341
281.6	166.352
281.7	166.362
281.8	166.372
281.9	166.382
282	166.392
282.1	166.402
282.2	166.412
282.3	166.422
282.4	166.432
282.5	166.442
282.6	166.452
282.7	166.462
282.8	166.472
282.9	166.482
283	166.492
283.1	166.502
283.2	166.512
283.3	166.522
283.4	166.532
283.5	166.542
283.6	166.552
283.7	166.562
283.8	166.572
283.9	166.582
284	166.592
284.1	166.602
284.2	166.612
284.3	166.622
284.4	166.632
284.5	166.642
284.6	166.652
284.7	166.662
284.8	166.672
284.9	166.682
285	166.692
285.1	166.702
285.2	166.712
285.3	166.722
285.4	166.732
285.5	166.742
285.6	166.752
285.7	166.762
285.8	166.772
285.9	166.782
286	166.792
286.1	166.802
286.2	166.812
286.3	166.822
286.4	166.831
286.5	166.841
286.6	166.851
286.7	166.861
286.8	166.871
286.9	166.881
287	166.891
287.1	166.901
287.2	166.911
287.3	166.921
287.4	166.931
287.5	166.941
287.6	166.951
287.7	166.96
287.8	166.97
287.9	166.98
288	166.99
288.1	167
288.2	167.01
288.3	167.02
288.4	167.03
288.5	167.04
288.6	167.049
288.7	167.059
288.8	167.069
288.9	167.079
289	167.089
289.1	167.099
289.2	167.109
289.3	167.119
289.4	167.128
289.5	167.138
289.6	167.148
289.7	167.158
289.8	167.168
289.9	167.178
290	167.188
290.1	167.197
290.2	167.207
290.3	167.217
290.4	167.227
290.5	167.237
290.6	167.247
290.7	167.256
290.8	167.266
290.9	167.276
291	167.286
291.1	167.296
291.2	167.306
291.3	167.315
291.4	167.325
291.5	167.335
291.6	167.345
291.7	167.355
291.8	167.364
291.9	167.374
292	167.384
292.1	167.394
292.2	167.404
292.3	167.413
292.4	167.423
292.5	167.433
292.6	167.443
292.7	167.453
292.8	167.462
292.9	167.472
293	167.482
293.1	167.492
293.2	167.501
293.3	167.511
293.4	167.521
293.5	167.531
293.6	167.541
293.7	167.55
293.8	167.56
293.9	167.57
294	167.58
294.1	167.589
294.2	167.599
294.3	167.609
294.4	167.619
294.5	167.628
294.6	167.638
294.7	167.648
294.8	167.657
294.9	167.667
295	167.677
295.1	167.687
295.2	167.696
295.3	167.706
295.4	167.716
295.5	167.726
295.6	167.735
295.7	167.745
295.8	167.755
295.9	167.764
296	167.774
296.1	167.784
296.2	167.793
296.3	167.803
296.4	167.813
296.5	167.823
296.6	167.832
296.7	167.842
296.8	167.852
296.9	167.861
297	167.871
297.1	167.881
297.2	167.89
297.3	167.9
297.4	167.91
297.5	167.919
297.6	167.929
297.7	167.939
297.8	167.948
297.9	167.958
298	167.968
298.1	167.977
298.2	167.987
298.3	167.997
298.4	168.006
298.5	168.016
298.6	168.026
298.7	168.035
298.8	168.045
298.9	168.054
299	168.064
299.1	168.074
299.2	168.083
299.3	168.093
299.4	168.103
299.5	168.112
299.6	168.122
299.7	168.131
299.8	168.141
299.9	168.151
300	168.16
