W	Pred
1.5	464.457
1.6	452.854
1.7	442.697
1.8	433.746
1.9	425.811
2	418.739
2.1	412.405
2.2	406.71
2.3	401.568
2.4	396.909
2.5	392.676
2.6	388.817
2.7	385.292
2.8	382.062
2.9	379.098
3	376.371
3.1	373.859
3.2	371.54
3.3	369.396
3.4	367.412
3.5	365.573
3.6	363.867
3.7	362.281
3.8	360.807
3.9	359.436
4	358.159
4.1	356.968
4.2	355.859
4.3	354.823
4.4	353.857
4.5	352.955
4.6	352.113
4.7	351.326
4.8	350.591
4.9	349.904
5	349.263
5.1	348.664
5.2	348.105
5.3	347.584
5.4	347.097
5.5	346.643
5.6	346.22
5.7	345.826
5.8	345.46
5.9	345.12
6	344.804
6.1	344.511
6.2	344.24
6.3	343.99
6.4	343.759
6.5	343.547
6.6	343.352
6.7	343.174
6.8	343.012
6.9	342.865
7	342.732
7.1	342.613
7.2	342.507
7.3	342.413
7.4	342.33
7.5	342.259
7.6	342.199
7.7	342.148
7.8	342.107
7.9	342.076
8	342.053
8.1	342.039
8.2	342.032
8.3	342.033
8.4	342.042
8.5	342.058
8.6	342.08
8.7	342.109
8.8	342.143
8.9	342.184
9	342.23
9.1	342.282
9.2	342.339
9.3	342.4
9.4	342.467
9.5	342.538
9.6	342.613
9.7	342.692
9.8	342.776
9.9	342.863
10	342.954
10.1	343.048
10.2	343.146
10.3	343.247
10.4	343.351
10.5	343.459
10.6	343.569
10.7	343.681
10.8	343.797
10.9	343.915
11	344.035
11.1	344.158
11.2	344.283
11.3	344.41
11.4	344.539
11.5	344.67
11.6	344.803
11.7	344.938
11.8	345.075
11.9	345.213
12	345.353
12.1	345.494
12.2	345.637
12.3	345.782
12.4	345.928
12.5	346.075
12.6	346.223
12.7	346.373
12.8	346.523
12.9	346.675
13	346.828
13.1	346.982
13.2	347.137
13.3	347.293
13.4	347.45
13.5	347.607
13.6	347.766
13.7	347.925
13.8	348.085
13.9	348.246
14	348.407
14.1	348.569
14.2	348.732
14.3	348.895
14.4	349.059
14.5	349.223
14.6	349.388
14.7	349.554
14.8	349.72
14.9	349.886
15	350.053
15.1	350.22
15.2	350.387
15.3	350.555
15.4	350.723
15.5	350.892
15.6	351.061
15.7	351.23
15.8	351.399
15.9	351.569
16	351.739
16.1	351.909
16.2	352.079
16.3	352.25
16.4	352.42
16.5	352.591
16.6	352.762
16.7	352.933
16.8	353.104
16.9	353.275
17	353.447
17.1	353.618
17.2	353.79
17.3	353.961
17.4	354.133
17.5	354.305
17.6	354.476
17.7	354.648
17.8	354.82
17.9	354.992
18	355.163
18.1	355.335
18.2	355.507
18.3	355.679
18.4	355.85
18.5	356.022
18.6	356.193
18.7	356.365
18.8	356.536
18.9	356.708
19	356.879
19.1	357.05
19.2	357.221
19.3	357.393
19.4	357.563
19.5	357.734
19.6	357.905
19.7	358.076
19.8	358.246
19.9	358.417
20	358.587
20.1	358.757
20.2	358.927
20.3	359.097
20.4	359.267
20.5	359.436
20.6	359.606
20.7	359.775
20.8	359.944
20.9	360.113
21	360.282
21.1	360.45
21.2	360.619
21.3	360.787
21.4	360.955
21.5	361.123
21.6	361.291
21.7	361.458
21.8	361.626
21.9	361.793
22	361.96
22.1	362.126
22.2	362.293
22.3	362.459
22.4	362.626
22.5	362.792
22.6	362.957
22.7	363.123
22.8	363.288
22.9	363.454
23	363.618
23.1	363.783
23.2	363.948
23.3	364.112
23.4	364.276
23.5	364.44
23.6	364.604
23.7	364.767
23.8	364.93
23.9	365.093
24	365.256
24.1	365.419
24.2	365.581
24.3	365.743
24.4	365.905
24.5	366.067
24.6	366.228
24.7	366.389
24.8	366.55
24.9	366.711
25	366.872
25.1	367.032
25.2	367.192
25.3	367.352
25.4	367.512
25.5	367.671
25.6	367.83
25.7	367.989
25.8	368.148
25.9	368.306
26	368.464
26.1	368.622
26.2	368.78
26.3	368.937
26.4	369.095
26.5	369.252
26.6	369.408
26.7	369.565
26.8	369.721
26.9	369.877
27	370.033
27.1	370.189
27.2	370.344
27.3	370.499
27.4	370.654
27.5	370.809
27.6	370.963
27.7	371.117
27.8	371.271
27.9	371.425
28	371.578
28.1	371.732
28.2	371.885
28.3	372.037
28.4	372.19
28.5	372.342
28.6	372.494
28.7	372.646
28.8	372.798
28.9	372.949
29	373.1
29.1	373.251
29.2	373.401
29.3	373.552
29.4	373.702
29.5	373.852
29.6	374.002
29.7	374.151
29.8	374.3
29.9	374.449
30	374.598
30.1	374.746
30.2	374.895
30.3	375.043
30.4	375.191
30.5	375.338
30.6	375.486
30.7	375.633
30.8	375.78
30.9	375.926
31	376.073
31.1	376.219
31.2	376.365
31.3	376.511
31.4	376.656
31.5	376.801
31.6	376.947
31.7	377.091
31.8	377.236
31.9	377.38
32	377.525
32.1	377.668
32.2	377.812
32.3	377.956
32.4	378.099
32.5	378.242
32.6	378.385
32.7	378.527
32.8	378.67
32.9	378.812
33	378.954
33.1	379.095
33.2	379.237
33.3	379.378
33.4	379.519
33.5	379.66
33.6	379.801
33.7	379.941
33.8	380.081
33.9	380.221
34	380.361
34.1	380.5
34.2	380.64
34.3	380.779
34.4	380.918
34.5	381.056
34.6	381.195
34.7	381.333
34.8	381.471
34.9	381.609
35	381.746
35.1	381.884
35.2	382.021
35.3	382.158
35.4	382.295
35.5	382.431
35.6	382.568
35.7	382.704
35.8	382.84
35.9	382.975
36	383.111
36.1	383.246
36.2	383.381
36.3	383.516
36.4	383.651
36.5	383.785
36.6	383.919
36.7	384.053
36.8	384.187
36.9	384.321
37	384.454
37.1	384.588
37.2	384.721
37.3	384.854
37.4	384.986
37.5	385.119
37.6	385.251
37.7	385.383
37.8	385.515
37.9	385.646
38	385.778
38.1	385.909
38.2	386.04
38.3	386.171
38.4	386.302
38.5	386.432
38.6	386.563
38.7	386.693
38.8	386.823
38.9	386.952
39	387.082
39.1	387.211
39.2	387.34
39.3	387.469
39.4	387.598
39.5	387.727
39.6	387.855
39.7	387.983
39.8	388.111
39.9	388.239
40	388.367
40.1	388.494
40.2	388.621
40.3	388.748
40.4	388.875
40.5	389.002
40.6	389.128
40.7	389.255
40.8	389.381
40.9	389.507
41	389.633
41.1	389.758
41.2	389.884
41.3	390.009
41.4	390.134
41.5	390.259
41.6	390.383
41.7	390.508
41.8	390.632
41.9	390.756
42	390.88
42.1	391.004
42.2	391.128
42.3	391.251
42.4	391.375
42.5	391.498
42.6	391.621
42.7	391.743
42.8	391.866
42.9	391.988
43	392.111
43.1	392.233
43.2	392.355
43.3	392.476
43.4	392.598
43.5	392.719
43.6	392.84
43.7	392.962
43.8	393.082
43.9	393.203
44	393.324
44.1	393.444
44.2	393.564
44.3	393.684
44.4	393.804
44.5	393.924
44.6	394.043
44.7	394.163
44.8	394.282
44.9	394.401
45	394.52
45.1	394.639
45.2	394.757
45.3	394.875
45.4	394.994
45.5	395.112
45.6	395.23
45.7	395.347
45.8	395.465
45.9	395.582
46	395.7
46.1	395.817
46.2	395.934
46.3	396.05
46.4	396.167
46.5	396.284
46.6	396.4
46.7	396.516
46.8	396.632
46.9	396.748
47	396.864
47.1	396.979
47.2	397.094
47.3	397.21
47.4	397.325
47.5	397.44
47.6	397.554
47.7	397.669
47.8	397.784
47.9	397.898
48	398.012
48.1	398.126
48.2	398.24
48.3	398.354
48.4	398.467
48.5	398.581
48.6	398.694
48.7	398.807
48.8	398.92
48.9	399.033
49	399.145
49.1	399.258
49.2	399.37
49.3	399.482
49.4	399.595
49.5	399.706
49.6	399.818
49.7	399.93
49.8	400.041
49.9	400.153
50	400.264
50.1	400.375
50.2	400.486
50.3	400.597
50.4	400.707
50.5	400.818
50.6	400.928
50.7	401.038
50.8	401.149
50.9	401.258
51	401.368
51.1	401.478
51.2	401.587
51.3	401.697
51.4	401.806
51.5	401.915
51.6	402.024
51.7	402.133
51.8	402.242
51.9	402.35
52	402.459
52.1	402.567
52.2	402.675
52.3	402.783
52.4	402.891
52.5	402.999
52.6	403.106
52.7	403.214
52.8	403.321
52.9	403.428
53	403.535
53.1	403.642
53.2	403.749
53.3	403.856
53.4	403.962
53.5	404.069
53.6	404.175
53.7	404.281
53.8	404.387
53.9	404.493
54	404.599
54.1	404.704
54.2	404.81
54.3	404.915
54.4	405.021
54.5	405.126
54.6	405.231
54.7	405.336
54.8	405.44
54.9	405.545
55	405.649
55.1	405.754
55.2	405.858
55.3	405.962
55.4	406.066
55.5	406.17
55.6	406.274
55.7	406.377
55.8	406.481
55.9	406.584
56	406.687
56.1	406.79
56.2	406.893
56.3	406.996
56.4	407.099
56.5	407.202
56.6	407.304
56.7	407.407
56.8	407.509
56.9	407.611
57	407.713
57.1	407.815
57.2	407.917
57.3	408.018
57.4	408.12
57.5	408.221
57.6	408.323
57.7	408.424
57.8	408.525
57.9	408.626
58	408.727
58.1	408.827
58.2	408.928
58.3	409.028
58.4	409.129
58.5	409.229
58.6	409.329
58.7	409.429
58.8	409.529
58.9	409.629
59	409.728
59.1	409.828
59.2	409.927
59.3	410.027
59.4	410.126
59.5	410.225
59.6	410.324
59.7	410.423
59.8	410.522
59.9	410.62
60	410.719
60.1	410.817
60.2	410.916
60.3	411.014
60.4	411.112
60.5	411.21
60.6	411.308
60.7	411.406
60.8	411.503
60.9	411.601
61	411.698
61.1	411.796
61.2	411.893
61.3	411.99
61.4	412.087
61.5	412.184
61.6	412.281
61.7	412.377
61.8	412.474
61.9	412.57
62	412.667
62.1	412.763
62.2	412.859
62.3	412.955
62.4	413.051
62.5	413.147
62.6	413.243
62.7	413.338
62.8	413.434
62.9	413.529
63	413.624
63.1	413.72
63.2	413.815
63.3	413.91
63.4	414.005
63.5	414.099
63.6	414.194
63.7	414.289
63.8	414.383
63.9	414.477
64	414.572
64.1	414.666
64.2	414.76
64.3	414.854
64.4	414.948
64.5	415.042
64.6	415.135
64.7	415.229
64.8	415.322
64.9	415.416
65	415.509
65.1	415.602
65.2	415.695
65.3	415.788
65.4	415.881
65.5	415.974
65.6	416.066
65.7	416.159
65.8	416.252
65.9	416.344
66	416.436
66.1	416.528
66.2	416.62
66.3	416.712
66.4	416.804
66.5	416.896
66.6	416.988
66.7	417.079
66.8	417.171
66.9	417.262
67	417.354
67.1	417.445
67.2	417.536
67.3	417.627
67.4	417.718
67.5	417.809
67.6	417.9
67.7	417.99
67.8	418.081
67.9	418.171
68	418.262
68.1	418.352
68.2	418.442
68.3	418.532
68.4	418.622
68.5	418.712
68.6	418.802
68.7	418.892
68.8	418.981
68.9	419.071
69	419.16
69.1	419.25
69.2	419.339
69.3	419.428
69.4	419.517
69.5	419.606
69.6	419.695
69.7	419.784
69.8	419.873
69.9	419.961
70	420.05
70.1	420.139
70.2	420.227
70.3	420.315
70.4	420.403
70.5	420.491
70.6	420.58
70.7	420.667
70.8	420.755
70.9	420.843
71	420.931
71.1	421.018
71.2	421.106
71.3	421.193
71.4	421.281
71.5	421.368
71.6	421.455
71.7	421.542
71.8	421.629
71.9	421.716
72	421.803
72.1	421.889
72.2	421.976
72.3	422.063
72.4	422.149
72.5	422.236
72.6	422.322
72.7	422.408
72.8	422.494
72.9	422.58
73	422.666
73.1	422.752
73.2	422.838
73.3	422.924
73.4	423.009
73.5	423.095
73.6	423.18
73.7	423.266
73.8	423.351
73.9	423.436
74	423.521
74.1	423.606
74.2	423.691
74.3	423.776
74.4	423.861
74.5	423.946
74.6	424.03
74.7	424.115
74.8	424.2
74.9	424.284
75	424.368
75.1	424.453
75.2	424.537
75.3	424.621
75.4	424.705
75.5	424.789
75.6	424.873
75.7	424.956
75.8	425.04
75.9	425.124
76	425.207
76.1	425.291
76.2	425.374
76.3	425.457
76.4	425.541
76.5	425.624
76.6	425.707
76.7	425.79
76.8	425.873
76.9	425.955
77	426.038
77.1	426.121
77.2	426.204
77.3	426.286
77.4	426.368
77.5	426.451
77.6	426.533
77.7	426.615
77.8	426.698
77.9	426.78
78	426.862
78.1	426.944
78.2	427.025
78.3	427.107
78.4	427.189
78.5	427.27
78.6	427.352
78.7	427.433
78.8	427.515
78.9	427.596
79	427.677
79.1	427.759
79.2	427.84
79.3	427.921
79.4	428.002
79.5	428.083
79.6	428.163
79.7	428.244
79.8	428.325
79.9	428.405
80	428.486
80.1	428.566
80.2	428.647
80.3	428.727
80.4	428.807
80.5	428.887
80.6	428.967
80.7	429.047
80.8	429.127
80.9	429.207
81	429.287
81.1	429.367
81.2	429.446
81.3	429.526
81.4	429.605
81.5	429.685
81.6	429.764
81.7	429.844
81.8	429.923
81.9	430.002
82	430.081
82.1	430.16
82.2	430.239
82.3	430.318
82.4	430.397
82.5	430.475
82.6	430.554
82.7	430.633
82.8	430.711
82.9	430.79
83	430.868
83.1	430.946
83.2	431.025
83.3	431.103
83.4	431.181
83.5	431.259
83.6	431.337
83.7	431.415
83.8	431.493
83.9	431.571
84	431.648
84.1	431.726
84.2	431.804
84.3	431.881
84.4	431.959
84.5	432.036
84.6	432.113
84.7	432.191
84.8	432.268
84.9	432.345
85	432.422
85.1	432.499
85.2	432.576
85.3	432.653
85.4	432.729
85.5	432.806
85.6	432.883
85.7	432.959
85.8	433.036
85.9	433.112
86	433.189
86.1	433.265
86.2	433.341
86.3	433.418
86.4	433.494
86.5	433.57
86.6	433.646
86.7	433.722
86.8	433.798
86.9	433.873
87	433.949
87.1	434.025
87.2	434.101
87.3	434.176
87.4	434.252
87.5	434.327
87.6	434.402
87.7	434.478
87.8	434.553
87.9	434.628
88	434.703
88.1	434.778
88.2	434.853
88.3	434.928
88.4	435.003
88.5	435.078
88.6	435.153
88.7	435.227
88.8	435.302
88.9	435.377
89	435.451
89.1	435.526
89.2	435.6
89.3	435.674
89.4	435.749
89.5	435.823
89.6	435.897
89.7	435.971
89.8	436.045
89.9	436.119
90	436.193
90.1	436.267
90.2	436.341
90.3	436.414
90.4	436.488
90.5	436.561
90.6	436.635
90.7	436.709
90.8	436.782
90.9	436.855
91	436.929
91.1	437.002
91.2	437.075
91.3	437.148
91.4	437.221
91.5	437.294
91.6	437.367
91.7	437.44
91.8	437.513
91.9	437.586
92	437.658
92.1	437.731
92.2	437.804
92.3	437.876
92.4	437.949
92.5	438.021
92.6	438.093
92.7	438.166
92.8	438.238
92.9	438.31
93	438.382
93.1	438.454
93.2	438.526
93.3	438.598
93.4	438.67
93.5	438.742
93.6	438.814
93.7	438.886
93.8	438.957
93.9	439.029
94	439.101
94.1	439.172
94.2	439.244
94.3	439.315
94.4	439.386
94.5	439.458
94.6	439.529
94.7	439.6
94.8	439.671
94.9	439.742
95	439.813
95.1	439.884
95.2	439.955
95.3	440.026
95.4	440.097
95.5	440.167
95.6	440.238
95.7	440.309
95.8	440.379
95.9	440.45
96	440.52
96.1	440.591
96.2	440.661
96.3	440.731
96.4	440.802
96.5	440.872
96.6	440.942
96.7	441.012
96.8	441.082
96.9	441.152
97	441.222
97.1	441.292
97.2	441.362
97.3	441.431
97.4	441.501
97.5	441.571
97.6	441.64
97.7	441.71
97.8	441.78
97.9	441.849
98	441.918
98.1	441.988
98.2	442.057
98.3	442.126
98.4	442.195
98.5	442.265
98.6	442.334
98.7	442.403
98.8	442.472
98.9	442.541
99	442.609
99.1	442.678
99.2	442.747
99.3	442.816
99.4	442.884
99.5	442.953
99.6	443.022
99.7	443.09
99.8	443.159
99.9	443.227
100	443.295
100.1	443.364
100.2	443.432
100.3	443.5
100.4	443.568
100.5	443.636
100.6	443.705
100.7	443.773
100.8	443.841
100.9	443.908
101	443.976
101.1	444.044
101.2	444.112
101.3	444.18
101.4	444.247
101.5	444.315
101.6	444.382
101.7	444.45
101.8	444.517
101.9	444.585
102	444.652
102.1	444.719
102.2	444.787
102.3	444.854
102.4	444.921
102.5	444.988
102.6	445.055
102.7	445.122
102.8	445.189
102.9	445.256
103	445.323
103.1	445.39
103.2	445.457
103.3	445.523
103.4	445.59
103.5	445.657
103.6	445.723
103.7	445.79
103.8	445.856
103.9	445.923
104	445.989
104.1	446.056
104.2	446.122
104.3	446.188
104.4	446.254
104.5	446.32
104.6	446.387
104.7	446.453
104.8	446.519
104.9	446.585
105	446.65
105.1	446.716
105.2	446.782
105.3	446.848
105.4	446.914
105.5	446.979
105.6	447.045
105.7	447.111
105.8	447.176
105.9	447.242
106	447.307
106.1	447.373
106.2	447.438
106.3	447.503
106.4	447.568
106.5	447.634
106.6	447.699
106.7	447.764
106.8	447.829
106.9	447.894
107	447.959
107.1	448.024
107.2	448.089
107.3	448.154
107.4	448.219
107.5	448.283
107.6	448.348
107.7	448.413
107.8	448.477
107.9	448.542
108	448.607
108.1	448.671
108.2	448.736
108.3	448.8
108.4	448.864
108.5	448.929
108.6	448.993
108.7	449.057
108.8	449.121
108.9	449.186
109	449.25
109.1	449.314
109.2	449.378
109.3	449.442
109.4	449.506
109.5	449.569
109.6	449.633
109.7	449.697
109.8	449.761
109.9	449.825
110	449.888
110.1	449.952
110.2	450.015
110.3	450.079
110.4	450.142
110.5	450.206
110.6	450.269
110.7	450.333
110.8	450.396
110.9	450.459
111	450.522
111.1	450.586
111.2	450.649
111.3	450.712
111.4	450.775
111.5	450.838
111.6	450.901
111.7	450.964
111.8	451.027
111.9	451.09
112	451.152
112.1	451.215
112.2	451.278
112.3	451.341
112.4	451.403
112.5	451.466
112.6	451.528
112.7	451.591
112.8	451.653
112.9	451.716
113	451.778
113.1	451.84
113.2	451.903
113.3	451.965
113.4	452.027
113.5	452.089
113.6	452.152
113.7	452.214
113.8	452.276
113.9	452.338
114	452.4
114.1	452.462
114.2	452.524
114.3	452.585
114.4	452.647
114.5	452.709
114.6	452.771
114.7	452.832
114.8	452.894
114.9	452.956
115	453.017
115.1	453.079
115.2	453.14
115.3	453.202
115.4	453.263
115.5	453.324
115.6	453.386
115.7	453.447
115.8	453.508
115.9	453.569
116	453.631
116.1	453.692
116.2	453.753
116.3	453.814
116.4	453.875
116.5	453.936
116.6	453.997
116.7	454.058
116.8	454.119
116.9	454.179
117	454.24
117.1	454.301
117.2	454.362
117.3	454.422
117.4	454.483
117.5	454.543
117.6	454.604
117.7	454.664
117.8	454.725
117.9	454.785
118	454.846
118.1	454.906
118.2	454.966
118.3	455.027
118.4	455.087
118.5	455.147
118.6	455.207
118.7	455.267
118.8	455.327
118.9	455.387
119	455.447
119.1	455.507
119.2	455.567
119.3	455.627
119.4	455.687
119.5	455.747
119.6	455.806
119.7	455.866
119.8	455.926
119.9	455.986
120	456.045
120.1	456.105
120.2	456.164
120.3	456.224
120.4	456.283
120.5	456.343
120.6	456.402
120.7	456.461
120.8	456.521
120.9	456.58
121	456.639
121.1	456.698
121.2	456.758
121.3	456.817
121.4	456.876
121.5	456.935
121.6	456.994
121.7	457.053
121.8	457.112
121.9	457.171
122	457.23
122.1	457.288
122.2	457.347
122.3	457.406
122.4	457.465
122.5	457.523
122.6	457.582
122.7	457.641
122.8	457.699
122.9	457.758
123	457.816
123.1	457.875
123.2	457.933
123.3	457.992
123.4	458.05
123.5	458.108
123.6	458.167
123.7	458.225
123.8	458.283
123.9	458.341
124	458.399
124.1	458.458
124.2	458.516
124.3	458.574
124.4	458.632
124.5	458.69
124.6	458.748
124.7	458.806
124.8	458.863
124.9	458.921
125	458.979
125.1	459.037
125.2	459.095
125.3	459.152
125.4	459.21
125.5	459.268
125.6	459.325
125.7	459.383
125.8	459.44
125.9	459.498
126	459.555
126.1	459.613
126.2	459.67
126.3	459.727
126.4	459.785
126.5	459.842
126.6	459.899
126.7	459.956
126.8	460.013
126.9	460.071
127	460.128
127.1	460.185
127.2	460.242
127.3	460.299
127.4	460.356
127.5	460.413
127.6	460.47
127.7	460.526
127.8	460.583
127.9	460.64
128	460.697
128.1	460.754
128.2	460.81
128.3	460.867
128.4	460.924
128.5	460.98
128.6	461.037
128.7	461.093
128.8	461.15
128.9	461.206
129	461.263
129.1	461.319
129.2	461.375
129.3	461.432
129.4	461.488
129.5	461.544
129.6	461.6
129.7	461.657
129.8	461.713
129.9	461.769
130	461.825
130.1	461.881
130.2	461.937
130.3	461.993
130.4	462.049
130.5	462.105
130.6	462.161
130.7	462.217
130.8	462.273
130.9	462.328
131	462.384
131.1	462.44
131.2	462.496
131.3	462.551
131.4	462.607
131.5	462.663
131.6	462.718
131.7	462.774
131.8	462.829
131.9	462.885
132	462.94
132.1	462.996
132.2	463.051
132.3	463.106
132.4	463.162
132.5	463.217
132.6	463.272
132.7	463.327
132.8	463.383
132.9	463.438
133	463.493
133.1	463.548
133.2	463.603
133.3	463.658
133.4	463.713
133.5	463.768
133.6	463.823
133.7	463.878
133.8	463.933
133.9	463.988
134	464.042
134.1	464.097
134.2	464.152
134.3	464.207
134.4	464.261
134.5	464.316
134.6	464.371
134.7	464.425
134.8	464.48
134.9	464.534
135	464.589
135.1	464.643
135.2	464.698
135.3	464.752
135.4	464.806
135.5	464.861
135.6	464.915
135.7	464.969
135.8	465.024
135.9	465.078
136	465.132
136.1	465.186
136.2	465.24
136.3	465.295
136.4	465.349
136.5	465.403
136.6	465.457
136.7	465.511
136.8	465.565
136.9	465.618
137	465.672
137.1	465.726
137.2	465.78
137.3	465.834
137.4	465.888
137.5	465.941
137.6	465.995
137.7	466.049
137.8	466.102
137.9	466.156
138	466.21
138.1	466.263
138.2	466.317
138.3	466.37
138.4	466.424
138.5	466.477
138.6	466.531
138.7	466.584
138.8	466.637
138.9	466.691
139	466.744
139.1	466.797
139.2	466.85
139.3	466.904
139.4	466.957
139.5	467.01
139.6	467.063
139.7	467.116
139.8	467.169
139.9	467.222
140	467.275
140.1	467.328
140.2	467.381
140.3	467.434
140.4	467.487
140.5	467.54
140.6	467.593
140.7	467.646
140.8	467.698
140.9	467.751
141	467.804
141.1	467.856
141.2	467.909
141.3	467.962
141.4	468.014
141.5	468.067
141.6	468.119
141.7	468.172
141.8	468.224
141.9	468.277
142	468.329
142.1	468.382
142.2	468.434
142.3	468.486
142.4	468.539
142.5	468.591
142.6	468.643
142.7	468.696
142.8	468.748
142.9	468.8
143	468.852
143.1	468.904
143.2	468.956
143.3	469.008
143.4	469.06
143.5	469.112
143.6	469.164
143.7	469.216
143.8	469.268
143.9	469.32
144	469.372
144.1	469.424
144.2	469.476
144.3	469.527
144.4	469.579
144.5	469.631
144.6	469.683
144.7	469.734
144.8	469.786
144.9	469.838
145	469.889
145.1	469.941
145.2	469.992
145.3	470.044
145.4	470.095
145.5	470.147
145.6	470.198
145.7	470.25
145.8	470.301
145.9	470.352
146	470.404
146.1	470.455
146.2	470.506
146.3	470.557
146.4	470.609
146.5	470.66
146.6	470.711
146.7	470.762
146.8	470.813
146.9	470.864
147	470.915
147.1	470.966
147.2	471.017
147.3	471.068
147.4	471.119
147.5	471.17
147.6	471.221
147.7	471.272
147.8	471.323
147.9	471.374
148	471.424
148.1	471.475
148.2	471.526
148.3	471.577
148.4	471.627
148.5	471.678
148.6	471.729
148.7	471.779
148.8	471.83
148.9	471.88
149	471.931
149.1	471.981
149.2	472.032
149.3	472.082
149.4	472.133
149.5	472.183
149.6	472.234
149.7	472.284
149.8	472.334
149.9	472.384
150	472.435
150.1	472.485
150.2	472.535
150.3	472.585
150.4	472.636
150.5	472.686
150.6	472.736
150.7	472.786
150.8	472.836
150.9	472.886
151	472.936
151.1	472.986
151.2	473.036
151.3	473.086
151.4	473.136
151.5	473.186
151.6	473.235
151.7	473.285
151.8	473.335
151.9	473.385
152	473.435
152.1	473.484
152.2	473.534
152.3	473.584
152.4	473.633
152.5	473.683
152.6	473.733
152.7	473.782
152.8	473.832
152.9	473.881
153	473.931
153.1	473.98
153.2	474.03
153.3	474.079
153.4	474.129
153.5	474.178
153.6	474.227
153.7	474.277
153.8	474.326
153.9	474.375
154	474.424
154.1	474.474
154.2	474.523
154.3	474.572
154.4	474.621
154.5	474.67
154.6	474.719
154.7	474.769
154.8	474.818
154.9	474.867
155	474.916
155.1	474.965
155.2	475.014
155.3	475.063
155.4	475.111
155.5	475.16
155.6	475.209
155.7	475.258
155.8	475.307
155.9	475.356
156	475.404
156.1	475.453
156.2	475.502
156.3	475.551
156.4	475.599
156.5	475.648
156.6	475.697
156.7	475.745
156.8	475.794
156.9	475.842
157	475.891
157.1	475.939
157.2	475.988
157.3	476.036
157.4	476.085
157.5	476.133
157.6	476.181
157.7	476.23
157.8	476.278
157.9	476.326
158	476.375
158.1	476.423
158.2	476.471
158.3	476.519
158.4	476.568
158.5	476.616
158.6	476.664
158.7	476.712
158.8	476.76
158.9	476.808
159	476.856
159.1	476.904
159.2	476.952
159.3	477
159.4	477.048
159.5	477.096
159.6	477.144
159.7	477.192
159.8	477.24
159.9	477.288
160	477.336
160.1	477.383
160.2	477.431
160.3	477.479
160.4	477.527
160.5	477.574
160.6	477.622
160.7	477.67
160.8	477.717
160.9	477.765
161	477.813
161.1	477.86
161.2	477.908
161.3	477.955
161.4	478.003
161.5	478.05
161.6	478.098
161.7	478.145
161.8	478.192
161.9	478.24
162	478.287
162.1	478.335
162.2	478.382
162.3	478.429
162.4	478.476
162.5	478.524
162.6	478.571
162.7	478.618
162.8	478.665
162.9	478.712
163	478.76
163.1	478.807
163.2	478.854
163.3	478.901
163.4	478.948
163.5	478.995
163.6	479.042
163.7	479.089
163.8	479.136
163.9	479.183
164	479.23
164.1	479.277
164.2	479.324
164.3	479.37
164.4	479.417
164.5	479.464
164.6	479.511
164.7	479.558
164.8	479.604
164.9	479.651
165	479.698
165.1	479.744
165.2	479.791
165.3	479.838
165.4	479.884
165.5	479.931
165.6	479.977
165.7	480.024
165.8	480.07
165.9	480.117
166	480.163
166.1	480.21
166.2	480.256
166.3	480.303
166.4	480.349
166.5	480.395
166.6	480.442
166.7	480.488
166.8	480.534
166.9	480.581
167	480.627
167.1	480.673
167.2	480.719
167.3	480.766
167.4	480.812
167.5	480.858
167.6	480.904
167.7	480.95
167.8	480.996
167.9	481.042
168	481.088
168.1	481.134
168.2	481.18
168.3	481.226
168.4	481.272
168.5	481.318
168.6	481.364
168.7	481.41
168.8	481.456
168.9	481.502
169	481.548
169.1	481.594
169.2	481.639
169.3	481.685
169.4	481.731
169.5	481.777
169.6	481.822
169.7	481.868
169.8	481.914
169.9	481.959
170	482.005
170.1	482.051
170.2	482.096
170.3	482.142
170.4	482.187
170.5	482.233
170.6	482.278
170.7	482.324
170.8	482.369
170.9	482.415
171	482.46
171.1	482.505
171.2	482.551
171.3	482.596
171.4	482.642
171.5	482.687
171.6	482.732
171.7	482.777
171.8	482.823
171.9	482.868
172	482.913
172.1	482.958
172.2	483.003
172.3	483.049
172.4	483.094
172.5	483.139
172.6	483.184
172.7	483.229
172.8	483.274
172.9	483.319
173	483.364
173.1	483.409
173.2	483.454
173.3	483.499
173.4	483.544
173.5	483.589
173.6	483.634
173.7	483.679
173.8	483.723
173.9	483.768
174	483.813
174.1	483.858
174.2	483.903
174.3	483.947
174.4	483.992
174.5	484.037
174.6	484.082
174.7	484.126
174.8	484.171
174.9	484.215
175	484.26
175.1	484.305
175.2	484.349
175.3	484.394
175.4	484.438
175.5	484.483
175.6	484.527
175.7	484.572
175.8	484.616
175.9	484.661
176	484.705
176.1	484.749
176.2	484.794
176.3	484.838
176.4	484.883
176.5	484.927
176.6	484.971
176.7	485.015
176.8	485.06
176.9	485.104
177	485.148
177.1	485.192
177.2	485.237
177.3	485.281
177.4	485.325
177.5	485.369
177.6	485.413
177.7	485.457
177.8	485.501
177.9	485.545
178	485.589
178.1	485.633
178.2	485.677
178.3	485.721
178.4	485.765
178.5	485.809
178.6	485.853
178.7	485.897
178.8	485.941
178.9	485.985
179	486.028
179.1	486.072
179.2	486.116
179.3	486.16
179.4	486.204
179.5	486.247
179.6	486.291
179.7	486.335
179.8	486.378
179.9	486.422
180	486.466
180.1	486.509
180.2	486.553
180.3	486.597
180.4	486.64
180.5	486.684
180.6	486.727
180.7	486.771
180.8	486.814
180.9	486.858
181	486.901
181.1	486.945
181.2	486.988
181.3	487.031
181.4	487.075
181.5	487.118
181.6	487.161
181.7	487.205
181.8	487.248
181.9	487.291
182	487.335
182.1	487.378
182.2	487.421
182.3	487.464
182.4	487.507
182.5	487.551
182.6	487.594
182.7	487.637
182.8	487.68
182.9	487.723
183	487.766
183.1	487.809
183.2	487.852
183.3	487.895
183.4	487.938
183.5	487.981
183.6	488.024
183.7	488.067
183.8	488.11
183.9	488.153
184	488.196
184.1	488.239
184.2	488.282
184.3	488.325
184.4	488.368
184.5	488.41
184.6	488.453
184.7	488.496
184.8	488.539
184.9	488.581
185	488.624
185.1	488.667
185.2	488.709
185.3	488.752
185.4	488.795
185.5	488.837
185.6	488.88
185.7	488.923
185.8	488.965
185.9	489.008
186	489.05
186.1	489.093
186.2	489.135
186.3	489.178
186.4	489.22
186.5	489.263
186.6	489.305
186.7	489.348
186.8	489.39
186.9	489.432
187	489.475
187.1	489.517
187.2	489.559
187.3	489.602
187.4	489.644
187.5	489.686
187.6	489.729
187.7	489.771
187.8	489.813
187.9	489.855
188	489.897
188.1	489.94
188.2	489.982
188.3	490.024
188.4	490.066
188.5	490.108
188.6	490.15
188.7	490.192
188.8	490.234
188.9	490.276
189	490.318
189.1	490.36
189.2	490.402
189.3	490.444
189.4	490.486
189.5	490.528
189.6	490.57
189.7	490.612
189.8	490.654
189.9	490.696
190	490.737
190.1	490.779
190.2	490.821
190.3	490.863
190.4	490.905
190.5	490.946
190.6	490.988
190.7	491.03
190.8	491.072
190.9	491.113
191	491.155
191.1	491.197
191.2	491.238
191.3	491.28
191.4	491.321
191.5	491.363
191.6	491.405
191.7	491.446
191.8	491.488
191.9	491.529
192	491.571
192.1	491.612
192.2	491.654
192.3	491.695
192.4	491.736
192.5	491.778
192.6	491.819
192.7	491.861
192.8	491.902
192.9	491.943
193	491.985
193.1	492.026
193.2	492.067
193.3	492.109
193.4	492.15
193.5	492.191
193.6	492.232
193.7	492.274
193.8	492.315
193.9	492.356
194	492.397
194.1	492.438
194.2	492.479
194.3	492.521
194.4	492.562
194.5	492.603
194.6	492.644
194.7	492.685
194.8	492.726
194.9	492.767
195	492.808
195.1	492.849
195.2	492.89
195.3	492.931
195.4	492.972
195.5	493.013
195.6	493.054
195.7	493.094
195.8	493.135
195.9	493.176
196	493.217
196.1	493.258
196.2	493.299
196.3	493.339
196.4	493.38
196.5	493.421
196.6	493.462
196.7	493.502
196.8	493.543
196.9	493.584
197	493.624
197.1	493.665
197.2	493.706
197.3	493.746
197.4	493.787
197.5	493.828
197.6	493.868
197.7	493.909
197.8	493.949
197.9	493.99
198	494.03
198.1	494.071
198.2	494.111
198.3	494.152
198.4	494.192
198.5	494.233
198.6	494.273
198.7	494.313
198.8	494.354
198.9	494.394
199	494.434
199.1	494.475
199.2	494.515
199.3	494.555
199.4	494.596
199.5	494.636
199.6	494.676
199.7	494.717
199.8	494.757
199.9	494.797
200	494.837
200.1	494.877
200.2	494.917
200.3	494.958
200.4	494.998
200.5	495.038
200.6	495.078
200.7	495.118
200.8	495.158
200.9	495.198
201	495.238
201.1	495.278
201.2	495.318
201.3	495.358
201.4	495.398
201.5	495.438
201.6	495.478
201.7	495.518
201.8	495.558
201.9	495.598
202	495.638
202.1	495.678
202.2	495.717
202.3	495.757
202.4	495.797
202.5	495.837
202.6	495.877
202.7	495.917
202.8	495.956
202.9	495.996
203	496.036
203.1	496.075
203.2	496.115
203.3	496.155
203.4	496.195
203.5	496.234
203.6	496.274
203.7	496.313
203.8	496.353
203.9	496.393
204	496.432
204.1	496.472
204.2	496.511
204.3	496.551
204.4	496.59
204.5	496.63
204.6	496.669
204.7	496.709
204.8	496.748
204.9	496.788
205	496.827
205.1	496.867
205.2	496.906
205.3	496.945
205.4	496.985
205.5	497.024
205.6	497.063
205.7	497.103
205.8	497.142
205.9	497.181
206	497.221
206.1	497.26
206.2	497.299
206.3	497.338
206.4	497.378
206.5	497.417
206.6	497.456
206.7	497.495
206.8	497.534
206.9	497.573
207	497.612
207.1	497.652
207.2	497.691
207.3	497.73
207.4	497.769
207.5	497.808
207.6	497.847
207.7	497.886
207.8	497.925
207.9	497.964
208	498.003
208.1	498.042
208.2	498.081
208.3	498.12
208.4	498.159
208.5	498.198
208.6	498.236
208.7	498.275
208.8	498.314
208.9	498.353
209	498.392
209.1	498.431
209.2	498.47
209.3	498.508
209.4	498.547
209.5	498.586
209.6	498.625
209.7	498.663
209.8	498.702
209.9	498.741
210	498.779
210.1	498.818
210.2	498.857
210.3	498.895
210.4	498.934
210.5	498.973
210.6	499.011
210.7	499.05
210.8	499.088
210.9	499.127
211	499.166
211.1	499.204
211.2	499.243
211.3	499.281
211.4	499.32
211.5	499.358
211.6	499.396
211.7	499.435
211.8	499.473
211.9	499.512
212	499.55
212.1	499.589
212.2	499.627
212.3	499.665
212.4	499.704
212.5	499.742
212.6	499.78
212.7	499.819
212.8	499.857
212.9	499.895
213	499.933
213.1	499.972
213.2	500.01
213.3	500.048
213.4	500.086
213.5	500.124
213.6	500.163
213.7	500.201
213.8	500.239
213.9	500.277
214	500.315
214.1	500.353
214.2	500.391
214.3	500.429
214.4	500.468
214.5	500.506
214.6	500.544
214.7	500.582
214.8	500.62
214.9	500.658
215	500.696
215.1	500.734
215.2	500.772
215.3	500.809
215.4	500.847
215.5	500.885
215.6	500.923
215.7	500.961
215.8	500.999
215.9	501.037
216	501.075
216.1	501.112
216.2	501.15
216.3	501.188
216.4	501.226
216.5	501.264
216.6	501.301
216.7	501.339
216.8	501.377
216.9	501.415
217	501.452
217.1	501.49
217.2	501.528
217.3	501.565
217.4	501.603
217.5	501.641
217.6	501.678
217.7	501.716
217.8	501.753
217.9	501.791
218	501.829
218.1	501.866
218.2	501.904
218.3	501.941
218.4	501.979
218.5	502.016
218.6	502.054
218.7	502.091
218.8	502.129
218.9	502.166
219	502.204
219.1	502.241
219.2	502.278
219.3	502.316
219.4	502.353
219.5	502.391
219.6	502.428
219.7	502.465
219.8	502.503
219.9	502.54
220	502.577
220.1	502.614
220.2	502.652
220.3	502.689
220.4	502.726
220.5	502.763
220.6	502.801
220.7	502.838
220.8	502.875
220.9	502.912
221	502.949
221.1	502.987
221.2	503.024
221.3	503.061
221.4	503.098
221.5	503.135
221.6	503.172
221.7	503.209
221.8	503.246
221.9	503.283
222	503.32
222.1	503.357
222.2	503.394
222.3	503.431
222.4	503.468
222.5	503.505
222.6	503.542
222.7	503.579
222.8	503.616
222.9	503.653
223	503.69
223.1	503.727
223.2	503.764
223.3	503.801
223.4	503.837
223.5	503.874
223.6	503.911
223.7	503.948
223.8	503.985
223.9	504.022
224	504.058
224.1	504.095
224.2	504.132
224.3	504.169
224.4	504.205
224.5	504.242
224.6	504.279
224.7	504.315
224.8	504.352
224.9	504.389
225	504.425
225.1	504.462
225.2	504.499
225.3	504.535
225.4	504.572
225.5	504.608
225.6	504.645
225.7	504.682
225.8	504.718
225.9	504.755
226	504.791
226.1	504.828
226.2	504.864
226.3	504.901
226.4	504.937
226.5	504.974
226.6	505.01
226.7	505.046
226.8	505.083
226.9	505.119
227	505.156
227.1	505.192
227.2	505.228
227.3	505.265
227.4	505.301
227.5	505.337
227.6	505.374
227.7	505.41
227.8	505.446
227.9	505.483
228	505.519
228.1	505.555
228.2	505.591
228.3	505.628
228.4	505.664
228.5	505.7
228.6	505.736
228.7	505.772
228.8	505.809
228.9	505.845
229	505.881
229.1	505.917
229.2	505.953
229.3	505.989
229.4	506.025
229.5	506.061
229.6	506.097
229.7	506.133
229.8	506.17
229.9	506.206
230	506.242
230.1	506.278
230.2	506.314
230.3	506.35
230.4	506.386
230.5	506.421
230.6	506.457
230.7	506.493
230.8	506.529
230.9	506.565
231	506.601
231.1	506.637
231.2	506.673
231.3	506.709
231.4	506.745
231.5	506.78
231.6	506.816
231.7	506.852
231.8	506.888
231.9	506.924
232	506.959
232.1	506.995
232.2	507.031
232.3	507.067
232.4	507.102
232.5	507.138
232.6	507.174
232.7	507.209
232.8	507.245
232.9	507.281
233	507.316
233.1	507.352
233.2	507.388
233.3	507.423
233.4	507.459
233.5	507.494
233.6	507.53
233.7	507.566
233.8	507.601
233.9	507.637
234	507.672
234.1	507.708
234.2	507.743
234.3	507.779
234.4	507.814
234.5	507.85
234.6	507.885
234.7	507.921
234.8	507.956
234.9	507.992
235	508.027
235.1	508.062
235.2	508.098
235.3	508.133
235.4	508.168
235.5	508.204
235.6	508.239
235.7	508.275
235.8	508.31
235.9	508.345
236	508.38
236.1	508.416
236.2	508.451
236.3	508.486
236.4	508.521
236.5	508.557
236.6	508.592
236.7	508.627
236.8	508.662
236.9	508.698
237	508.733
237.1	508.768
237.2	508.803
237.3	508.838
237.4	508.873
237.5	508.908
237.6	508.944
237.7	508.979
237.8	509.014
237.9	509.049
238	509.084
238.1	509.119
238.2	509.154
238.3	509.189
238.4	509.224
238.5	509.259
238.6	509.294
238.7	509.329
238.8	509.364
238.9	509.399
239	509.434
239.1	509.469
239.2	509.504
239.3	509.539
239.4	509.574
239.5	509.608
239.6	509.643
239.7	509.678
239.8	509.713
239.9	509.748
240	509.783
240.1	509.817
240.2	509.852
240.3	509.887
240.4	509.922
240.5	509.957
240.6	509.991
240.7	510.026
240.8	510.061
240.9	510.096
241	510.13
241.1	510.165
241.2	510.2
241.3	510.234
241.4	510.269
241.5	510.304
241.6	510.338
241.7	510.373
241.8	510.408
241.9	510.442
242	510.477
242.1	510.511
242.2	510.546
242.3	510.581
242.4	510.615
242.5	510.65
242.6	510.684
242.7	510.719
242.8	510.753
242.9	510.788
243	510.822
243.1	510.857
243.2	510.891
243.3	510.926
243.4	510.96
243.5	510.995
243.6	511.029
243.7	511.063
243.8	511.098
243.9	511.132
244	511.167
244.1	511.201
244.2	511.235
244.3	511.27
244.4	511.304
244.5	511.338
244.6	511.373
244.7	511.407
244.8	511.441
244.9	511.476
245	511.51
245.1	511.544
245.2	511.578
245.3	511.613
245.4	511.647
245.5	511.681
245.6	511.715
245.7	511.749
245.8	511.784
245.9	511.818
246	511.852
246.1	511.886
246.2	511.92
246.3	511.954
246.4	511.988
246.5	512.022
246.6	512.057
246.7	512.091
246.8	512.125
246.9	512.159
247	512.193
247.1	512.227
247.2	512.261
247.3	512.295
247.4	512.329
247.5	512.363
247.6	512.397
247.7	512.431
247.8	512.465
247.9	512.499
248	512.533
248.1	512.567
248.2	512.601
248.3	512.635
248.4	512.668
248.5	512.702
248.6	512.736
248.7	512.77
248.8	512.804
248.9	512.838
249	512.872
249.1	512.905
249.2	512.939
249.3	512.973
249.4	513.007
249.5	513.041
249.6	513.074
249.7	513.108
249.8	513.142
249.9	513.176
250	513.209
250.1	513.243
250.2	513.277
250.3	513.31
250.4	513.344
250.5	513.378
250.6	513.411
250.7	513.445
250.8	513.479
250.9	513.512
251	513.546
251.1	513.58
251.2	513.613
251.3	513.647
251.4	513.68
251.5	513.714
251.6	513.748
251.7	513.781
251.8	513.815
251.9	513.848
252	513.882
252.1	513.915
252.2	513.949
252.3	513.982
252.4	514.016
252.5	514.049
252.6	514.083
252.7	514.116
252.8	514.149
252.9	514.183
253	514.216
253.1	514.25
253.2	514.283
253.3	514.316
253.4	514.35
253.5	514.383
253.6	514.416
253.7	514.45
253.8	514.483
253.9	514.516
254	514.55
254.1	514.583
254.2	514.616
254.3	514.65
254.4	514.683
254.5	514.716
254.6	514.749
254.7	514.783
254.8	514.816
254.9	514.849
255	514.882
255.1	514.915
255.2	514.949
255.3	514.982
255.4	515.015
255.5	515.048
255.6	515.081
255.7	515.114
255.8	515.148
255.9	515.181
256	515.214
256.1	515.247
256.2	515.28
256.3	515.313
256.4	515.346
256.5	515.379
256.6	515.412
256.7	515.445
256.8	515.478
256.9	515.511
257	515.544
257.1	515.577
257.2	515.61
257.3	515.643
257.4	515.676
257.5	515.709
257.6	515.742
257.7	515.775
257.8	515.808
257.9	515.841
258	515.874
258.1	515.907
258.2	515.939
258.3	515.972
258.4	516.005
258.5	516.038
258.6	516.071
258.7	516.104
258.8	516.136
258.9	516.169
259	516.202
259.1	516.235
259.2	516.268
259.3	516.3
259.4	516.333
259.5	516.366
259.6	516.399
259.7	516.431
259.8	516.464
259.9	516.497
260	516.529
260.1	516.562
260.2	516.595
260.3	516.628
260.4	516.66
260.5	516.693
260.6	516.725
260.7	516.758
260.8	516.791
260.9	516.823
261	516.856
261.1	516.889
261.2	516.921
261.3	516.954
261.4	516.986
261.5	517.019
261.6	517.051
261.7	517.084
261.8	517.116
261.9	517.149
262	517.181
262.1	517.214
262.2	517.246
262.3	517.279
262.4	517.311
262.5	517.344
262.6	517.376
262.7	517.409
262.8	517.441
262.9	517.473
263	517.506
263.1	517.538
263.2	517.571
263.3	517.603
263.4	517.635
263.5	517.668
263.6	517.7
263.7	517.732
263.8	517.765
263.9	517.797
264	517.829
264.1	517.862
264.2	517.894
264.3	517.926
264.4	517.958
264.5	517.991
264.6	518.023
264.7	518.055
264.8	518.087
264.9	518.12
265	518.152
265.1	518.184
265.2	518.216
265.3	518.248
265.4	518.281
265.5	518.313
265.6	518.345
265.7	518.377
265.8	518.409
265.9	518.441
266	518.473
266.1	518.506
266.2	518.538
266.3	518.57
266.4	518.602
266.5	518.634
266.6	518.666
266.7	518.698
266.8	518.73
266.9	518.762
267	518.794
267.1	518.826
267.2	518.858
267.3	518.89
267.4	518.922
267.5	518.954
267.6	518.986
267.7	519.018
267.8	519.05
267.9	519.082
268	519.114
268.1	519.146
268.2	519.178
268.3	519.209
268.4	519.241
268.5	519.273
268.6	519.305
268.7	519.337
268.8	519.369
268.9	519.401
269	519.432
269.1	519.464
269.2	519.496
269.3	519.528
269.4	519.56
269.5	519.591
269.6	519.623
269.7	519.655
269.8	519.687
269.9	519.718
270	519.75
270.1	519.782
270.2	519.814
270.3	519.845
270.4	519.877
270.5	519.909
270.6	519.94
270.7	519.972
270.8	520.004
270.9	520.035
271	520.067
271.1	520.099
271.2	520.13
271.3	520.162
271.4	520.194
271.5	520.225
271.6	520.257
271.7	520.288
271.8	520.32
271.9	520.351
272	520.383
272.1	520.415
272.2	520.446
272.3	520.478
272.4	520.509
272.5	520.541
272.6	520.572
272.7	520.604
272.8	520.635
272.9	520.667
273	520.698
273.1	520.729
273.2	520.761
273.3	520.792
273.4	520.824
273.5	520.855
273.6	520.887
273.7	520.918
273.8	520.949
273.9	520.981
274	521.012
274.1	521.043
274.2	521.075
274.3	521.106
274.4	521.138
274.5	521.169
274.6	521.2
274.7	521.231
274.8	521.263
274.9	521.294
275	521.325
275.1	521.357
275.2	521.388
275.3	521.419
275.4	521.45
275.5	521.482
275.6	521.513
275.7	521.544
275.8	521.575
275.9	521.606
276	521.638
276.1	521.669
276.2	521.7
276.3	521.731
276.4	521.762
276.5	521.793
276.6	521.825
276.7	521.856
276.8	521.887
276.9	521.918
277	521.949
277.1	521.98
277.2	522.011
277.3	522.042
277.4	522.073
277.5	522.104
277.6	522.135
277.7	522.166
277.8	522.198
277.9	522.229
278	522.26
278.1	522.291
278.2	522.322
278.3	522.353
278.4	522.384
278.5	522.414
278.6	522.445
278.7	522.476
278.8	522.507
278.9	522.538
279	522.569
279.1	522.6
279.2	522.631
279.3	522.662
279.4	522.693
279.5	522.724
279.6	522.755
279.7	522.785
279.8	522.816
279.9	522.847
280	522.878
280.1	522.909
280.2	522.94
280.3	522.97
280.4	523.001
280.5	523.032
280.6	523.063
280.7	523.094
280.8	523.124
280.9	523.155
281	523.186
281.1	523.217
281.2	523.247
281.3	523.278
281.4	523.309
281.5	523.339
281.6	523.37
281.7	523.401
281.8	523.432
281.9	523.462
282	523.493
282.1	523.523
282.2	523.554
282.3	523.585
282.4	523.615
282.5	523.646
282.6	523.677
282.7	523.707
282.8	523.738
282.9	523.768
283	523.799
283.1	523.83
283.2	523.86
283.3	523.891
283.4	523.921
283.5	523.952
283.6	523.982
283.7	524.013
283.8	524.043
283.9	524.074
284	524.104
284.1	524.135
284.2	524.165
284.3	524.196
284.4	524.226
284.5	524.257
284.6	524.287
284.7	524.318
284.8	524.348
284.9	524.378
285	524.409
285.1	524.439
285.2	524.47
285.3	524.5
285.4	524.53
285.5	524.561
285.6	524.591
285.7	524.621
285.8	524.652
285.9	524.682
286	524.712
286.1	524.743
286.2	524.773
286.3	524.803
286.4	524.834
286.5	524.864
286.6	524.894
286.7	524.924
286.8	524.955
286.9	524.985
287	525.015
287.1	525.045
287.2	525.076
287.3	525.106
287.4	525.136
287.5	525.166
287.6	525.196
287.7	525.227
287.8	525.257
287.9	525.287
288	525.317
288.1	525.347
288.2	525.377
288.3	525.407
288.4	525.438
288.5	525.468
288.6	525.498
288.7	525.528
288.8	525.558
288.9	525.588
289	525.618
289.1	525.648
289.2	525.678
289.3	525.708
289.4	525.738
289.5	525.768
289.6	525.798
289.7	525.828
289.8	525.858
289.9	525.888
290	525.918
290.1	525.948
290.2	525.978
290.3	526.008
290.4	526.038
290.5	526.068
290.6	526.098
290.7	526.128
290.8	526.158
290.9	526.188
291	526.218
291.1	526.248
291.2	526.278
291.3	526.308
291.4	526.337
291.5	526.367
291.6	526.397
291.7	526.427
291.8	526.457
291.9	526.487
292	526.517
292.1	526.546
292.2	526.576
292.3	526.606
292.4	526.636
292.5	526.666
292.6	526.695
292.7	526.725
292.8	526.755
292.9	526.785
293	526.814
293.1	526.844
293.2	526.874
293.3	526.904
293.4	526.933
293.5	526.963
293.6	526.993
293.7	527.022
293.8	527.052
293.9	527.082
294	527.111
294.1	527.141
294.2	527.171
294.3	527.2
294.4	527.23
294.5	527.26
294.6	527.289
294.7	527.319
294.8	527.348
294.9	527.378
295	527.408
295.1	527.437
295.2	527.467
295.3	527.496
295.4	527.526
295.5	527.555
295.6	527.585
295.7	527.615
295.8	527.644
295.9	527.674
296	527.703
296.1	527.733
296.2	527.762
296.3	527.792
296.4	527.821
296.5	527.85
296.6	527.88
296.7	527.909
296.8	527.939
296.9	527.968
297	527.998
297.1	528.027
297.2	528.057
297.3	528.086
297.4	528.115
297.5	528.145
297.6	528.174
297.7	528.203
297.8	528.233
297.9	528.262
298	528.292
298.1	528.321
298.2	528.35
298.3	528.38
298.4	528.409
298.5	528.438
298.6	528.468
298.7	528.497
298.8	528.526
298.9	528.555
299	528.585
299.1	528.614
299.2	528.643
299.3	528.672
299.4	528.702
299.5	528.731
299.6	528.76
299.7	528.789
299.8	528.819
299.9	528.848
300	528.877
