W	Pred
1.5	464.508
1.6	452.899
1.7	442.738
1.8	433.783
1.9	425.845
2	418.769
2.1	412.433
2.2	406.735
2.3	401.591
2.4	396.93
2.5	392.695
2.6	388.835
2.7	385.308
2.8	382.077
2.9	379.111
3	376.384
3.1	373.87
3.2	371.55
3.3	369.406
3.4	367.421
3.5	365.581
3.6	363.874
3.7	362.288
3.8	360.813
3.9	359.441
4	358.164
4.1	356.973
4.2	355.863
4.3	354.827
4.4	353.86
4.5	352.958
4.6	352.115
4.7	351.328
4.8	350.593
4.9	349.906
5	349.265
5.1	348.666
5.2	348.106
5.3	347.584
5.4	347.097
5.5	346.643
5.6	346.22
5.7	345.826
5.8	345.46
5.9	345.119
6	344.803
6.1	344.51
6.2	344.239
6.3	343.989
6.4	343.758
6.5	343.546
6.6	343.351
6.7	343.173
6.8	343.011
6.9	342.864
7	342.731
7.1	342.612
7.2	342.505
7.3	342.411
7.4	342.329
7.5	342.258
7.6	342.197
7.7	342.147
7.8	342.106
7.9	342.074
8	342.052
8.1	342.037
8.2	342.031
8.3	342.032
8.4	342.041
8.5	342.056
8.6	342.078
8.7	342.107
8.8	342.142
8.9	342.182
9	342.229
9.1	342.28
9.2	342.337
9.3	342.399
9.4	342.465
9.5	342.536
9.6	342.611
9.7	342.691
9.8	342.774
9.9	342.862
10	342.953
10.1	343.047
10.2	343.145
10.3	343.246
10.4	343.35
10.5	343.457
10.6	343.567
10.7	343.68
10.8	343.795
10.9	343.913
11	344.034
11.1	344.156
11.2	344.281
11.3	344.409
11.4	344.538
11.5	344.669
11.6	344.802
11.7	344.937
11.8	345.074
11.9	345.212
12	345.352
12.1	345.493
12.2	345.636
12.3	345.781
12.4	345.927
12.5	346.074
12.6	346.222
12.7	346.372
12.8	346.522
12.9	346.674
13	346.827
13.1	346.981
13.2	347.136
13.3	347.292
13.4	347.449
13.5	347.606
13.6	347.765
13.7	347.924
13.8	348.084
13.9	348.245
14	348.406
14.1	348.568
14.2	348.731
14.3	348.894
14.4	349.058
14.5	349.223
14.6	349.388
14.7	349.553
14.8	349.719
14.9	349.885
15	350.052
15.1	350.219
15.2	350.387
15.3	350.554
15.4	350.723
15.5	350.891
15.6	351.06
15.7	351.229
15.8	351.399
15.9	351.568
16	351.738
16.1	351.908
16.2	352.078
16.3	352.249
16.4	352.419
16.5	352.59
16.6	352.761
16.7	352.932
16.8	353.103
16.9	353.275
17	353.446
17.1	353.618
17.2	353.789
17.3	353.961
17.4	354.132
17.5	354.304
17.6	354.476
17.7	354.647
17.8	354.819
17.9	354.991
18	355.163
18.1	355.334
18.2	355.506
18.3	355.678
18.4	355.85
18.5	356.021
18.6	356.193
18.7	356.364
18.8	356.536
18.9	356.707
19	356.878
19.1	357.05
19.2	357.221
19.3	357.392
19.4	357.563
19.5	357.734
19.6	357.904
19.7	358.075
19.8	358.245
19.9	358.416
20	358.586
20.1	358.756
20.2	358.926
20.3	359.096
20.4	359.266
20.5	359.435
20.6	359.605
20.7	359.774
20.8	359.943
20.9	360.112
21	360.281
21.1	360.449
21.2	360.618
21.3	360.786
21.4	360.954
21.5	361.122
21.6	361.29
21.7	361.457
21.8	361.624
21.9	361.792
22	361.959
22.1	362.125
22.2	362.292
22.3	362.458
22.4	362.624
22.5	362.79
22.6	362.956
22.7	363.122
22.8	363.287
22.9	363.452
23	363.617
23.1	363.782
23.2	363.946
23.3	364.111
23.4	364.275
23.5	364.439
23.6	364.602
23.7	364.766
23.8	364.929
23.9	365.092
24	365.255
24.1	365.417
24.2	365.58
24.3	365.742
24.4	365.904
24.5	366.065
24.6	366.227
24.7	366.388
24.8	366.549
24.9	366.71
25	366.87
25.1	367.03
25.2	367.19
25.3	367.35
25.4	367.51
25.5	367.669
25.6	367.828
25.7	367.987
25.8	368.146
25.9	368.304
26	368.462
26.1	368.62
26.2	368.778
26.3	368.935
26.4	369.092
26.5	369.249
26.6	369.406
26.7	369.563
26.8	369.719
26.9	369.875
27	370.031
27.1	370.186
27.2	370.342
27.3	370.497
27.4	370.652
27.5	370.806
27.6	370.961
27.7	371.115
27.8	371.269
27.9	371.422
28	371.576
28.1	371.729
28.2	371.882
28.3	372.035
28.4	372.187
28.5	372.339
28.6	372.491
28.7	372.643
28.8	372.795
28.9	372.946
29	373.097
29.1	373.248
29.2	373.398
29.3	373.549
29.4	373.699
29.5	373.849
29.6	373.998
29.7	374.148
29.8	374.297
29.9	374.446
30	374.595
30.1	374.743
30.2	374.891
30.3	375.039
30.4	375.187
30.5	375.335
30.6	375.482
30.7	375.629
30.8	375.776
30.9	375.922
31	376.069
31.1	376.215
31.2	376.361
31.3	376.507
31.4	376.652
31.5	376.797
31.6	376.942
31.7	377.087
31.8	377.232
31.9	377.376
32	377.52
32.1	377.664
32.2	377.808
32.3	377.951
32.4	378.094
32.5	378.237
32.6	378.38
32.7	378.523
32.8	378.665
32.9	378.807
33	378.949
33.1	379.091
33.2	379.232
33.3	379.373
33.4	379.514
33.5	379.655
33.6	379.796
33.7	379.936
33.8	380.076
33.9	380.216
34	380.356
34.1	380.495
34.2	380.634
34.3	380.773
34.4	380.912
34.5	381.051
34.6	381.189
34.7	381.327
34.8	381.465
34.9	381.603
35	381.741
35.1	381.878
35.2	382.015
35.3	382.152
35.4	382.289
35.5	382.425
35.6	382.561
35.7	382.698
35.8	382.833
35.9	382.969
36	383.105
36.1	383.24
36.2	383.375
36.3	383.51
36.4	383.644
36.5	383.779
36.6	383.913
36.7	384.047
36.8	384.181
36.9	384.314
37	384.448
37.1	384.581
37.2	384.714
37.3	384.847
37.4	384.979
37.5	385.112
37.6	385.244
37.7	385.376
37.8	385.508
37.9	385.639
38	385.771
38.1	385.902
38.2	386.033
38.3	386.164
38.4	386.294
38.5	386.425
38.6	386.555
38.7	386.685
38.8	386.815
38.9	386.944
39	387.074
39.1	387.203
39.2	387.332
39.3	387.461
39.4	387.59
39.5	387.718
39.6	387.847
39.7	387.975
39.8	388.103
39.9	388.23
40	388.358
40.1	388.485
40.2	388.613
40.3	388.74
40.4	388.866
40.5	388.993
40.6	389.12
40.7	389.246
40.8	389.372
40.9	389.498
41	389.624
41.1	389.749
41.2	389.874
41.3	390
41.4	390.125
41.5	390.249
41.6	390.374
41.7	390.498
41.8	390.623
41.9	390.747
42	390.871
42.1	390.995
42.2	391.118
42.3	391.241
42.4	391.365
42.5	391.488
42.6	391.611
42.7	391.733
42.8	391.856
42.9	391.978
43	392.1
43.1	392.222
43.2	392.344
43.3	392.466
43.4	392.587
43.5	392.709
43.6	392.83
43.7	392.951
43.8	393.072
43.9	393.192
44	393.313
44.1	393.433
44.2	393.553
44.3	393.673
44.4	393.793
44.5	393.912
44.6	394.032
44.7	394.151
44.8	394.27
44.9	394.389
45	394.508
45.1	394.627
45.2	394.745
45.3	394.864
45.4	394.982
45.5	395.1
45.6	395.218
45.7	395.335
45.8	395.453
45.9	395.57
46	395.687
46.1	395.804
46.2	395.921
46.3	396.038
46.4	396.155
46.5	396.271
46.6	396.387
46.7	396.503
46.8	396.619
46.9	396.735
47	396.851
47.1	396.966
47.2	397.081
47.3	397.196
47.4	397.311
47.5	397.426
47.6	397.541
47.7	397.656
47.8	397.77
47.9	397.884
48	397.998
48.1	398.112
48.2	398.226
48.3	398.34
48.4	398.453
48.5	398.566
48.6	398.68
48.7	398.793
48.8	398.906
48.9	399.018
49	399.131
49.1	399.243
49.2	399.356
49.3	399.468
49.4	399.58
49.5	399.692
49.6	399.803
49.7	399.915
49.8	400.026
49.9	400.138
50	400.249
50.1	400.36
50.2	400.471
50.3	400.581
50.4	400.692
50.5	400.802
50.6	400.913
50.7	401.023
50.8	401.133
50.9	401.243
51	401.352
51.1	401.462
51.2	401.571
51.3	401.681
51.4	401.79
51.5	401.899
51.6	402.008
51.7	402.117
51.8	402.225
51.9	402.334
52	402.442
52.1	402.55
52.2	402.658
52.3	402.766
52.4	402.874
52.5	402.982
52.6	403.089
52.7	403.197
52.8	403.304
52.9	403.411
53	403.518
53.1	403.625
53.2	403.732
53.3	403.838
53.4	403.945
53.5	404.051
53.6	404.157
53.7	404.263
53.8	404.369
53.9	404.475
54	404.581
54.1	404.686
54.2	404.792
54.3	404.897
54.4	405.002
54.5	405.107
54.6	405.212
54.7	405.317
54.8	405.422
54.9	405.526
55	405.631
55.1	405.735
55.2	405.839
55.3	405.943
55.4	406.047
55.5	406.151
55.6	406.254
55.7	406.358
55.8	406.461
55.9	406.565
56	406.668
56.1	406.771
56.2	406.874
56.3	406.976
56.4	407.079
56.5	407.182
56.6	407.284
56.7	407.386
56.8	407.489
56.9	407.591
57	407.693
57.1	407.794
57.2	407.896
57.3	407.998
57.4	408.099
57.5	408.2
57.6	408.302
57.7	408.403
57.8	408.504
57.9	408.605
58	408.705
58.1	408.806
58.2	408.907
58.3	409.007
58.4	409.107
58.5	409.207
58.6	409.307
58.7	409.407
58.8	409.507
58.9	409.607
59	409.707
59.1	409.806
59.2	409.905
59.3	410.005
59.4	410.104
59.5	410.203
59.6	410.302
59.7	410.4
59.8	410.499
59.9	410.598
60	410.696
60.1	410.795
60.2	410.893
60.3	410.991
60.4	411.089
60.5	411.187
60.6	411.285
60.7	411.382
60.8	411.48
60.9	411.577
61	411.675
61.1	411.772
61.2	411.869
61.3	411.966
61.4	412.063
61.5	412.16
61.6	412.257
61.7	412.353
61.8	412.45
61.9	412.546
62	412.642
62.1	412.738
62.2	412.835
62.3	412.93
62.4	413.026
62.5	413.122
62.6	413.218
62.7	413.313
62.8	413.409
62.9	413.504
63	413.599
63.1	413.694
63.2	413.789
63.3	413.884
63.4	413.979
63.5	414.074
63.6	414.168
63.7	414.263
63.8	414.357
63.9	414.452
64	414.546
64.1	414.64
64.2	414.734
64.3	414.828
64.4	414.921
64.5	415.015
64.6	415.109
64.7	415.202
64.8	415.296
64.9	415.389
65	415.482
65.1	415.575
65.2	415.668
65.3	415.761
65.4	415.854
65.5	415.947
65.6	416.039
65.7	416.132
65.8	416.224
65.9	416.316
66	416.408
66.1	416.501
66.2	416.593
66.3	416.685
66.4	416.776
66.5	416.868
66.6	416.96
66.7	417.051
66.8	417.143
66.9	417.234
67	417.325
67.1	417.416
67.2	417.507
67.3	417.598
67.4	417.689
67.5	417.78
67.6	417.871
67.7	417.961
67.8	418.052
67.9	418.142
68	418.232
68.1	418.323
68.2	418.413
68.3	418.503
68.4	418.593
68.5	418.682
68.6	418.772
68.7	418.862
68.8	418.951
68.9	419.041
69	419.13
69.1	419.219
69.2	419.309
69.3	419.398
69.4	419.487
69.5	419.576
69.6	419.665
69.7	419.753
69.8	419.842
69.9	419.93
70	420.019
70.1	420.107
70.2	420.196
70.3	420.284
70.4	420.372
70.5	420.46
70.6	420.548
70.7	420.636
70.8	420.724
70.9	420.811
71	420.899
71.1	420.986
71.2	421.074
71.3	421.161
71.4	421.248
71.5	421.335
71.6	421.422
71.7	421.509
71.8	421.596
71.9	421.683
72	421.77
72.1	421.857
72.2	421.943
72.3	422.03
72.4	422.116
72.5	422.202
72.6	422.288
72.7	422.375
72.8	422.461
72.9	422.547
73	422.633
73.1	422.718
73.2	422.804
73.3	422.89
73.4	422.975
73.5	423.061
73.6	423.146
73.7	423.231
73.8	423.317
73.9	423.402
74	423.487
74.1	423.572
74.2	423.657
74.3	423.741
74.4	423.826
74.5	423.911
74.6	423.995
74.7	424.08
74.8	424.164
74.9	424.249
75	424.333
75.1	424.417
75.2	424.501
75.3	424.585
75.4	424.669
75.5	424.753
75.6	424.837
75.7	424.92
75.8	425.004
75.9	425.087
76	425.171
76.1	425.254
76.2	425.337
76.3	425.421
76.4	425.504
76.5	425.587
76.6	425.67
76.7	425.753
76.8	425.836
76.9	425.918
77	426.001
77.1	426.084
77.2	426.166
77.3	426.249
77.4	426.331
77.5	426.413
77.6	426.495
77.7	426.578
77.8	426.66
77.9	426.742
78	426.823
78.1	426.905
78.2	426.987
78.3	427.069
78.4	427.15
78.5	427.232
78.6	427.313
78.7	427.395
78.8	427.476
78.9	427.557
79	427.638
79.1	427.719
79.2	427.8
79.3	427.881
79.4	427.962
79.5	428.043
79.6	428.124
79.7	428.204
79.8	428.285
79.9	428.365
80	428.446
80.1	428.526
80.2	428.607
80.3	428.687
80.4	428.767
80.5	428.847
80.6	428.927
80.7	429.007
80.8	429.087
80.9	429.166
81	429.246
81.1	429.326
81.2	429.405
81.3	429.485
81.4	429.564
81.5	429.644
81.6	429.723
81.7	429.802
81.8	429.881
81.9	429.96
82	430.039
82.1	430.118
82.2	430.197
82.3	430.276
82.4	430.355
82.5	430.433
82.6	430.512
82.7	430.59
82.8	430.669
82.9	430.747
83	430.825
83.1	430.904
83.2	430.982
83.3	431.06
83.4	431.138
83.5	431.216
83.6	431.294
83.7	431.372
83.8	431.449
83.9	431.527
84	431.605
84.1	431.682
84.2	431.76
84.3	431.837
84.4	431.915
84.5	431.992
84.6	432.069
84.7	432.146
84.8	432.223
84.9	432.3
85	432.377
85.1	432.454
85.2	432.531
85.3	432.608
85.4	432.685
85.5	432.761
85.6	432.838
85.7	432.914
85.8	432.991
85.9	433.067
86	433.143
86.1	433.22
86.2	433.296
86.3	433.372
86.4	433.448
86.5	433.524
86.6	433.6
86.7	433.676
86.8	433.751
86.9	433.827
87	433.903
87.1	433.978
87.2	434.054
87.3	434.129
87.4	434.205
87.5	434.28
87.6	434.356
87.7	434.431
87.8	434.506
87.9	434.581
88	434.656
88.1	434.731
88.2	434.806
88.3	434.881
88.4	434.956
88.5	435.03
88.6	435.105
88.7	435.18
88.8	435.254
88.9	435.329
89	435.403
89.1	435.477
89.2	435.552
89.3	435.626
89.4	435.7
89.5	435.774
89.6	435.848
89.7	435.922
89.8	435.996
89.9	436.07
90	436.144
90.1	436.217
90.2	436.291
90.3	436.365
90.4	436.438
90.5	436.512
90.6	436.585
90.7	436.659
90.8	436.732
90.9	436.805
91	436.878
91.1	436.952
91.2	437.025
91.3	437.098
91.4	437.171
91.5	437.244
91.6	437.316
91.7	437.389
91.8	437.462
91.9	437.535
92	437.607
92.1	437.68
92.2	437.752
92.3	437.825
92.4	437.897
92.5	437.97
92.6	438.042
92.7	438.114
92.8	438.186
92.9	438.258
93	438.33
93.1	438.402
93.2	438.474
93.3	438.546
93.4	438.618
93.5	438.69
93.6	438.761
93.7	438.833
93.8	438.905
93.9	438.976
94	439.048
94.1	439.119
94.2	439.19
94.3	439.262
94.4	439.333
94.5	439.404
94.6	439.475
94.7	439.546
94.8	439.617
94.9	439.688
95	439.759
95.1	439.83
95.2	439.901
95.3	439.972
95.4	440.042
95.5	440.113
95.6	440.184
95.7	440.254
95.8	440.325
95.9	440.395
96	440.466
96.1	440.536
96.2	440.606
96.3	440.676
96.4	440.746
96.5	440.817
96.6	440.887
96.7	440.957
96.8	441.027
96.9	441.096
97	441.166
97.1	441.236
97.2	441.306
97.3	441.375
97.4	441.445
97.5	441.515
97.6	441.584
97.7	441.654
97.8	441.723
97.9	441.792
98	441.862
98.1	441.931
98.2	442
98.3	442.069
98.4	442.138
98.5	442.207
98.6	442.276
98.7	442.345
98.8	442.414
98.9	442.483
99	442.552
99.1	442.621
99.2	442.689
99.3	442.758
99.4	442.826
99.5	442.895
99.6	442.963
99.7	443.032
99.8	443.1
99.9	443.168
100	443.237
100.1	443.305
100.2	443.373
100.3	443.441
100.4	443.509
100.5	443.577
100.6	443.645
100.7	443.713
100.8	443.781
100.9	443.849
101	443.917
101.1	443.984
101.2	444.052
101.3	444.12
101.4	444.187
101.5	444.255
101.6	444.322
101.7	444.39
101.8	444.457
101.9	444.524
102	444.592
102.1	444.659
102.2	444.726
102.3	444.793
102.4	444.86
102.5	444.927
102.6	444.994
102.7	445.061
102.8	445.128
102.9	445.195
103	445.262
103.1	445.328
103.2	445.395
103.3	445.462
103.4	445.528
103.5	445.595
103.6	445.661
103.7	445.728
103.8	445.794
103.9	445.86
104	445.927
104.1	445.993
104.2	446.059
104.3	446.125
104.4	446.191
104.5	446.257
104.6	446.323
104.7	446.389
104.8	446.455
104.9	446.521
105	446.587
105.1	446.653
105.2	446.719
105.3	446.784
105.4	446.85
105.5	446.915
105.6	446.981
105.7	447.046
105.8	447.112
105.9	447.177
106	447.243
106.1	447.308
106.2	447.373
106.3	447.438
106.4	447.504
106.5	447.569
106.6	447.634
106.7	447.699
106.8	447.764
106.9	447.829
107	447.894
107.1	447.959
107.2	448.023
107.3	448.088
107.4	448.153
107.5	448.218
107.6	448.282
107.7	448.347
107.8	448.411
107.9	448.476
108	448.54
108.1	448.605
108.2	448.669
108.3	448.733
108.4	448.798
108.5	448.862
108.6	448.926
108.7	448.99
108.8	449.054
108.9	449.118
109	449.182
109.1	449.246
109.2	449.31
109.3	449.374
109.4	449.438
109.5	449.502
109.6	449.565
109.7	449.629
109.8	449.693
109.9	449.756
110	449.82
110.1	449.883
110.2	449.947
110.3	450.01
110.4	450.074
110.5	450.137
110.6	450.2
110.7	450.264
110.8	450.327
110.9	450.39
111	450.453
111.1	450.516
111.2	450.579
111.3	450.642
111.4	450.705
111.5	450.768
111.6	450.831
111.7	450.894
111.8	450.957
111.9	451.019
112	451.082
112.1	451.145
112.2	451.207
112.3	451.27
112.4	451.332
112.5	451.395
112.6	451.457
112.7	451.52
112.8	451.582
112.9	451.645
113	451.707
113.1	451.769
113.2	451.831
113.3	451.893
113.4	451.956
113.5	452.018
113.6	452.08
113.7	452.142
113.8	452.204
113.9	452.266
114	452.327
114.1	452.389
114.2	452.451
114.3	452.513
114.4	452.575
114.5	452.636
114.6	452.698
114.7	452.759
114.8	452.821
114.9	452.882
115	452.944
115.1	453.005
115.2	453.067
115.3	453.128
115.4	453.189
115.5	453.251
115.6	453.312
115.7	453.373
115.8	453.434
115.9	453.495
116	453.556
116.1	453.617
116.2	453.678
116.3	453.739
116.4	453.8
116.5	453.861
116.6	453.922
116.7	453.983
116.8	454.043
116.9	454.104
117	454.165
117.1	454.226
117.2	454.286
117.3	454.347
117.4	454.407
117.5	454.468
117.6	454.528
117.7	454.588
117.8	454.649
117.9	454.709
118	454.769
118.1	454.83
118.2	454.89
118.3	454.95
118.4	455.01
118.5	455.07
118.6	455.13
118.7	455.19
118.8	455.25
118.9	455.31
119	455.37
119.1	455.43
119.2	455.49
119.3	455.55
119.4	455.609
119.5	455.669
119.6	455.729
119.7	455.788
119.8	455.848
119.9	455.907
120	455.967
120.1	456.026
120.2	456.086
120.3	456.145
120.4	456.205
120.5	456.264
120.6	456.323
120.7	456.383
120.8	456.442
120.9	456.501
121	456.56
121.1	456.619
121.2	456.678
121.3	456.737
121.4	456.796
121.5	456.855
121.6	456.914
121.7	456.973
121.8	457.032
121.9	457.091
122	457.149
122.1	457.208
122.2	457.267
122.3	457.326
122.4	457.384
122.5	457.443
122.6	457.501
122.7	457.56
122.8	457.618
122.9	457.677
123	457.735
123.1	457.794
123.2	457.852
123.3	457.91
123.4	457.969
123.5	458.027
123.6	458.085
123.7	458.143
123.8	458.201
123.9	458.259
124	458.317
124.1	458.375
124.2	458.433
124.3	458.491
124.4	458.549
124.5	458.607
124.6	458.665
124.7	458.723
124.8	458.78
124.9	458.838
125	458.896
125.1	458.954
125.2	459.011
125.3	459.069
125.4	459.126
125.5	459.184
125.6	459.241
125.7	459.299
125.8	459.356
125.9	459.414
126	459.471
126.1	459.528
126.2	459.586
126.3	459.643
126.4	459.7
126.5	459.757
126.6	459.814
126.7	459.871
126.8	459.929
126.9	459.986
127	460.043
127.1	460.1
127.2	460.156
127.3	460.213
127.4	460.27
127.5	460.327
127.6	460.384
127.7	460.441
127.8	460.497
127.9	460.554
128	460.611
128.1	460.667
128.2	460.724
128.3	460.78
128.4	460.837
128.5	460.894
128.6	460.95
128.7	461.006
128.8	461.063
128.9	461.119
129	461.175
129.1	461.232
129.2	461.288
129.3	461.344
129.4	461.4
129.5	461.457
129.6	461.513
129.7	461.569
129.8	461.625
129.9	461.681
130	461.737
130.1	461.793
130.2	461.849
130.3	461.905
130.4	461.961
130.5	462.016
130.6	462.072
130.7	462.128
130.8	462.184
130.9	462.239
131	462.295
131.1	462.351
131.2	462.406
131.3	462.462
131.4	462.517
131.5	462.573
131.6	462.628
131.7	462.684
131.8	462.739
131.9	462.795
132	462.85
132.1	462.905
132.2	462.961
132.3	463.016
132.4	463.071
132.5	463.126
132.6	463.181
132.7	463.237
132.8	463.292
132.9	463.347
133	463.402
133.1	463.457
133.2	463.512
133.3	463.567
133.4	463.622
133.5	463.676
133.6	463.731
133.7	463.786
133.8	463.841
133.9	463.896
134	463.95
134.1	464.005
134.2	464.06
134.3	464.114
134.4	464.169
134.5	464.223
134.6	464.278
134.7	464.332
134.8	464.387
134.9	464.441
135	464.496
135.1	464.55
135.2	464.604
135.3	464.659
135.4	464.713
135.5	464.767
135.6	464.821
135.7	464.876
135.8	464.93
135.9	464.984
136	465.038
136.1	465.092
136.2	465.146
136.3	465.2
136.4	465.254
136.5	465.308
136.6	465.362
136.7	465.416
136.8	465.47
136.9	465.523
137	465.577
137.1	465.631
137.2	465.685
137.3	465.738
137.4	465.792
137.5	465.846
137.6	465.899
137.7	465.953
137.8	466.007
137.9	466.06
138	466.114
138.1	466.167
138.2	466.22
138.3	466.274
138.4	466.327
138.5	466.381
138.6	466.434
138.7	466.487
138.8	466.54
138.9	466.594
139	466.647
139.1	466.7
139.2	466.753
139.3	466.806
139.4	466.859
139.5	466.912
139.6	466.965
139.7	467.018
139.8	467.071
139.9	467.124
140	467.177
140.1	467.23
140.2	467.283
140.3	467.336
140.4	467.388
140.5	467.441
140.6	467.494
140.7	467.547
140.8	467.599
140.9	467.652
141	467.705
141.1	467.757
141.2	467.81
141.3	467.862
141.4	467.915
141.5	467.967
141.6	468.02
141.7	468.072
141.8	468.124
141.9	468.177
142	468.229
142.1	468.281
142.2	468.334
142.3	468.386
142.4	468.438
142.5	468.49
142.6	468.543
142.7	468.595
142.8	468.647
142.9	468.699
143	468.751
143.1	468.803
143.2	468.855
143.3	468.907
143.4	468.959
143.5	469.011
143.6	469.063
143.7	469.114
143.8	469.166
143.9	469.218
144	469.27
144.1	469.322
144.2	469.373
144.3	469.425
144.4	469.477
144.5	469.528
144.6	469.58
144.7	469.631
144.8	469.683
144.9	469.735
145	469.786
145.1	469.838
145.2	469.889
145.3	469.94
145.4	469.992
145.5	470.043
145.6	470.094
145.7	470.146
145.8	470.197
145.9	470.248
146	470.299
146.1	470.351
146.2	470.402
146.3	470.453
146.4	470.504
146.5	470.555
146.6	470.606
146.7	470.657
146.8	470.708
146.9	470.759
147	470.81
147.1	470.861
147.2	470.912
147.3	470.963
147.4	471.014
147.5	471.065
147.6	471.115
147.7	471.166
147.8	471.217
147.9	471.268
148	471.318
148.1	471.369
148.2	471.42
148.3	471.47
148.4	471.521
148.5	471.571
148.6	471.622
148.7	471.672
148.8	471.723
148.9	471.773
149	471.824
149.1	471.874
149.2	471.924
149.3	471.975
149.4	472.025
149.5	472.075
149.6	472.126
149.7	472.176
149.8	472.226
149.9	472.276
150	472.327
150.1	472.377
150.2	472.427
150.3	472.477
150.4	472.527
150.5	472.577
150.6	472.627
150.7	472.677
150.8	472.727
150.9	472.777
151	472.827
151.1	472.877
151.2	472.926
151.3	472.976
151.4	473.026
151.5	473.076
151.6	473.126
151.7	473.175
151.8	473.225
151.9	473.275
152	473.324
152.1	473.374
152.2	473.424
152.3	473.473
152.4	473.523
152.5	473.572
152.6	473.622
152.7	473.671
152.8	473.721
152.9	473.77
153	473.82
153.1	473.869
153.2	473.918
153.3	473.968
153.4	474.017
153.5	474.066
153.6	474.115
153.7	474.165
153.8	474.214
153.9	474.263
154	474.312
154.1	474.361
154.2	474.41
154.3	474.46
154.4	474.509
154.5	474.558
154.6	474.607
154.7	474.656
154.8	474.705
154.9	474.754
155	474.802
155.1	474.851
155.2	474.9
155.3	474.949
155.4	474.998
155.5	475.047
155.6	475.095
155.7	475.144
155.8	475.193
155.9	475.241
156	475.29
156.1	475.339
156.2	475.387
156.3	475.436
156.4	475.485
156.5	475.533
156.6	475.582
156.7	475.63
156.8	475.679
156.9	475.727
157	475.775
157.1	475.824
157.2	475.872
157.3	475.921
157.4	475.969
157.5	476.017
157.6	476.066
157.7	476.114
157.8	476.162
157.9	476.21
158	476.258
158.1	476.307
158.2	476.355
158.3	476.403
158.4	476.451
158.5	476.499
158.6	476.547
158.7	476.595
158.8	476.643
158.9	476.691
159	476.739
159.1	476.787
159.2	476.835
159.3	476.883
159.4	476.931
159.5	476.978
159.6	477.026
159.7	477.074
159.8	477.122
159.9	477.17
160	477.217
160.1	477.265
160.2	477.313
160.3	477.36
160.4	477.408
160.5	477.456
160.6	477.503
160.7	477.551
160.8	477.598
160.9	477.646
161	477.693
161.1	477.741
161.2	477.788
161.3	477.836
161.4	477.883
161.5	477.93
161.6	477.978
161.7	478.025
161.8	478.072
161.9	478.12
162	478.167
162.1	478.214
162.2	478.261
162.3	478.308
162.4	478.356
162.5	478.403
162.6	478.45
162.7	478.497
162.8	478.544
162.9	478.591
163	478.638
163.1	478.685
163.2	478.732
163.3	478.779
163.4	478.826
163.5	478.873
163.6	478.92
163.7	478.967
163.8	479.014
163.9	479.061
164	479.107
164.1	479.154
164.2	479.201
164.3	479.248
164.4	479.294
164.5	479.341
164.6	479.388
164.7	479.434
164.8	479.481
164.9	479.528
165	479.574
165.1	479.621
165.2	479.667
165.3	479.714
165.4	479.76
165.5	479.807
165.6	479.853
165.7	479.9
165.8	479.946
165.9	479.993
166	480.039
166.1	480.085
166.2	480.132
166.3	480.178
166.4	480.224
166.5	480.271
166.6	480.317
166.7	480.363
166.8	480.409
166.9	480.455
167	480.502
167.1	480.548
167.2	480.594
167.3	480.64
167.4	480.686
167.5	480.732
167.6	480.778
167.7	480.824
167.8	480.87
167.9	480.916
168	480.962
168.1	481.008
168.2	481.054
168.3	481.1
168.4	481.146
168.5	481.191
168.6	481.237
168.7	481.283
168.8	481.329
168.9	481.375
169	481.42
169.1	481.466
169.2	481.512
169.3	481.557
169.4	481.603
169.5	481.649
169.6	481.694
169.7	481.74
169.8	481.785
169.9	481.831
170	481.876
170.1	481.922
170.2	481.967
170.3	482.013
170.4	482.058
170.5	482.104
170.6	482.149
170.7	482.195
170.8	482.24
170.9	482.285
171	482.331
171.1	482.376
171.2	482.421
171.3	482.466
171.4	482.512
171.5	482.557
171.6	482.602
171.7	482.647
171.8	482.692
171.9	482.737
172	482.783
172.1	482.828
172.2	482.873
172.3	482.918
172.4	482.963
172.5	483.008
172.6	483.053
172.7	483.098
172.8	483.143
172.9	483.188
173	483.233
173.1	483.277
173.2	483.322
173.3	483.367
173.4	483.412
173.5	483.457
173.6	483.502
173.7	483.546
173.8	483.591
173.9	483.636
174	483.681
174.1	483.725
174.2	483.77
174.3	483.815
174.4	483.859
174.5	483.904
174.6	483.948
174.7	483.993
174.8	484.038
174.9	484.082
175	484.127
175.1	484.171
175.2	484.215
175.3	484.26
175.4	484.304
175.5	484.349
175.6	484.393
175.7	484.438
175.8	484.482
175.9	484.526
176	484.571
176.1	484.615
176.2	484.659
176.3	484.703
176.4	484.748
176.5	484.792
176.6	484.836
176.7	484.88
176.8	484.924
176.9	484.968
177	485.013
177.1	485.057
177.2	485.101
177.3	485.145
177.4	485.189
177.5	485.233
177.6	485.277
177.7	485.321
177.8	485.365
177.9	485.409
178	485.453
178.1	485.497
178.2	485.54
178.3	485.584
178.4	485.628
178.5	485.672
178.6	485.716
178.7	485.76
178.8	485.803
178.9	485.847
179	485.891
179.1	485.935
179.2	485.978
179.3	486.022
179.4	486.066
179.5	486.109
179.6	486.153
179.7	486.196
179.8	486.24
179.9	486.284
180	486.327
180.1	486.371
180.2	486.414
180.3	486.458
180.4	486.501
180.5	486.544
180.6	486.588
180.7	486.631
180.8	486.675
180.9	486.718
181	486.761
181.1	486.805
181.2	486.848
181.3	486.891
181.4	486.935
181.5	486.978
181.6	487.021
181.7	487.064
181.8	487.108
181.9	487.151
182	487.194
182.1	487.237
182.2	487.28
182.3	487.323
182.4	487.366
182.5	487.409
182.6	487.453
182.7	487.496
182.8	487.539
182.9	487.582
183	487.625
183.1	487.668
183.2	487.71
183.3	487.753
183.4	487.796
183.5	487.839
183.6	487.882
183.7	487.925
183.8	487.968
183.9	488.011
184	488.053
184.1	488.096
184.2	488.139
184.3	488.182
184.4	488.224
184.5	488.267
184.6	488.31
184.7	488.352
184.8	488.395
184.9	488.438
185	488.48
185.1	488.523
185.2	488.566
185.3	488.608
185.4	488.651
185.5	488.693
185.6	488.736
185.7	488.778
185.8	488.821
185.9	488.863
186	488.906
186.1	488.948
186.2	488.99
186.3	489.033
186.4	489.075
186.5	489.117
186.6	489.16
186.7	489.202
186.8	489.244
186.9	489.287
187	489.329
187.1	489.371
187.2	489.413
187.3	489.456
187.4	489.498
187.5	489.54
187.6	489.582
187.7	489.624
187.8	489.666
187.9	489.709
188	489.751
188.1	489.793
188.2	489.835
188.3	489.877
188.4	489.919
188.5	489.961
188.6	490.003
188.7	490.045
188.8	490.087
188.9	490.129
189	490.171
189.1	490.212
189.2	490.254
189.3	490.296
189.4	490.338
189.5	490.38
189.6	490.422
189.7	490.463
189.8	490.505
189.9	490.547
190	490.589
190.1	490.63
190.2	490.672
190.3	490.714
190.4	490.755
190.5	490.797
190.6	490.839
190.7	490.88
190.8	490.922
190.9	490.964
191	491.005
191.1	491.047
191.2	491.088
191.3	491.13
191.4	491.171
191.5	491.213
191.6	491.254
191.7	491.296
191.8	491.337
191.9	491.378
192	491.42
192.1	491.461
192.2	491.503
192.3	491.544
192.4	491.585
192.5	491.627
192.6	491.668
192.7	491.709
192.8	491.75
192.9	491.792
193	491.833
193.1	491.874
193.2	491.915
193.3	491.956
193.4	491.998
193.5	492.039
193.6	492.08
193.7	492.121
193.8	492.162
193.9	492.203
194	492.244
194.1	492.285
194.2	492.326
194.3	492.367
194.4	492.408
194.5	492.449
194.6	492.49
194.7	492.531
194.8	492.572
194.9	492.613
195	492.654
195.1	492.695
195.2	492.736
195.3	492.777
195.4	492.817
195.5	492.858
195.6	492.899
195.7	492.94
195.8	492.981
195.9	493.021
196	493.062
196.1	493.103
196.2	493.143
196.3	493.184
196.4	493.225
196.5	493.265
196.6	493.306
196.7	493.347
196.8	493.387
196.9	493.428
197	493.468
197.1	493.509
197.2	493.55
197.3	493.59
197.4	493.631
197.5	493.671
197.6	493.712
197.7	493.752
197.8	493.792
197.9	493.833
198	493.873
198.1	493.914
198.2	493.954
198.3	493.994
198.4	494.035
198.5	494.075
198.6	494.115
198.7	494.156
198.8	494.196
198.9	494.236
199	494.277
199.1	494.317
199.2	494.357
199.3	494.397
199.4	494.437
199.5	494.478
199.6	494.518
199.7	494.558
199.8	494.598
199.9	494.638
200	494.678
200.1	494.718
200.2	494.758
200.3	494.798
200.4	494.838
200.5	494.878
200.6	494.918
200.7	494.958
200.8	494.998
200.9	495.038
201	495.078
201.1	495.118
201.2	495.158
201.3	495.198
201.4	495.238
201.5	495.278
201.6	495.318
201.7	495.357
201.8	495.397
201.9	495.437
202	495.477
202.1	495.517
202.2	495.556
202.3	495.596
202.4	495.636
202.5	495.675
202.6	495.715
202.7	495.755
202.8	495.794
202.9	495.834
203	495.874
203.1	495.913
203.2	495.953
203.3	495.993
203.4	496.032
203.5	496.072
203.6	496.111
203.7	496.151
203.8	496.19
203.9	496.23
204	496.269
204.1	496.309
204.2	496.348
204.3	496.388
204.4	496.427
204.5	496.466
204.6	496.506
204.7	496.545
204.8	496.584
204.9	496.624
205	496.663
205.1	496.702
205.2	496.742
205.3	496.781
205.4	496.82
205.5	496.859
205.6	496.899
205.7	496.938
205.8	496.977
205.9	497.016
206	497.055
206.1	497.095
206.2	497.134
206.3	497.173
206.4	497.212
206.5	497.251
206.6	497.29
206.7	497.329
206.8	497.368
206.9	497.407
207	497.446
207.1	497.485
207.2	497.524
207.3	497.563
207.4	497.602
207.5	497.641
207.6	497.68
207.7	497.719
207.8	497.758
207.9	497.797
208	497.836
208.1	497.875
208.2	497.914
208.3	497.952
208.4	497.991
208.5	498.03
208.6	498.069
208.7	498.108
208.8	498.146
208.9	498.185
209	498.224
209.1	498.263
209.2	498.301
209.3	498.34
209.4	498.379
209.5	498.417
209.6	498.456
209.7	498.495
209.8	498.533
209.9	498.572
210	498.61
210.1	498.649
210.2	498.687
210.3	498.726
210.4	498.765
210.5	498.803
210.6	498.842
210.7	498.88
210.8	498.918
210.9	498.957
211	498.995
211.1	499.034
211.2	499.072
211.3	499.111
211.4	499.149
211.5	499.187
211.6	499.226
211.7	499.264
211.8	499.302
211.9	499.341
212	499.379
212.1	499.417
212.2	499.456
212.3	499.494
212.4	499.532
212.5	499.57
212.6	499.609
212.7	499.647
212.8	499.685
212.9	499.723
213	499.761
213.1	499.799
213.2	499.838
213.3	499.876
213.4	499.914
213.5	499.952
213.6	499.99
213.7	500.028
213.8	500.066
213.9	500.104
214	500.142
214.1	500.18
214.2	500.218
214.3	500.256
214.4	500.294
214.5	500.332
214.6	500.37
214.7	500.408
214.8	500.446
214.9	500.484
215	500.521
215.1	500.559
215.2	500.597
215.3	500.635
215.4	500.673
215.5	500.711
215.6	500.748
215.7	500.786
215.8	500.824
215.9	500.862
216	500.899
216.1	500.937
216.2	500.975
216.3	501.013
216.4	501.05
216.5	501.088
216.6	501.126
216.7	501.163
216.8	501.201
216.9	501.238
217	501.276
217.1	501.314
217.2	501.351
217.3	501.389
217.4	501.426
217.5	501.464
217.6	501.501
217.7	501.539
217.8	501.576
217.9	501.614
218	501.651
218.1	501.689
218.2	501.726
218.3	501.764
218.4	501.801
218.5	501.839
218.6	501.876
218.7	501.913
218.8	501.951
218.9	501.988
219	502.025
219.1	502.063
219.2	502.1
219.3	502.137
219.4	502.174
219.5	502.212
219.6	502.249
219.7	502.286
219.8	502.323
219.9	502.361
220	502.398
220.1	502.435
220.2	502.472
220.3	502.509
220.4	502.547
220.5	502.584
220.6	502.621
220.7	502.658
220.8	502.695
220.9	502.732
221	502.769
221.1	502.806
221.2	502.843
221.3	502.88
221.4	502.917
221.5	502.954
221.6	502.991
221.7	503.028
221.8	503.065
221.9	503.102
222	503.139
222.1	503.176
222.2	503.213
222.3	503.25
222.4	503.287
222.5	503.324
222.6	503.36
222.7	503.397
222.8	503.434
222.9	503.471
223	503.508
223.1	503.544
223.2	503.581
223.3	503.618
223.4	503.655
223.5	503.692
223.6	503.728
223.7	503.765
223.8	503.802
223.9	503.838
224	503.875
224.1	503.912
224.2	503.948
224.3	503.985
224.4	504.022
224.5	504.058
224.6	504.095
224.7	504.131
224.8	504.168
224.9	504.204
225	504.241
225.1	504.278
225.2	504.314
225.3	504.351
225.4	504.387
225.5	504.424
225.6	504.46
225.7	504.496
225.8	504.533
225.9	504.569
226	504.606
226.1	504.642
226.2	504.679
226.3	504.715
226.4	504.751
226.5	504.788
226.6	504.824
226.7	504.86
226.8	504.897
226.9	504.933
227	504.969
227.1	505.006
227.2	505.042
227.3	505.078
227.4	505.114
227.5	505.151
227.6	505.187
227.7	505.223
227.8	505.259
227.9	505.295
228	505.331
228.1	505.368
228.2	505.404
228.3	505.44
228.4	505.476
228.5	505.512
228.6	505.548
228.7	505.584
228.8	505.62
228.9	505.656
229	505.692
229.1	505.728
229.2	505.764
229.3	505.801
229.4	505.836
229.5	505.872
229.6	505.908
229.7	505.944
229.8	505.98
229.9	506.016
230	506.052
230.1	506.088
230.2	506.124
230.3	506.16
230.4	506.196
230.5	506.232
230.6	506.267
230.7	506.303
230.8	506.339
230.9	506.375
231	506.411
231.1	506.446
231.2	506.482
231.3	506.518
231.4	506.554
231.5	506.589
231.6	506.625
231.7	506.661
231.8	506.697
231.9	506.732
232	506.768
232.1	506.804
232.2	506.839
232.3	506.875
232.4	506.911
232.5	506.946
232.6	506.982
232.7	507.017
232.8	507.053
232.9	507.088
233	507.124
233.1	507.16
233.2	507.195
233.3	507.231
233.4	507.266
233.5	507.302
233.6	507.337
233.7	507.373
233.8	507.408
233.9	507.443
234	507.479
234.1	507.514
234.2	507.55
234.3	507.585
234.4	507.62
234.5	507.656
234.6	507.691
234.7	507.727
234.8	507.762
234.9	507.797
235	507.833
235.1	507.868
235.2	507.903
235.3	507.938
235.4	507.974
235.5	508.009
235.6	508.044
235.7	508.079
235.8	508.115
235.9	508.15
236	508.185
236.1	508.22
236.2	508.255
236.3	508.29
236.4	508.326
236.5	508.361
236.6	508.396
236.7	508.431
236.8	508.466
236.9	508.501
237	508.536
237.1	508.571
237.2	508.606
237.3	508.641
237.4	508.676
237.5	508.711
237.6	508.746
237.7	508.781
237.8	508.816
237.9	508.851
238	508.886
238.1	508.921
238.2	508.956
238.3	508.991
238.4	509.026
238.5	509.061
238.6	509.096
238.7	509.131
238.8	509.166
238.9	509.201
239	509.235
239.1	509.27
239.2	509.305
239.3	509.34
239.4	509.375
239.5	509.409
239.6	509.444
239.7	509.479
239.8	509.514
239.9	509.548
240	509.583
240.1	509.618
240.2	509.653
240.3	509.687
240.4	509.722
240.5	509.757
240.6	509.791
240.7	509.826
240.8	509.861
240.9	509.895
241	509.93
241.1	509.964
241.2	509.999
241.3	510.034
241.4	510.068
241.5	510.103
241.6	510.137
241.7	510.172
241.8	510.206
241.9	510.241
242	510.275
242.1	510.31
242.2	510.344
242.3	510.379
242.4	510.413
242.5	510.448
242.6	510.482
242.7	510.517
242.8	510.551
242.9	510.585
243	510.62
243.1	510.654
243.2	510.689
243.3	510.723
243.4	510.757
243.5	510.792
243.6	510.826
243.7	510.86
243.8	510.895
243.9	510.929
244	510.963
244.1	510.997
244.2	511.032
244.3	511.066
244.4	511.1
244.5	511.134
244.6	511.169
244.7	511.203
244.8	511.237
244.9	511.271
245	511.305
245.1	511.339
245.2	511.374
245.3	511.408
245.4	511.442
245.5	511.476
245.6	511.51
245.7	511.544
245.8	511.578
245.9	511.612
246	511.646
246.1	511.68
246.2	511.714
246.3	511.748
246.4	511.782
246.5	511.816
246.6	511.85
246.7	511.884
246.8	511.918
246.9	511.952
247	511.986
247.1	512.02
247.2	512.054
247.3	512.088
247.4	512.122
247.5	512.156
247.6	512.19
247.7	512.224
247.8	512.258
247.9	512.291
248	512.325
248.1	512.359
248.2	512.393
248.3	512.427
248.4	512.46
248.5	512.494
248.6	512.528
248.7	512.562
248.8	512.596
248.9	512.629
249	512.663
249.1	512.697
249.2	512.73
249.3	512.764
249.4	512.798
249.5	512.832
249.6	512.865
249.7	512.899
249.8	512.933
249.9	512.966
250	513
250.1	513.033
250.2	513.067
250.3	513.101
250.4	513.134
250.5	513.168
250.6	513.201
250.7	513.235
250.8	513.268
250.9	513.302
251	513.335
251.1	513.369
251.2	513.402
251.3	513.436
251.4	513.469
251.5	513.503
251.6	513.536
251.7	513.57
251.8	513.603
251.9	513.637
252	513.67
252.1	513.703
252.2	513.737
252.3	513.77
252.4	513.804
252.5	513.837
252.6	513.87
252.7	513.904
252.8	513.937
252.9	513.97
253	514.004
253.1	514.037
253.2	514.07
253.3	514.104
253.4	514.137
253.5	514.17
253.6	514.203
253.7	514.237
253.8	514.27
253.9	514.303
254	514.336
254.1	514.369
254.2	514.403
254.3	514.436
254.4	514.469
254.5	514.502
254.6	514.535
254.7	514.568
254.8	514.601
254.9	514.635
255	514.668
255.1	514.701
255.2	514.734
255.3	514.767
255.4	514.8
255.5	514.833
255.6	514.866
255.7	514.899
255.8	514.932
255.9	514.965
256	514.998
256.1	515.031
256.2	515.064
256.3	515.097
256.4	515.13
256.5	515.163
256.6	515.196
256.7	515.229
256.8	515.262
256.9	515.295
257	515.328
257.1	515.36
257.2	515.393
257.3	515.426
257.4	515.459
257.5	515.492
257.6	515.525
257.7	515.558
257.8	515.59
257.9	515.623
258	515.656
258.1	515.689
258.2	515.722
258.3	515.754
258.4	515.787
258.5	515.82
258.6	515.853
258.7	515.885
258.8	515.918
258.9	515.951
259	515.983
259.1	516.016
259.2	516.049
259.3	516.081
259.4	516.114
259.5	516.147
259.6	516.179
259.7	516.212
259.8	516.245
259.9	516.277
260	516.31
260.1	516.342
260.2	516.375
260.3	516.408
260.4	516.44
260.5	516.473
260.6	516.505
260.7	516.538
260.8	516.57
260.9	516.603
261	516.635
261.1	516.668
261.2	516.7
261.3	516.733
261.4	516.765
261.5	516.798
261.6	516.83
261.7	516.863
261.8	516.895
261.9	516.927
262	516.96
262.1	516.992
262.2	517.025
262.3	517.057
262.4	517.089
262.5	517.122
262.6	517.154
262.7	517.186
262.8	517.219
262.9	517.251
263	517.283
263.1	517.316
263.2	517.348
263.3	517.38
263.4	517.412
263.5	517.445
263.6	517.477
263.7	517.509
263.8	517.541
263.9	517.573
264	517.606
264.1	517.638
264.2	517.67
264.3	517.702
264.4	517.734
264.5	517.767
264.6	517.799
264.7	517.831
264.8	517.863
264.9	517.895
265	517.927
265.1	517.959
265.2	517.991
265.3	518.023
265.4	518.056
265.5	518.088
265.6	518.12
265.7	518.152
265.8	518.184
265.9	518.216
266	518.248
266.1	518.28
266.2	518.312
266.3	518.344
266.4	518.376
266.5	518.408
266.6	518.44
266.7	518.472
266.8	518.504
266.9	518.535
267	518.567
267.1	518.599
267.2	518.631
267.3	518.663
267.4	518.695
267.5	518.727
267.6	518.759
267.7	518.791
267.8	518.822
267.9	518.854
268	518.886
268.1	518.918
268.2	518.95
268.3	518.981
268.4	519.013
268.5	519.045
268.6	519.077
268.7	519.109
268.8	519.14
268.9	519.172
269	519.204
269.1	519.236
269.2	519.267
269.3	519.299
269.4	519.331
269.5	519.362
269.6	519.394
269.7	519.426
269.8	519.457
269.9	519.489
270	519.521
270.1	519.552
270.2	519.584
270.3	519.615
270.4	519.647
270.5	519.679
270.6	519.71
270.7	519.742
270.8	519.773
270.9	519.805
271	519.836
271.1	519.868
271.2	519.899
271.3	519.931
271.4	519.963
271.5	519.994
271.6	520.026
271.7	520.057
271.8	520.088
271.9	520.12
272	520.151
272.1	520.183
272.2	520.214
272.3	520.246
272.4	520.277
272.5	520.308
272.6	520.34
272.7	520.371
272.8	520.403
272.9	520.434
273	520.465
273.1	520.497
273.2	520.528
273.3	520.559
273.4	520.591
273.5	520.622
273.6	520.653
273.7	520.685
273.8	520.716
273.9	520.747
274	520.778
274.1	520.81
274.2	520.841
274.3	520.872
274.4	520.903
274.5	520.935
274.6	520.966
274.7	520.997
274.8	521.028
274.9	521.06
275	521.091
275.1	521.122
275.2	521.153
275.3	521.184
275.4	521.215
275.5	521.246
275.6	521.278
275.7	521.309
275.8	521.34
275.9	521.371
276	521.402
276.1	521.433
276.2	521.464
276.3	521.495
276.4	521.526
276.5	521.557
276.6	521.588
276.7	521.619
276.8	521.65
276.9	521.681
277	521.712
277.1	521.743
277.2	521.774
277.3	521.805
277.4	521.836
277.5	521.867
277.6	521.898
277.7	521.929
277.8	521.96
277.9	521.991
278	522.022
278.1	522.053
278.2	522.084
278.3	522.115
278.4	522.145
278.5	522.176
278.6	522.207
278.7	522.238
278.8	522.269
278.9	522.3
279	522.331
279.1	522.361
279.2	522.392
279.3	522.423
279.4	522.454
279.5	522.485
279.6	522.515
279.7	522.546
279.8	522.577
279.9	522.608
280	522.638
280.1	522.669
280.2	522.7
280.3	522.73
280.4	522.761
280.5	522.792
280.6	522.823
280.7	522.853
280.8	522.884
280.9	522.915
281	522.945
281.1	522.976
281.2	523.006
281.3	523.037
281.4	523.068
281.5	523.098
281.6	523.129
281.7	523.159
281.8	523.19
281.9	523.221
282	523.251
282.1	523.282
282.2	523.312
282.3	523.343
282.4	523.373
282.5	523.404
282.6	523.434
282.7	523.465
282.8	523.495
282.9	523.526
283	523.556
283.1	523.587
283.2	523.617
283.3	523.648
283.4	523.678
283.5	523.709
283.6	523.739
283.7	523.769
283.8	523.8
283.9	523.83
284	523.861
284.1	523.891
284.2	523.921
284.3	523.952
284.4	523.982
284.5	524.013
284.6	524.043
284.7	524.073
284.8	524.103
284.9	524.134
285	524.164
285.1	524.194
285.2	524.225
285.3	524.255
285.4	524.285
285.5	524.316
285.6	524.346
285.7	524.376
285.8	524.406
285.9	524.437
286	524.467
286.1	524.497
286.2	524.527
286.3	524.557
286.4	524.588
286.5	524.618
286.6	524.648
286.7	524.678
286.8	524.708
286.9	524.738
287	524.769
287.1	524.799
287.2	524.829
287.3	524.859
287.4	524.889
287.5	524.919
287.6	524.949
287.7	524.979
287.8	525.009
287.9	525.039
288	525.069
288.1	525.099
288.2	525.13
288.3	525.16
288.4	525.19
288.5	525.22
288.6	525.25
288.7	525.28
288.8	525.31
288.9	525.34
289	525.37
289.1	525.4
289.2	525.429
289.3	525.459
289.4	525.489
289.5	525.519
289.6	525.549
289.7	525.579
289.8	525.609
289.9	525.639
290	525.669
290.1	525.699
290.2	525.729
290.3	525.758
290.4	525.788
290.5	525.818
290.6	525.848
290.7	525.878
290.8	525.908
290.9	525.937
291	525.967
291.1	525.997
291.2	526.027
291.3	526.057
291.4	526.086
291.5	526.116
291.6	526.146
291.7	526.176
291.8	526.205
291.9	526.235
292	526.265
292.1	526.295
292.2	526.324
292.3	526.354
292.4	526.384
292.5	526.413
292.6	526.443
292.7	526.473
292.8	526.502
292.9	526.532
293	526.562
293.1	526.591
293.2	526.621
293.3	526.651
293.4	526.68
293.5	526.71
293.6	526.739
293.7	526.769
293.8	526.799
293.9	526.828
294	526.858
294.1	526.887
294.2	526.917
294.3	526.946
294.4	526.976
294.5	527.006
294.6	527.035
294.7	527.065
294.8	527.094
294.9	527.124
295	527.153
295.1	527.183
295.2	527.212
295.3	527.241
295.4	527.271
295.5	527.3
295.6	527.33
295.7	527.359
295.8	527.389
295.9	527.418
296	527.447
296.1	527.477
296.2	527.506
296.3	527.536
296.4	527.565
296.5	527.594
296.6	527.624
296.7	527.653
296.8	527.682
296.9	527.712
297	527.741
297.1	527.77
297.2	527.8
297.3	527.829
297.4	527.858
297.5	527.888
297.6	527.917
297.7	527.946
297.8	527.975
297.9	528.005
298	528.034
298.1	528.063
298.2	528.092
298.3	528.122
298.4	528.151
298.5	528.18
298.6	528.209
298.7	528.239
298.8	528.268
298.9	528.297
299	528.326
299.1	528.355
299.2	528.384
299.3	528.414
299.4	528.443
299.5	528.472
299.6	528.501
299.7	528.53
299.8	528.559
299.9	528.588
300	528.617
