W	Pred
1.5	165.462
1.6	160.873
1.7	156.846
1.8	153.289
1.9	150.126
2	147.3
2.1	144.762
2.2	142.472
2.3	140.4
2.4	138.516
2.5	136.798
2.6	135.228
2.7	133.788
2.8	132.465
2.9	131.245
3	130.119
3.1	129.078
3.2	128.113
3.3	127.217
3.4	126.384
3.5	125.609
3.6	124.886
3.7	124.211
3.8	123.58
3.9	122.99
4	122.438
4.1	121.92
4.2	121.434
4.3	120.978
4.4	120.55
4.5	120.147
4.6	119.769
4.7	119.412
4.8	119.077
4.9	118.761
5	118.463
5.1	118.182
5.2	117.918
5.3	117.668
5.4	117.433
5.5	117.211
5.6	117.002
5.7	116.805
5.8	116.618
5.9	116.443
6	116.277
6.1	116.121
6.2	115.974
6.3	115.835
6.4	115.705
6.5	115.582
6.6	115.466
6.7	115.357
6.8	115.255
6.9	115.159
7	115.069
7.1	114.985
7.2	114.906
7.3	114.832
7.4	114.764
7.5	114.699
7.6	114.64
7.7	114.584
7.8	114.533
7.9	114.486
8	114.442
8.1	114.402
8.2	114.365
8.3	114.332
8.4	114.302
8.5	114.275
8.6	114.25
8.7	114.229
8.8	114.21
8.9	114.193
9	114.179
9.1	114.168
9.2	114.159
9.3	114.151
9.4	114.146
9.5	114.143
9.6	114.142
9.7	114.143
9.8	114.145
9.9	114.15
10	114.156
10.1	114.163
10.2	114.172
10.3	114.183
10.4	114.194
10.5	114.208
10.6	114.222
10.7	114.238
10.8	114.255
10.9	114.273
11	114.293
11.1	114.313
11.2	114.335
11.3	114.357
11.4	114.381
11.5	114.405
11.6	114.431
11.7	114.457
11.8	114.484
11.9	114.512
12	114.541
12.1	114.57
12.2	114.601
12.3	114.632
12.4	114.663
12.5	114.696
12.6	114.729
12.7	114.762
12.8	114.796
12.9	114.831
13	114.866
13.1	114.902
13.2	114.939
13.3	114.976
13.4	115.013
13.5	115.051
13.6	115.089
13.7	115.128
13.8	115.167
13.9	115.207
14	115.247
14.1	115.287
14.2	115.328
14.3	115.369
14.4	115.41
14.5	115.452
14.6	115.494
14.7	115.536
14.8	115.579
14.9	115.622
15	115.665
15.1	115.709
15.2	115.752
15.3	115.796
15.4	115.841
15.5	115.885
15.6	115.93
15.7	115.975
15.8	116.02
15.9	116.065
16	116.111
16.1	116.156
16.2	116.202
16.3	116.248
16.4	116.294
16.5	116.341
16.6	116.387
16.7	116.434
16.8	116.481
16.9	116.528
17	116.575
17.1	116.622
17.2	116.669
17.3	116.716
17.4	116.764
17.5	116.811
17.6	116.859
17.7	116.907
17.8	116.955
17.9	117.003
18	117.051
18.1	117.099
18.2	117.147
18.3	117.195
18.4	117.244
18.5	117.292
18.6	117.341
18.7	117.389
18.8	117.438
18.9	117.486
19	117.535
19.1	117.584
19.2	117.632
19.3	117.681
19.4	117.73
19.5	117.779
19.6	117.828
19.7	117.876
19.8	117.925
19.9	117.974
20	118.023
20.1	118.072
20.2	118.121
20.3	118.17
20.4	118.219
20.5	118.268
20.6	118.317
20.7	118.366
20.8	118.415
20.9	118.464
21	118.513
21.1	118.562
21.2	118.611
21.3	118.66
21.4	118.709
21.5	118.758
21.6	118.807
21.7	118.856
21.8	118.905
21.9	118.954
22	119.003
22.1	119.052
22.2	119.101
22.3	119.15
22.4	119.198
22.5	119.247
22.6	119.296
22.7	119.345
22.8	119.394
22.9	119.442
23	119.491
23.1	119.54
23.2	119.588
23.3	119.637
23.4	119.685
23.5	119.734
23.6	119.782
23.7	119.831
23.8	119.879
23.9	119.928
24	119.976
24.1	120.024
24.2	120.073
24.3	120.121
24.4	120.169
24.5	120.217
24.6	120.265
24.7	120.313
24.8	120.361
24.9	120.409
25	120.457
25.1	120.505
25.2	120.553
25.3	120.601
25.4	120.649
25.5	120.696
25.6	120.744
25.7	120.792
25.8	120.839
25.9	120.887
26	120.934
26.1	120.982
26.2	121.029
26.3	121.076
26.4	121.124
26.5	121.171
26.6	121.218
26.7	121.265
26.8	121.312
26.9	121.359
27	121.406
27.1	121.453
27.2	121.5
27.3	121.547
27.4	121.594
27.5	121.64
27.6	121.687
27.7	121.734
27.8	121.78
27.9	121.827
28	121.873
28.1	121.92
28.2	121.966
28.3	122.012
28.4	122.058
28.5	122.105
28.6	122.151
28.7	122.197
28.8	122.243
28.9	122.289
29	122.334
29.1	122.38
29.2	122.426
29.3	122.472
29.4	122.517
29.5	122.563
29.6	122.609
29.7	122.654
29.8	122.7
29.9	122.745
30	122.79
30.1	122.835
30.2	122.881
30.3	122.926
30.4	122.971
30.5	123.016
30.6	123.061
30.7	123.106
30.8	123.151
30.9	123.195
31	123.24
31.1	123.285
31.2	123.329
31.3	123.374
31.4	123.419
31.5	123.463
31.6	123.507
31.7	123.552
31.8	123.596
31.9	123.64
32	123.684
32.1	123.728
32.2	123.772
32.3	123.816
32.4	123.86
32.5	123.904
32.6	123.948
32.7	123.992
32.8	124.035
32.9	124.079
33	124.123
33.1	124.166
33.2	124.21
33.3	124.253
33.4	124.296
33.5	124.34
33.6	124.383
33.7	124.426
33.8	124.469
33.9	124.512
34	124.555
34.1	124.598
34.2	124.641
34.3	124.684
34.4	124.727
34.5	124.769
34.6	124.812
34.7	124.855
34.8	124.897
34.9	124.94
35	124.982
35.1	125.024
35.2	125.067
35.3	125.109
35.4	125.151
35.5	125.193
35.6	125.235
35.7	125.277
35.8	125.319
35.9	125.361
36	125.403
36.1	125.445
36.2	125.487
36.3	125.528
36.4	125.57
36.5	125.611
36.6	125.653
36.7	125.694
36.8	125.736
36.9	125.777
37	125.818
37.1	125.86
37.2	125.901
37.3	125.942
37.4	125.983
37.5	126.024
37.6	126.065
37.7	126.106
37.8	126.147
37.9	126.188
38	126.228
38.1	126.269
38.2	126.31
38.3	126.35
38.4	126.391
38.5	126.431
38.6	126.472
38.7	126.512
38.8	126.552
38.9	126.592
39	126.633
39.1	126.673
39.2	126.713
39.3	126.753
39.4	126.793
39.5	126.833
39.6	126.873
39.7	126.912
39.8	126.952
39.9	126.992
40	127.032
40.1	127.071
40.2	127.111
40.3	127.15
40.4	127.19
40.5	127.229
40.6	127.268
40.7	127.308
40.8	127.347
40.9	127.386
41	127.425
41.1	127.464
41.2	127.503
41.3	127.542
41.4	127.581
41.5	127.62
41.6	127.659
41.7	127.698
41.8	127.737
41.9	127.775
42	127.814
42.1	127.852
42.2	127.891
42.3	127.929
42.4	127.968
42.5	128.006
42.6	128.045
42.7	128.083
42.8	128.121
42.9	128.159
43	128.197
43.1	128.235
43.2	128.273
43.3	128.311
43.4	128.349
43.5	128.387
43.6	128.425
43.7	128.463
43.8	128.501
43.9	128.538
44	128.576
44.1	128.613
44.2	128.651
44.3	128.688
44.4	128.726
44.5	128.763
44.6	128.801
44.7	128.838
44.8	128.875
44.9	128.912
45	128.95
45.1	128.987
45.2	129.024
45.3	129.061
45.4	129.098
45.5	129.135
45.6	129.171
45.7	129.208
45.8	129.245
45.9	129.282
46	129.318
46.1	129.355
46.2	129.392
46.3	129.428
46.4	129.465
46.5	129.501
46.6	129.538
46.7	129.574
46.8	129.61
46.9	129.646
47	129.683
47.1	129.719
47.2	129.755
47.3	129.791
47.4	129.827
47.5	129.863
47.6	129.899
47.7	129.935
47.8	129.971
47.9	130.007
48	130.042
48.1	130.078
48.2	130.114
48.3	130.149
48.4	130.185
48.5	130.221
48.6	130.256
48.7	130.292
48.8	130.327
48.9	130.362
49	130.398
49.1	130.433
49.2	130.468
49.3	130.503
49.4	130.539
49.5	130.574
49.6	130.609
49.7	130.644
49.8	130.679
49.9	130.714
50	130.749
50.1	130.784
50.2	130.818
50.3	130.853
50.4	130.888
50.5	130.923
50.6	130.957
50.7	130.992
50.8	131.026
50.9	131.061
51	131.095
51.1	131.13
51.2	131.164
51.3	131.199
51.4	131.233
51.5	131.267
51.6	131.301
51.7	131.336
51.8	131.37
51.9	131.404
52	131.438
52.1	131.472
52.2	131.506
52.3	131.54
52.4	131.574
52.5	131.608
52.6	131.641
52.7	131.675
52.8	131.709
52.9	131.743
53	131.776
53.1	131.81
53.2	131.844
53.3	131.877
53.4	131.911
53.5	131.944
53.6	131.978
53.7	132.011
53.8	132.044
53.9	132.078
54	132.111
54.1	132.144
54.2	132.177
54.3	132.211
54.4	132.244
54.5	132.277
54.6	132.31
54.7	132.343
54.8	132.376
54.9	132.409
55	132.442
55.1	132.474
55.2	132.507
55.3	132.54
55.4	132.573
55.5	132.606
55.6	132.638
55.7	132.671
55.8	132.703
55.9	132.736
56	132.768
56.1	132.801
56.2	132.833
56.3	132.866
56.4	132.898
56.5	132.931
56.6	132.963
56.7	132.995
56.8	133.027
56.9	133.059
57	133.092
57.1	133.124
57.2	133.156
57.3	133.188
57.4	133.22
57.5	133.252
57.6	133.284
57.7	133.316
57.8	133.348
57.9	133.379
58	133.411
58.1	133.443
58.2	133.475
58.3	133.506
58.4	133.538
58.5	133.57
58.6	133.601
58.7	133.633
58.8	133.664
58.9	133.696
59	133.727
59.1	133.759
59.2	133.79
59.3	133.821
59.4	133.853
59.5	133.884
59.6	133.915
59.7	133.946
59.8	133.978
59.9	134.009
60	134.04
60.1	134.071
60.2	134.102
60.3	134.133
60.4	134.164
60.5	134.195
60.6	134.226
60.7	134.257
60.8	134.287
60.9	134.318
61	134.349
61.1	134.38
61.2	134.41
61.3	134.441
61.4	134.472
61.5	134.502
61.6	134.533
61.7	134.563
61.8	134.594
61.9	134.624
62	134.655
62.1	134.685
62.2	134.716
62.3	134.746
62.4	134.776
62.5	134.807
62.6	134.837
62.7	134.867
62.8	134.897
62.9	134.927
63	134.957
63.1	134.988
63.2	135.018
63.3	135.048
63.4	135.078
63.5	135.108
63.6	135.138
63.7	135.167
63.8	135.197
63.9	135.227
64	135.257
64.1	135.287
64.2	135.316
64.3	135.346
64.4	135.376
64.5	135.405
64.6	135.435
64.7	135.465
64.8	135.494
64.9	135.524
65	135.553
65.1	135.583
65.2	135.612
65.3	135.642
65.4	135.671
65.5	135.7
65.6	135.73
65.7	135.759
65.8	135.788
65.9	135.817
66	135.847
66.1	135.876
66.2	135.905
66.3	135.934
66.4	135.963
66.5	135.992
66.6	136.021
66.7	136.05
66.8	136.079
66.9	136.108
67	136.137
67.1	136.166
67.2	136.195
67.3	136.223
67.4	136.252
67.5	136.281
67.6	136.31
67.7	136.338
67.8	136.367
67.9	136.396
68	136.424
68.1	136.453
68.2	136.481
68.3	136.51
68.4	136.539
68.5	136.567
68.6	136.595
68.7	136.624
68.8	136.652
68.9	136.681
69	136.709
69.1	136.737
69.2	136.766
69.3	136.794
69.4	136.822
69.5	136.85
69.6	136.878
69.7	136.906
69.8	136.935
69.9	136.963
70	136.991
70.1	137.019
70.2	137.047
70.3	137.075
70.4	137.103
70.5	137.131
70.6	137.158
70.7	137.186
70.8	137.214
70.9	137.242
71	137.27
71.1	137.298
71.2	137.325
71.3	137.353
71.4	137.381
71.5	137.408
71.6	137.436
71.7	137.463
71.8	137.491
71.9	137.519
72	137.546
72.1	137.574
72.2	137.601
72.3	137.629
72.4	137.656
72.5	137.683
72.6	137.711
72.7	137.738
72.8	137.765
72.9	137.793
73	137.82
73.1	137.847
73.2	137.874
73.3	137.901
73.4	137.929
73.5	137.956
73.6	137.983
73.7	138.01
73.8	138.037
73.9	138.064
74	138.091
74.1	138.118
74.2	138.145
74.3	138.172
74.4	138.199
74.5	138.226
74.6	138.253
74.7	138.279
74.8	138.306
74.9	138.333
75	138.36
75.1	138.386
75.2	138.413
75.3	138.44
75.4	138.466
75.5	138.493
75.6	138.52
75.7	138.546
75.8	138.573
75.9	138.599
76	138.626
76.1	138.652
76.2	138.679
76.3	138.705
76.4	138.732
76.5	138.758
76.6	138.784
76.7	138.811
76.8	138.837
76.9	138.863
77	138.89
77.1	138.916
77.2	138.942
77.3	138.968
77.4	138.994
77.5	139.021
77.6	139.047
77.7	139.073
77.8	139.099
77.9	139.125
78	139.151
78.1	139.177
78.2	139.203
78.3	139.229
78.4	139.255
78.5	139.281
78.6	139.307
78.7	139.332
78.8	139.358
78.9	139.384
79	139.41
79.1	139.436
79.2	139.461
79.3	139.487
79.4	139.513
79.5	139.539
79.6	139.564
79.7	139.59
79.8	139.615
79.9	139.641
80	139.667
80.1	139.692
80.2	139.718
80.3	139.743
80.4	139.769
80.5	139.794
80.6	139.82
80.7	139.845
80.8	139.87
80.9	139.896
81	139.921
81.1	139.946
81.2	139.972
81.3	139.997
81.4	140.022
81.5	140.047
81.6	140.073
81.7	140.098
81.8	140.123
81.9	140.148
82	140.173
82.1	140.198
82.2	140.224
82.3	140.249
82.4	140.274
82.5	140.299
82.6	140.324
82.7	140.349
82.8	140.374
82.9	140.399
83	140.423
83.1	140.448
83.2	140.473
83.3	140.498
83.4	140.523
83.5	140.548
83.6	140.572
83.7	140.597
83.8	140.622
83.9	140.647
84	140.671
84.1	140.696
84.2	140.721
84.3	140.745
84.4	140.77
84.5	140.795
84.6	140.819
84.7	140.844
84.8	140.868
84.9	140.893
85	140.917
85.1	140.942
85.2	140.966
85.3	140.991
85.4	141.015
85.5	141.039
85.6	141.064
85.7	141.088
85.8	141.112
85.9	141.137
86	141.161
86.1	141.185
86.2	141.21
86.3	141.234
86.4	141.258
86.5	141.282
86.6	141.306
86.7	141.331
86.8	141.355
86.9	141.379
87	141.403
87.1	141.427
87.2	141.451
87.3	141.475
87.4	141.499
87.5	141.523
87.6	141.547
87.7	141.571
87.8	141.595
87.9	141.619
88	141.643
88.1	141.667
88.2	141.69
88.3	141.714
88.4	141.738
88.5	141.762
88.6	141.786
88.7	141.809
88.8	141.833
88.9	141.857
89	141.881
89.1	141.904
89.2	141.928
89.3	141.952
89.4	141.975
89.5	141.999
89.6	142.022
89.7	142.046
89.8	142.07
89.9	142.093
90	142.117
90.1	142.14
90.2	142.164
90.3	142.187
90.4	142.21
90.5	142.234
90.6	142.257
90.7	142.281
90.8	142.304
90.9	142.327
91	142.351
91.1	142.374
91.2	142.397
91.3	142.42
91.4	142.444
91.5	142.467
91.6	142.49
91.7	142.513
91.8	142.537
91.9	142.56
92	142.583
92.1	142.606
92.2	142.629
92.3	142.652
92.4	142.675
92.5	142.698
92.6	142.721
92.7	142.744
92.8	142.767
92.9	142.79
93	142.813
93.1	142.836
93.2	142.859
93.3	142.882
93.4	142.905
93.5	142.928
93.6	142.951
93.7	142.973
93.8	142.996
93.9	143.019
94	143.042
94.1	143.065
94.2	143.087
94.3	143.11
94.4	143.133
94.5	143.156
94.6	143.178
94.7	143.201
94.8	143.224
94.9	143.246
95	143.269
95.1	143.291
95.2	143.314
95.3	143.336
95.4	143.359
95.5	143.382
95.6	143.404
95.7	143.427
95.8	143.449
95.9	143.471
96	143.494
96.1	143.516
96.2	143.539
96.3	143.561
96.4	143.583
96.5	143.606
96.6	143.628
96.7	143.65
96.8	143.673
96.9	143.695
97	143.717
97.1	143.74
97.2	143.762
97.3	143.784
97.4	143.806
97.5	143.828
97.6	143.851
97.7	143.873
97.8	143.895
97.9	143.917
98	143.939
98.1	143.961
98.2	143.983
98.3	144.005
98.4	144.027
98.5	144.049
98.6	144.071
98.7	144.093
98.8	144.115
98.9	144.137
99	144.159
99.1	144.181
99.2	144.203
99.3	144.225
99.4	144.247
99.5	144.269
99.6	144.291
99.7	144.312
99.8	144.334
99.9	144.356
100	144.378
100.1	144.399
100.2	144.421
100.3	144.443
100.4	144.465
100.5	144.486
100.6	144.508
100.7	144.53
100.8	144.551
100.9	144.573
101	144.595
101.1	144.616
101.2	144.638
101.3	144.659
101.4	144.681
101.5	144.702
101.6	144.724
101.7	144.746
101.8	144.767
101.9	144.788
102	144.81
102.1	144.831
102.2	144.853
102.3	144.874
102.4	144.896
102.5	144.917
102.6	144.938
102.7	144.96
102.8	144.981
102.9	145.002
103	145.024
103.1	145.045
103.2	145.066
103.3	145.088
103.4	145.109
103.5	145.13
103.6	145.151
103.7	145.172
103.8	145.194
103.9	145.215
104	145.236
104.1	145.257
104.2	145.278
104.3	145.299
104.4	145.321
104.5	145.342
104.6	145.363
104.7	145.384
104.8	145.405
104.9	145.426
105	145.447
105.1	145.468
105.2	145.489
105.3	145.51
105.4	145.531
105.5	145.552
105.6	145.573
105.7	145.593
105.8	145.614
105.9	145.635
106	145.656
106.1	145.677
106.2	145.698
106.3	145.719
106.4	145.739
106.5	145.76
106.6	145.781
106.7	145.802
106.8	145.822
106.9	145.843
107	145.864
107.1	145.885
107.2	145.905
107.3	145.926
107.4	145.947
107.5	145.967
107.6	145.988
107.7	146.009
107.8	146.029
107.9	146.05
108	146.07
108.1	146.091
108.2	146.111
108.3	146.132
108.4	146.153
108.5	146.173
108.6	146.194
108.7	146.214
108.8	146.234
108.9	146.255
109	146.275
109.1	146.296
109.2	146.316
109.3	146.337
109.4	146.357
109.5	146.377
109.6	146.398
109.7	146.418
109.8	146.438
109.9	146.459
110	146.479
110.1	146.499
110.2	146.52
110.3	146.54
110.4	146.56
110.5	146.58
110.6	146.6
110.7	146.621
110.8	146.641
110.9	146.661
111	146.681
111.1	146.701
111.2	146.721
111.3	146.742
111.4	146.762
111.5	146.782
111.6	146.802
111.7	146.822
111.8	146.842
111.9	146.862
112	146.882
112.1	146.902
112.2	146.922
112.3	146.942
112.4	146.962
112.5	146.982
112.6	147.002
112.7	147.022
112.8	147.042
112.9	147.062
113	147.082
113.1	147.102
113.2	147.121
113.3	147.141
113.4	147.161
113.5	147.181
113.6	147.201
113.7	147.221
113.8	147.24
113.9	147.26
114	147.28
114.1	147.3
114.2	147.319
114.3	147.339
114.4	147.359
114.5	147.379
114.6	147.398
114.7	147.418
114.8	147.438
114.9	147.457
115	147.477
115.1	147.497
115.2	147.516
115.3	147.536
115.4	147.555
115.5	147.575
115.6	147.594
115.7	147.614
115.8	147.634
115.9	147.653
116	147.673
116.1	147.692
116.2	147.712
116.3	147.731
116.4	147.751
116.5	147.77
116.6	147.789
116.7	147.809
116.8	147.828
116.9	147.848
117	147.867
117.1	147.886
117.2	147.906
117.3	147.925
117.4	147.944
117.5	147.964
117.6	147.983
117.7	148.002
117.8	148.022
117.9	148.041
118	148.06
118.1	148.079
118.2	148.099
118.3	148.118
118.4	148.137
118.5	148.156
118.6	148.176
118.7	148.195
118.8	148.214
118.9	148.233
119	148.252
119.1	148.271
119.2	148.29
119.3	148.31
119.4	148.329
119.5	148.348
119.6	148.367
119.7	148.386
119.8	148.405
119.9	148.424
120	148.443
120.1	148.462
120.2	148.481
120.3	148.5
120.4	148.519
120.5	148.538
120.6	148.557
120.7	148.576
120.8	148.595
120.9	148.614
121	148.633
121.1	148.651
121.2	148.67
121.3	148.689
121.4	148.708
121.5	148.727
121.6	148.746
121.7	148.765
121.8	148.783
121.9	148.802
122	148.821
122.1	148.84
122.2	148.858
122.3	148.877
122.4	148.896
122.5	148.915
122.6	148.933
122.7	148.952
122.8	148.971
122.9	148.99
123	149.008
123.1	149.027
123.2	149.046
123.3	149.064
123.4	149.083
123.5	149.101
123.6	149.12
123.7	149.139
123.8	149.157
123.9	149.176
124	149.194
124.1	149.213
124.2	149.231
124.3	149.25
124.4	149.268
124.5	149.287
124.6	149.305
124.7	149.324
124.8	149.342
124.9	149.361
125	149.379
125.1	149.398
125.2	149.416
125.3	149.435
125.4	149.453
125.5	149.471
125.6	149.49
125.7	149.508
125.8	149.526
125.9	149.545
126	149.563
126.1	149.582
126.2	149.6
126.3	149.618
126.4	149.636
126.5	149.655
126.6	149.673
126.7	149.691
126.8	149.709
126.9	149.728
127	149.746
127.1	149.764
127.2	149.782
127.3	149.801
127.4	149.819
127.5	149.837
127.6	149.855
127.7	149.873
127.8	149.891
127.9	149.91
128	149.928
128.1	149.946
128.2	149.964
128.3	149.982
128.4	150
128.5	150.018
128.6	150.036
128.7	150.054
128.8	150.072
128.9	150.09
129	150.108
129.1	150.126
129.2	150.144
129.3	150.162
129.4	150.18
129.5	150.198
129.6	150.216
129.7	150.234
129.8	150.252
129.9	150.27
130	150.288
130.1	150.306
130.2	150.324
130.3	150.342
130.4	150.359
130.5	150.377
130.6	150.395
130.7	150.413
130.8	150.431
130.9	150.449
131	150.466
131.1	150.484
131.2	150.502
131.3	150.52
131.4	150.538
131.5	150.555
131.6	150.573
131.7	150.591
131.8	150.608
131.9	150.626
132	150.644
132.1	150.662
132.2	150.679
132.3	150.697
132.4	150.715
132.5	150.732
132.6	150.75
132.7	150.768
132.8	150.785
132.9	150.803
133	150.82
133.1	150.838
133.2	150.856
133.3	150.873
133.4	150.891
133.5	150.908
133.6	150.926
133.7	150.943
133.8	150.961
133.9	150.978
134	150.996
134.1	151.013
134.2	151.031
134.3	151.048
134.4	151.066
134.5	151.083
134.6	151.101
134.7	151.118
134.8	151.136
134.9	151.153
135	151.17
135.1	151.188
135.2	151.205
135.3	151.222
135.4	151.24
135.5	151.257
135.6	151.275
135.7	151.292
135.8	151.309
135.9	151.327
136	151.344
136.1	151.361
136.2	151.378
136.3	151.396
136.4	151.413
136.5	151.43
136.6	151.447
136.7	151.465
136.8	151.482
136.9	151.499
137	151.516
137.1	151.534
137.2	151.551
137.3	151.568
137.4	151.585
137.5	151.602
137.6	151.619
137.7	151.637
137.8	151.654
137.9	151.671
138	151.688
138.1	151.705
138.2	151.722
138.3	151.739
138.4	151.756
138.5	151.773
138.6	151.79
138.7	151.808
138.8	151.825
138.9	151.842
139	151.859
139.1	151.876
139.2	151.893
139.3	151.91
139.4	151.927
139.5	151.944
139.6	151.961
139.7	151.978
139.8	151.994
139.9	152.011
140	152.028
140.1	152.045
140.2	152.062
140.3	152.079
140.4	152.096
140.5	152.113
140.6	152.13
140.7	152.147
140.8	152.163
140.9	152.18
141	152.197
141.1	152.214
141.2	152.231
141.3	152.248
141.4	152.264
141.5	152.281
141.6	152.298
141.7	152.315
141.8	152.332
141.9	152.348
142	152.365
142.1	152.382
142.2	152.399
142.3	152.415
142.4	152.432
142.5	152.449
142.6	152.465
142.7	152.482
142.8	152.499
142.9	152.515
143	152.532
143.1	152.549
143.2	152.565
143.3	152.582
143.4	152.599
143.5	152.615
143.6	152.632
143.7	152.648
143.8	152.665
143.9	152.682
144	152.698
144.1	152.715
144.2	152.731
144.3	152.748
144.4	152.764
144.5	152.781
144.6	152.797
144.7	152.814
144.8	152.83
144.9	152.847
145	152.863
145.1	152.88
145.2	152.896
145.3	152.913
145.4	152.929
145.5	152.946
145.6	152.962
145.7	152.978
145.8	152.995
145.9	153.011
146	153.028
146.1	153.044
146.2	153.06
146.3	153.077
146.4	153.093
146.5	153.11
146.6	153.126
146.7	153.142
146.8	153.159
146.9	153.175
147	153.191
147.1	153.207
147.2	153.224
147.3	153.24
147.4	153.256
147.5	153.273
147.6	153.289
147.7	153.305
147.8	153.321
147.9	153.338
148	153.354
148.1	153.37
148.2	153.386
148.3	153.402
148.4	153.419
148.5	153.435
148.6	153.451
148.7	153.467
148.8	153.483
148.9	153.499
149	153.516
149.1	153.532
149.2	153.548
149.3	153.564
149.4	153.58
149.5	153.596
149.6	153.612
149.7	153.628
149.8	153.644
149.9	153.661
150	153.677
150.1	153.693
150.2	153.709
150.3	153.725
150.4	153.741
150.5	153.757
150.6	153.773
150.7	153.789
150.8	153.805
150.9	153.821
151	153.837
151.1	153.853
151.2	153.869
151.3	153.885
151.4	153.901
151.5	153.917
151.6	153.932
151.7	153.948
151.8	153.964
151.9	153.98
152	153.996
152.1	154.012
152.2	154.028
152.3	154.044
152.4	154.06
152.5	154.075
152.6	154.091
152.7	154.107
152.8	154.123
152.9	154.139
153	154.155
153.1	154.17
153.2	154.186
153.3	154.202
153.4	154.218
153.5	154.234
153.6	154.249
153.7	154.265
153.8	154.281
153.9	154.297
154	154.312
154.1	154.328
154.2	154.344
154.3	154.36
154.4	154.375
154.5	154.391
154.6	154.407
154.7	154.422
154.8	154.438
154.9	154.454
155	154.469
155.1	154.485
155.2	154.501
155.3	154.516
155.4	154.532
155.5	154.548
155.6	154.563
155.7	154.579
155.8	154.594
155.9	154.61
156	154.626
156.1	154.641
156.2	154.657
156.3	154.672
156.4	154.688
156.5	154.703
156.6	154.719
156.7	154.734
156.8	154.75
156.9	154.765
157	154.781
157.1	154.796
157.2	154.812
157.3	154.827
157.4	154.843
157.5	154.858
157.6	154.874
157.7	154.889
157.8	154.905
157.9	154.92
158	154.936
158.1	154.951
158.2	154.966
158.3	154.982
158.4	154.997
158.5	155.013
158.6	155.028
158.7	155.043
158.8	155.059
158.9	155.074
159	155.09
159.1	155.105
159.2	155.12
159.3	155.136
159.4	155.151
159.5	155.166
159.6	155.181
159.7	155.197
159.8	155.212
159.9	155.227
160	155.243
160.1	155.258
160.2	155.273
160.3	155.288
160.4	155.304
160.5	155.319
160.6	155.334
160.7	155.349
160.8	155.365
160.9	155.38
161	155.395
161.1	155.41
161.2	155.425
161.3	155.441
161.4	155.456
161.5	155.471
161.6	155.486
161.7	155.501
161.8	155.517
161.9	155.532
162	155.547
162.1	155.562
162.2	155.577
162.3	155.592
162.4	155.607
162.5	155.622
162.6	155.637
162.7	155.653
162.8	155.668
162.9	155.683
163	155.698
163.1	155.713
163.2	155.728
163.3	155.743
163.4	155.758
163.5	155.773
163.6	155.788
163.7	155.803
163.8	155.818
163.9	155.833
164	155.848
164.1	155.863
164.2	155.878
164.3	155.893
164.4	155.908
164.5	155.923
164.6	155.938
164.7	155.953
164.8	155.968
164.9	155.983
165	155.998
165.1	156.013
165.2	156.027
165.3	156.042
165.4	156.057
165.5	156.072
165.6	156.087
165.7	156.102
165.8	156.117
165.9	156.132
166	156.146
166.1	156.161
166.2	156.176
166.3	156.191
166.4	156.206
166.5	156.221
166.6	156.235
166.7	156.25
166.8	156.265
166.9	156.28
167	156.295
167.1	156.309
167.2	156.324
167.3	156.339
167.4	156.354
167.5	156.368
167.6	156.383
167.7	156.398
167.8	156.413
167.9	156.427
168	156.442
168.1	156.457
168.2	156.472
168.3	156.486
168.4	156.501
168.5	156.516
168.6	156.53
168.7	156.545
168.8	156.56
168.9	156.574
169	156.589
169.1	156.604
169.2	156.618
169.3	156.633
169.4	156.647
169.5	156.662
169.6	156.677
169.7	156.691
169.8	156.706
169.9	156.72
170	156.735
170.1	156.75
170.2	156.764
170.3	156.779
170.4	156.793
170.5	156.808
170.6	156.822
170.7	156.837
170.8	156.852
170.9	156.866
171	156.881
171.1	156.895
171.2	156.91
171.3	156.924
171.4	156.939
171.5	156.953
171.6	156.968
171.7	156.982
171.8	156.996
171.9	157.011
172	157.025
172.1	157.04
172.2	157.054
172.3	157.069
172.4	157.083
172.5	157.098
172.6	157.112
172.7	157.126
172.8	157.141
172.9	157.155
173	157.17
173.1	157.184
173.2	157.198
173.3	157.213
173.4	157.227
173.5	157.241
173.6	157.256
173.7	157.27
173.8	157.284
173.9	157.299
174	157.313
174.1	157.327
174.2	157.342
174.3	157.356
174.4	157.37
174.5	157.385
174.6	157.399
174.7	157.413
174.8	157.427
174.9	157.442
175	157.456
175.1	157.47
175.2	157.484
175.3	157.499
175.4	157.513
175.5	157.527
175.6	157.541
175.7	157.556
175.8	157.57
175.9	157.584
176	157.598
176.1	157.612
176.2	157.627
176.3	157.641
176.4	157.655
176.5	157.669
176.6	157.683
176.7	157.697
176.8	157.712
176.9	157.726
177	157.74
177.1	157.754
177.2	157.768
177.3	157.782
177.4	157.796
177.5	157.81
177.6	157.825
177.7	157.839
177.8	157.853
177.9	157.867
178	157.881
178.1	157.895
178.2	157.909
178.3	157.923
178.4	157.937
178.5	157.951
178.6	157.965
178.7	157.979
178.8	157.993
178.9	158.007
179	158.021
179.1	158.035
179.2	158.049
179.3	158.063
179.4	158.077
179.5	158.091
179.6	158.105
179.7	158.119
179.8	158.133
179.9	158.147
180	158.161
180.1	158.175
180.2	158.189
180.3	158.203
180.4	158.217
180.5	158.231
180.6	158.245
180.7	158.259
180.8	158.272
180.9	158.286
181	158.3
181.1	158.314
181.2	158.328
181.3	158.342
181.4	158.356
181.5	158.37
181.6	158.383
181.7	158.397
181.8	158.411
181.9	158.425
182	158.439
182.1	158.453
182.2	158.466
182.3	158.48
182.4	158.494
182.5	158.508
182.6	158.522
182.7	158.535
182.8	158.549
182.9	158.563
183	158.577
183.1	158.591
183.2	158.604
183.3	158.618
183.4	158.632
183.5	158.646
183.6	158.659
183.7	158.673
183.8	158.687
183.9	158.7
184	158.714
184.1	158.728
184.2	158.742
184.3	158.755
184.4	158.769
184.5	158.783
184.6	158.796
184.7	158.81
184.8	158.824
184.9	158.837
185	158.851
185.1	158.865
185.2	158.878
185.3	158.892
185.4	158.906
185.5	158.919
185.6	158.933
185.7	158.946
185.8	158.96
185.9	158.974
186	158.987
186.1	159.001
186.2	159.014
186.3	159.028
186.4	159.042
186.5	159.055
186.6	159.069
186.7	159.082
186.8	159.096
186.9	159.109
187	159.123
187.1	159.137
187.2	159.15
187.3	159.164
187.4	159.177
187.5	159.191
187.6	159.204
187.7	159.218
187.8	159.231
187.9	159.245
188	159.258
188.1	159.272
188.2	159.285
188.3	159.299
188.4	159.312
188.5	159.325
188.6	159.339
188.7	159.352
188.8	159.366
188.9	159.379
189	159.393
189.1	159.406
189.2	159.42
189.3	159.433
189.4	159.446
189.5	159.46
189.6	159.473
189.7	159.487
189.8	159.5
189.9	159.513
190	159.527
190.1	159.54
190.2	159.553
190.3	159.567
190.4	159.58
190.5	159.593
190.6	159.607
190.7	159.62
190.8	159.634
190.9	159.647
191	159.66
191.1	159.673
191.2	159.687
191.3	159.7
191.4	159.713
191.5	159.727
191.6	159.74
191.7	159.753
191.8	159.767
191.9	159.78
192	159.793
192.1	159.806
192.2	159.82
192.3	159.833
192.4	159.846
192.5	159.859
192.6	159.873
192.7	159.886
192.8	159.899
192.9	159.912
193	159.925
193.1	159.939
193.2	159.952
193.3	159.965
193.4	159.978
193.5	159.991
193.6	160.005
193.7	160.018
193.8	160.031
193.9	160.044
194	160.057
194.1	160.07
194.2	160.084
194.3	160.097
194.4	160.11
194.5	160.123
194.6	160.136
194.7	160.149
194.8	160.162
194.9	160.176
195	160.189
195.1	160.202
195.2	160.215
195.3	160.228
195.4	160.241
195.5	160.254
195.6	160.267
195.7	160.28
195.8	160.293
195.9	160.306
196	160.319
196.1	160.332
196.2	160.346
196.3	160.359
196.4	160.372
196.5	160.385
196.6	160.398
196.7	160.411
196.8	160.424
196.9	160.437
197	160.45
197.1	160.463
197.2	160.476
197.3	160.489
197.4	160.502
197.5	160.515
197.6	160.528
197.7	160.541
197.8	160.554
197.9	160.567
198	160.579
198.1	160.592
198.2	160.605
198.3	160.618
198.4	160.631
198.5	160.644
198.6	160.657
198.7	160.67
198.8	160.683
198.9	160.696
199	160.709
199.1	160.722
199.2	160.734
199.3	160.747
199.4	160.76
199.5	160.773
199.6	160.786
199.7	160.799
199.8	160.812
199.9	160.825
200	160.837
200.1	160.85
200.2	160.863
200.3	160.876
200.4	160.889
200.5	160.902
200.6	160.914
200.7	160.927
200.8	160.94
200.9	160.953
201	160.966
201.1	160.978
201.2	160.991
201.3	161.004
201.4	161.017
201.5	161.03
201.6	161.042
201.7	161.055
201.8	161.068
201.9	161.081
202	161.093
202.1	161.106
202.2	161.119
202.3	161.132
202.4	161.144
202.5	161.157
202.6	161.17
202.7	161.183
202.8	161.195
202.9	161.208
203	161.221
203.1	161.233
203.2	161.246
203.3	161.259
203.4	161.271
203.5	161.284
203.6	161.297
203.7	161.309
203.8	161.322
203.9	161.335
204	161.347
204.1	161.36
204.2	161.373
204.3	161.385
204.4	161.398
204.5	161.411
204.6	161.423
204.7	161.436
204.8	161.448
204.9	161.461
205	161.474
205.1	161.486
205.2	161.499
205.3	161.511
205.4	161.524
205.5	161.537
205.6	161.549
205.7	161.562
205.8	161.574
205.9	161.587
206	161.599
206.1	161.612
206.2	161.625
206.3	161.637
206.4	161.65
206.5	161.662
206.6	161.675
206.7	161.687
206.8	161.7
206.9	161.712
207	161.725
207.1	161.737
207.2	161.75
207.3	161.762
207.4	161.775
207.5	161.787
207.6	161.8
207.7	161.812
207.8	161.825
207.9	161.837
208	161.85
208.1	161.862
208.2	161.875
208.3	161.887
208.4	161.899
208.5	161.912
208.6	161.924
208.7	161.937
208.8	161.949
208.9	161.962
209	161.974
209.1	161.986
209.2	161.999
209.3	162.011
209.4	162.024
209.5	162.036
209.6	162.048
209.7	162.061
209.8	162.073
209.9	162.086
210	162.098
210.1	162.11
210.2	162.123
210.3	162.135
210.4	162.147
210.5	162.16
210.6	162.172
210.7	162.184
210.8	162.197
210.9	162.209
211	162.221
211.1	162.234
211.2	162.246
211.3	162.258
211.4	162.271
211.5	162.283
211.6	162.295
211.7	162.307
211.8	162.32
211.9	162.332
212	162.344
212.1	162.357
212.2	162.369
212.3	162.381
212.4	162.393
212.5	162.406
212.6	162.418
212.7	162.43
212.8	162.442
212.9	162.455
213	162.467
213.1	162.479
213.2	162.491
213.3	162.504
213.4	162.516
213.5	162.528
213.6	162.54
213.7	162.552
213.8	162.565
213.9	162.577
214	162.589
214.1	162.601
214.2	162.613
214.3	162.625
214.4	162.638
214.5	162.65
214.6	162.662
214.7	162.674
214.8	162.686
214.9	162.698
215	162.711
215.1	162.723
215.2	162.735
215.3	162.747
215.4	162.759
215.5	162.771
215.6	162.783
215.7	162.795
215.8	162.808
215.9	162.82
216	162.832
216.1	162.844
216.2	162.856
216.3	162.868
216.4	162.88
216.5	162.892
216.6	162.904
216.7	162.916
216.8	162.928
216.9	162.94
217	162.953
217.1	162.965
217.2	162.977
217.3	162.989
217.4	163.001
217.5	163.013
217.6	163.025
217.7	163.037
217.8	163.049
217.9	163.061
218	163.073
218.1	163.085
218.2	163.097
218.3	163.109
218.4	163.121
218.5	163.133
218.6	163.145
218.7	163.157
218.8	163.169
218.9	163.181
219	163.193
219.1	163.205
219.2	163.217
219.3	163.229
219.4	163.241
219.5	163.252
219.6	163.264
219.7	163.276
219.8	163.288
219.9	163.3
220	163.312
220.1	163.324
220.2	163.336
220.3	163.348
220.4	163.36
220.5	163.372
220.6	163.384
220.7	163.396
220.8	163.407
220.9	163.419
221	163.431
221.1	163.443
221.2	163.455
221.3	163.467
221.4	163.479
221.5	163.491
221.6	163.502
221.7	163.514
221.8	163.526
221.9	163.538
222	163.55
222.1	163.562
222.2	163.573
222.3	163.585
222.4	163.597
222.5	163.609
222.6	163.621
222.7	163.633
222.8	163.644
222.9	163.656
223	163.668
223.1	163.68
223.2	163.692
223.3	163.703
223.4	163.715
223.5	163.727
223.6	163.739
223.7	163.75
223.8	163.762
223.9	163.774
224	163.786
224.1	163.797
224.2	163.809
224.3	163.821
224.4	163.833
224.5	163.844
224.6	163.856
224.7	163.868
224.8	163.88
224.9	163.891
225	163.903
225.1	163.915
225.2	163.927
225.3	163.938
225.4	163.95
225.5	163.962
225.6	163.973
225.7	163.985
225.8	163.997
225.9	164.008
226	164.02
226.1	164.032
226.2	164.043
226.3	164.055
226.4	164.067
226.5	164.078
226.6	164.09
226.7	164.102
226.8	164.113
226.9	164.125
227	164.137
227.1	164.148
227.2	164.16
227.3	164.171
227.4	164.183
227.5	164.195
227.6	164.206
227.7	164.218
227.8	164.23
227.9	164.241
228	164.253
228.1	164.264
228.2	164.276
228.3	164.287
228.4	164.299
228.5	164.311
228.6	164.322
228.7	164.334
228.8	164.345
228.9	164.357
229	164.368
229.1	164.38
229.2	164.392
229.3	164.403
229.4	164.415
229.5	164.426
229.6	164.438
229.7	164.449
229.8	164.461
229.9	164.472
230	164.484
230.1	164.495
230.2	164.507
230.3	164.518
230.4	164.53
230.5	164.541
230.6	164.553
230.7	164.564
230.8	164.576
230.9	164.587
231	164.599
231.1	164.61
231.2	164.622
231.3	164.633
231.4	164.645
231.5	164.656
231.6	164.668
231.7	164.679
231.8	164.69
231.9	164.702
232	164.713
232.1	164.725
232.2	164.736
232.3	164.748
232.4	164.759
232.5	164.77
232.6	164.782
232.7	164.793
232.8	164.805
232.9	164.816
233	164.827
233.1	164.839
233.2	164.85
233.3	164.862
233.4	164.873
233.5	164.884
233.6	164.896
233.7	164.907
233.8	164.918
233.9	164.93
234	164.941
234.1	164.953
234.2	164.964
234.3	164.975
234.4	164.987
234.5	164.998
234.6	165.009
234.7	165.021
234.8	165.032
234.9	165.043
235	165.055
235.1	165.066
235.2	165.077
235.3	165.089
235.4	165.1
235.5	165.111
235.6	165.122
235.7	165.134
235.8	165.145
235.9	165.156
236	165.168
236.1	165.179
236.2	165.19
236.3	165.201
236.4	165.213
236.5	165.224
236.6	165.235
236.7	165.247
236.8	165.258
236.9	165.269
237	165.28
237.1	165.292
237.2	165.303
237.3	165.314
237.4	165.325
237.5	165.336
237.6	165.348
237.7	165.359
237.8	165.37
237.9	165.381
238	165.393
238.1	165.404
238.2	165.415
238.3	165.426
238.4	165.437
238.5	165.449
238.6	165.46
238.7	165.471
238.8	165.482
238.9	165.493
239	165.504
239.1	165.516
239.2	165.527
239.3	165.538
239.4	165.549
239.5	165.56
239.6	165.571
239.7	165.583
239.8	165.594
239.9	165.605
240	165.616
240.1	165.627
240.2	165.638
240.3	165.649
240.4	165.66
240.5	165.672
240.6	165.683
240.7	165.694
240.8	165.705
240.9	165.716
241	165.727
241.1	165.738
241.2	165.749
241.3	165.76
241.4	165.771
241.5	165.783
241.6	165.794
241.7	165.805
241.8	165.816
241.9	165.827
242	165.838
242.1	165.849
242.2	165.86
242.3	165.871
242.4	165.882
242.5	165.893
242.6	165.904
242.7	165.915
242.8	165.926
242.9	165.937
243	165.948
243.1	165.959
243.2	165.97
243.3	165.981
243.4	165.992
243.5	166.003
243.6	166.014
243.7	166.025
243.8	166.036
243.9	166.047
244	166.058
244.1	166.069
244.2	166.08
244.3	166.091
244.4	166.102
244.5	166.113
244.6	166.124
244.7	166.135
244.8	166.146
244.9	166.157
245	166.168
245.1	166.179
245.2	166.19
245.3	166.201
245.4	166.212
245.5	166.223
245.6	166.234
245.7	166.245
245.8	166.256
245.9	166.267
246	166.277
246.1	166.288
246.2	166.299
246.3	166.31
246.4	166.321
246.5	166.332
246.6	166.343
246.7	166.354
246.8	166.365
246.9	166.376
247	166.387
247.1	166.397
247.2	166.408
247.3	166.419
247.4	166.43
247.5	166.441
247.6	166.452
247.7	166.463
247.8	166.473
247.9	166.484
248	166.495
248.1	166.506
248.2	166.517
248.3	166.528
248.4	166.539
248.5	166.549
248.6	166.56
248.7	166.571
248.8	166.582
248.9	166.593
249	166.603
249.1	166.614
249.2	166.625
249.3	166.636
249.4	166.647
249.5	166.658
249.6	166.668
249.7	166.679
249.8	166.69
249.9	166.701
250	166.711
250.1	166.722
250.2	166.733
250.3	166.744
250.4	166.755
250.5	166.765
250.6	166.776
250.7	166.787
250.8	166.798
250.9	166.808
251	166.819
251.1	166.83
251.2	166.841
251.3	166.851
251.4	166.862
251.5	166.873
251.6	166.884
251.7	166.894
251.8	166.905
251.9	166.916
252	166.926
252.1	166.937
252.2	166.948
252.3	166.959
252.4	166.969
252.5	166.98
252.6	166.991
252.7	167.001
252.8	167.012
252.9	167.023
253	167.033
253.1	167.044
253.2	167.055
253.3	167.065
253.4	167.076
253.5	167.087
253.6	167.097
253.7	167.108
253.8	167.119
253.9	167.129
254	167.14
254.1	167.151
254.2	167.161
254.3	167.172
254.4	167.183
254.5	167.193
254.6	167.204
254.7	167.214
254.8	167.225
254.9	167.236
255	167.246
255.1	167.257
255.2	167.268
255.3	167.278
255.4	167.289
255.5	167.299
255.6	167.31
255.7	167.32
255.8	167.331
255.9	167.342
256	167.352
256.1	167.363
256.2	167.373
256.3	167.384
256.4	167.395
256.5	167.405
256.6	167.416
256.7	167.426
256.8	167.437
256.9	167.447
257	167.458
257.1	167.468
257.2	167.479
257.3	167.49
257.4	167.5
257.5	167.511
257.6	167.521
257.7	167.532
257.8	167.542
257.9	167.553
258	167.563
258.1	167.574
258.2	167.584
258.3	167.595
258.4	167.605
258.5	167.616
258.6	167.626
258.7	167.637
258.8	167.647
258.9	167.658
259	167.668
259.1	167.679
259.2	167.689
259.3	167.7
259.4	167.71
259.5	167.721
259.6	167.731
259.7	167.742
259.8	167.752
259.9	167.762
260	167.773
260.1	167.783
260.2	167.794
260.3	167.804
260.4	167.815
260.5	167.825
260.6	167.836
260.7	167.846
260.8	167.856
260.9	167.867
261	167.877
261.1	167.888
261.2	167.898
261.3	167.908
261.4	167.919
261.5	167.929
261.6	167.94
261.7	167.95
261.8	167.96
261.9	167.971
262	167.981
262.1	167.992
262.2	168.002
262.3	168.012
262.4	168.023
262.5	168.033
262.6	168.044
262.7	168.054
262.8	168.064
262.9	168.075
263	168.085
263.1	168.095
263.2	168.106
263.3	168.116
263.4	168.126
263.5	168.137
263.6	168.147
263.7	168.157
263.8	168.168
263.9	168.178
264	168.188
264.1	168.199
264.2	168.209
264.3	168.219
264.4	168.23
264.5	168.24
264.6	168.25
264.7	168.261
264.8	168.271
264.9	168.281
265	168.292
265.1	168.302
265.2	168.312
265.3	168.322
265.4	168.333
265.5	168.343
265.6	168.353
265.7	168.363
265.8	168.374
265.9	168.384
266	168.394
266.1	168.405
266.2	168.415
266.3	168.425
266.4	168.435
266.5	168.446
266.6	168.456
266.7	168.466
266.8	168.476
266.9	168.487
267	168.497
267.1	168.507
267.2	168.517
267.3	168.527
267.4	168.538
267.5	168.548
267.6	168.558
267.7	168.568
267.8	168.579
267.9	168.589
268	168.599
268.1	168.609
268.2	168.619
268.3	168.63
268.4	168.64
268.5	168.65
268.6	168.66
268.7	168.67
268.8	168.68
268.9	168.691
269	168.701
269.1	168.711
269.2	168.721
269.3	168.731
269.4	168.742
269.5	168.752
269.6	168.762
269.7	168.772
269.8	168.782
269.9	168.792
270	168.802
270.1	168.813
270.2	168.823
270.3	168.833
270.4	168.843
270.5	168.853
270.6	168.863
270.7	168.873
270.8	168.883
270.9	168.894
271	168.904
271.1	168.914
271.2	168.924
271.3	168.934
271.4	168.944
271.5	168.954
271.6	168.964
271.7	168.974
271.8	168.985
271.9	168.995
272	169.005
272.1	169.015
272.2	169.025
272.3	169.035
272.4	169.045
272.5	169.055
272.6	169.065
272.7	169.075
272.8	169.085
272.9	169.095
273	169.105
273.1	169.115
273.2	169.125
273.3	169.136
273.4	169.146
273.5	169.156
273.6	169.166
273.7	169.176
273.8	169.186
273.9	169.196
274	169.206
274.1	169.216
274.2	169.226
274.3	169.236
274.4	169.246
274.5	169.256
274.6	169.266
274.7	169.276
274.8	169.286
274.9	169.296
275	169.306
275.1	169.316
275.2	169.326
275.3	169.336
275.4	169.346
275.5	169.356
275.6	169.366
275.7	169.376
275.8	169.386
275.9	169.396
276	169.406
276.1	169.416
276.2	169.426
276.3	169.436
276.4	169.446
276.5	169.456
276.6	169.465
276.7	169.475
276.8	169.485
276.9	169.495
277	169.505
277.1	169.515
277.2	169.525
277.3	169.535
277.4	169.545
277.5	169.555
277.6	169.565
277.7	169.575
277.8	169.585
277.9	169.595
278	169.605
278.1	169.614
278.2	169.624
278.3	169.634
278.4	169.644
278.5	169.654
278.6	169.664
278.7	169.674
278.8	169.684
278.9	169.694
279	169.703
279.1	169.713
279.2	169.723
279.3	169.733
279.4	169.743
279.5	169.753
279.6	169.763
279.7	169.773
279.8	169.782
279.9	169.792
280	169.802
280.1	169.812
280.2	169.822
280.3	169.832
280.4	169.842
280.5	169.851
280.6	169.861
280.7	169.871
280.8	169.881
280.9	169.891
281	169.901
281.1	169.91
281.2	169.92
281.3	169.93
281.4	169.94
281.5	169.95
281.6	169.959
281.7	169.969
281.8	169.979
281.9	169.989
282	169.999
282.1	170.009
282.2	170.018
282.3	170.028
282.4	170.038
282.5	170.048
282.6	170.057
282.7	170.067
282.8	170.077
282.9	170.087
283	170.097
283.1	170.106
283.2	170.116
283.3	170.126
283.4	170.136
283.5	170.145
283.6	170.155
283.7	170.165
283.8	170.175
283.9	170.184
284	170.194
284.1	170.204
284.2	170.214
284.3	170.223
284.4	170.233
284.5	170.243
284.6	170.253
284.7	170.262
284.8	170.272
284.9	170.282
285	170.291
285.1	170.301
285.2	170.311
285.3	170.321
285.4	170.33
285.5	170.34
285.6	170.35
285.7	170.359
285.8	170.369
285.9	170.379
286	170.388
286.1	170.398
286.2	170.408
286.3	170.418
286.4	170.427
286.5	170.437
286.6	170.447
286.7	170.456
286.8	170.466
286.9	170.476
287	170.485
287.1	170.495
287.2	170.505
287.3	170.514
287.4	170.524
287.5	170.534
287.6	170.543
287.7	170.553
287.8	170.562
287.9	170.572
288	170.582
288.1	170.591
288.2	170.601
288.3	170.611
288.4	170.62
288.5	170.63
288.6	170.64
288.7	170.649
288.8	170.659
288.9	170.668
289	170.678
289.1	170.688
289.2	170.697
289.3	170.707
289.4	170.716
289.5	170.726
289.6	170.736
289.7	170.745
289.8	170.755
289.9	170.764
290	170.774
290.1	170.784
290.2	170.793
290.3	170.803
290.4	170.812
290.5	170.822
290.6	170.831
290.7	170.841
290.8	170.851
290.9	170.86
291	170.87
291.1	170.879
291.2	170.889
291.3	170.898
291.4	170.908
291.5	170.917
291.6	170.927
291.7	170.936
291.8	170.946
291.9	170.956
292	170.965
292.1	170.975
292.2	170.984
292.3	170.994
292.4	171.003
292.5	171.013
292.6	171.022
292.7	171.032
292.8	171.041
292.9	171.051
293	171.06
293.1	171.07
293.2	171.079
293.3	171.089
293.4	171.098
293.5	171.108
293.6	171.117
293.7	171.127
293.8	171.136
293.9	171.146
294	171.155
294.1	171.165
294.2	171.174
294.3	171.184
294.4	171.193
294.5	171.203
294.6	171.212
294.7	171.222
294.8	171.231
294.9	171.24
295	171.25
295.1	171.259
295.2	171.269
295.3	171.278
295.4	171.288
295.5	171.297
295.6	171.307
295.7	171.316
295.8	171.325
295.9	171.335
296	171.344
296.1	171.354
296.2	171.363
296.3	171.373
296.4	171.382
296.5	171.391
296.6	171.401
296.7	171.41
296.8	171.42
296.9	171.429
297	171.438
297.1	171.448
297.2	171.457
297.3	171.467
297.4	171.476
297.5	171.485
297.6	171.495
297.7	171.504
297.8	171.514
297.9	171.523
298	171.532
298.1	171.542
298.2	171.551
298.3	171.56
298.4	171.57
298.5	171.579
298.6	171.589
298.7	171.598
298.8	171.607
298.9	171.617
299	171.626
299.1	171.635
299.2	171.645
299.3	171.654
299.4	171.663
299.5	171.673
299.6	171.682
299.7	171.691
299.8	171.701
299.9	171.71
300	171.719
