W	Pred
1.5	165.429
1.6	160.843
1.7	156.819
1.8	153.264
1.9	150.104
2	147.28
2.1	144.744
2.2	142.456
2.3	140.385
2.4	138.502
2.5	136.786
2.6	135.217
2.7	133.778
2.8	132.455
2.9	131.237
3	130.112
3.1	129.071
3.2	128.107
3.3	127.211
3.4	126.379
3.5	125.604
3.6	124.881
3.7	124.207
3.8	123.577
3.9	122.987
4	122.435
4.1	121.917
4.2	121.432
4.3	120.976
4.4	120.548
4.5	120.146
4.6	119.767
4.7	119.411
4.8	119.076
4.9	118.76
5	118.462
5.1	118.182
5.2	117.918
5.3	117.668
5.4	117.433
5.5	117.211
5.6	117.002
5.7	116.805
5.8	116.619
5.9	116.443
6	116.277
6.1	116.121
6.2	115.974
6.3	115.836
6.4	115.705
6.5	115.582
6.6	115.467
6.7	115.358
6.8	115.256
6.9	115.16
7	115.07
7.1	114.986
7.2	114.907
7.3	114.833
7.4	114.764
7.5	114.7
7.6	114.64
7.7	114.585
7.8	114.534
7.9	114.486
8	114.443
8.1	114.402
8.2	114.366
8.3	114.332
8.4	114.302
8.5	114.275
8.6	114.251
8.7	114.229
8.8	114.21
8.9	114.194
9	114.18
9.1	114.168
9.2	114.159
9.3	114.152
9.4	114.147
9.5	114.143
9.6	114.142
9.7	114.143
9.8	114.146
9.9	114.15
10	114.156
10.1	114.163
10.2	114.172
10.3	114.182
10.4	114.194
10.5	114.207
10.6	114.222
10.7	114.238
10.8	114.255
10.9	114.273
11	114.292
11.1	114.313
11.2	114.334
11.3	114.357
11.4	114.38
11.5	114.405
11.6	114.43
11.7	114.456
11.8	114.484
11.9	114.511
12	114.54
12.1	114.57
12.2	114.6
12.3	114.631
12.4	114.662
12.5	114.695
12.6	114.728
12.7	114.761
12.8	114.795
12.9	114.83
13	114.865
13.1	114.901
13.2	114.938
13.3	114.974
13.4	115.012
13.5	115.05
13.6	115.088
13.7	115.127
13.8	115.166
13.9	115.205
14	115.245
14.1	115.286
14.2	115.326
14.3	115.367
14.4	115.409
14.5	115.45
14.6	115.492
14.7	115.535
14.8	115.577
14.9	115.62
15	115.663
15.1	115.707
15.2	115.751
15.3	115.795
15.4	115.839
15.5	115.883
15.6	115.928
15.7	115.973
15.8	116.018
15.9	116.063
16	116.109
16.1	116.154
16.2	116.2
16.3	116.246
16.4	116.292
16.5	116.339
16.6	116.385
16.7	116.432
16.8	116.478
16.9	116.525
17	116.572
17.1	116.62
17.2	116.667
17.3	116.714
17.4	116.762
17.5	116.809
17.6	116.857
17.7	116.905
17.8	116.952
17.9	117
18	117.048
18.1	117.097
18.2	117.145
18.3	117.193
18.4	117.241
18.5	117.29
18.6	117.338
18.7	117.387
18.8	117.435
18.9	117.484
19	117.532
19.1	117.581
19.2	117.63
19.3	117.678
19.4	117.727
19.5	117.776
19.6	117.825
19.7	117.874
19.8	117.923
19.9	117.972
20	118.02
20.1	118.069
20.2	118.118
20.3	118.167
20.4	118.216
20.5	118.265
20.6	118.314
20.7	118.363
20.8	118.412
20.9	118.461
21	118.51
21.1	118.559
21.2	118.608
21.3	118.657
21.4	118.706
21.5	118.755
21.6	118.804
21.7	118.853
21.8	118.902
21.9	118.951
22	119
22.1	119.049
22.2	119.098
22.3	119.147
22.4	119.195
22.5	119.244
22.6	119.293
22.7	119.342
22.8	119.391
22.9	119.439
23	119.488
23.1	119.537
23.2	119.585
23.3	119.634
23.4	119.682
23.5	119.731
23.6	119.779
23.7	119.828
23.8	119.876
23.9	119.925
24	119.973
24.1	120.021
24.2	120.07
24.3	120.118
24.4	120.166
24.5	120.214
24.6	120.262
24.7	120.31
24.8	120.358
24.9	120.406
25	120.454
25.1	120.502
25.2	120.55
25.3	120.598
25.4	120.646
25.5	120.693
25.6	120.741
25.7	120.789
25.8	120.836
25.9	120.884
26	120.931
26.1	120.979
26.2	121.026
26.3	121.073
26.4	121.121
26.5	121.168
26.6	121.215
26.7	121.262
26.8	121.309
26.9	121.356
27	121.403
27.1	121.45
27.2	121.497
27.3	121.544
27.4	121.591
27.5	121.638
27.6	121.684
27.7	121.731
27.8	121.777
27.9	121.824
28	121.87
28.1	121.917
28.2	121.963
28.3	122.009
28.4	122.056
28.5	122.102
28.6	122.148
28.7	122.194
28.8	122.24
28.9	122.286
29	122.332
29.1	122.378
29.2	122.423
29.3	122.469
29.4	122.515
29.5	122.56
29.6	122.606
29.7	122.651
29.8	122.697
29.9	122.742
30	122.788
30.1	122.833
30.2	122.878
30.3	122.923
30.4	122.968
30.5	123.013
30.6	123.058
30.7	123.103
30.8	123.148
30.9	123.193
31	123.238
31.1	123.282
31.2	123.327
31.3	123.372
31.4	123.416
31.5	123.461
31.6	123.505
31.7	123.549
31.8	123.594
31.9	123.638
32	123.682
32.1	123.726
32.2	123.77
32.3	123.814
32.4	123.858
32.5	123.902
32.6	123.946
32.7	123.99
32.8	124.033
32.9	124.077
33	124.12
33.1	124.164
33.2	124.207
33.3	124.251
33.4	124.294
33.5	124.338
33.6	124.381
33.7	124.424
33.8	124.467
33.9	124.51
34	124.553
34.1	124.596
34.2	124.639
34.3	124.682
34.4	124.725
34.5	124.767
34.6	124.81
34.7	124.853
34.8	124.895
34.9	124.938
35	124.98
35.1	125.023
35.2	125.065
35.3	125.107
35.4	125.149
35.5	125.191
35.6	125.234
35.7	125.276
35.8	125.318
35.9	125.36
36	125.401
36.1	125.443
36.2	125.485
36.3	125.527
36.4	125.568
36.5	125.61
36.6	125.651
36.7	125.693
36.8	125.734
36.9	125.776
37	125.817
37.1	125.858
37.2	125.899
37.3	125.941
37.4	125.982
37.5	126.023
37.6	126.064
37.7	126.105
37.8	126.146
37.9	126.186
38	126.227
38.1	126.268
38.2	126.308
38.3	126.349
38.4	126.39
38.5	126.43
38.6	126.471
38.7	126.511
38.8	126.551
38.9	126.592
39	126.632
39.1	126.672
39.2	126.712
39.3	126.752
39.4	126.792
39.5	126.832
39.6	126.872
39.7	126.912
39.8	126.952
39.9	126.991
40	127.031
40.1	127.071
40.2	127.11
40.3	127.15
40.4	127.189
40.5	127.229
40.6	127.268
40.7	127.307
40.8	127.347
40.9	127.386
41	127.425
41.1	127.464
41.2	127.503
41.3	127.542
41.4	127.581
41.5	127.62
41.6	127.659
41.7	127.698
41.8	127.736
41.9	127.775
42	127.814
42.1	127.852
42.2	127.891
42.3	127.929
42.4	127.968
42.5	128.006
42.6	128.045
42.7	128.083
42.8	128.121
42.9	128.159
43	128.198
43.1	128.236
43.2	128.274
43.3	128.312
43.4	128.35
43.5	128.388
43.6	128.426
43.7	128.463
43.8	128.501
43.9	128.539
44	128.576
44.1	128.614
44.2	128.652
44.3	128.689
44.4	128.727
44.5	128.764
44.6	128.801
44.7	128.839
44.8	128.876
44.9	128.913
45	128.95
45.1	128.988
45.2	129.025
45.3	129.062
45.4	129.099
45.5	129.136
45.6	129.173
45.7	129.209
45.8	129.246
45.9	129.283
46	129.32
46.1	129.356
46.2	129.393
46.3	129.43
46.4	129.466
46.5	129.503
46.6	129.539
46.7	129.575
46.8	129.612
46.9	129.648
47	129.684
47.1	129.721
47.2	129.757
47.3	129.793
47.4	129.829
47.5	129.865
47.6	129.901
47.7	129.937
47.8	129.973
47.9	130.009
48	130.044
48.1	130.08
48.2	130.116
48.3	130.152
48.4	130.187
48.5	130.223
48.6	130.258
48.7	130.294
48.8	130.329
48.9	130.365
49	130.4
49.1	130.435
49.2	130.471
49.3	130.506
49.4	130.541
49.5	130.576
49.6	130.611
49.7	130.646
49.8	130.681
49.9	130.716
50	130.751
50.1	130.786
50.2	130.821
50.3	130.856
50.4	130.891
50.5	130.925
50.6	130.96
50.7	130.995
50.8	131.029
50.9	131.064
51	131.098
51.1	131.133
51.2	131.167
51.3	131.202
51.4	131.236
51.5	131.27
51.6	131.305
51.7	131.339
51.8	131.373
51.9	131.407
52	131.441
52.1	131.475
52.2	131.509
52.3	131.543
52.4	131.577
52.5	131.611
52.6	131.645
52.7	131.679
52.8	131.713
52.9	131.747
53	131.78
53.1	131.814
53.2	131.848
53.3	131.881
53.4	131.915
53.5	131.948
53.6	131.982
53.7	132.015
53.8	132.049
53.9	132.082
54	132.115
54.1	132.148
54.2	132.182
54.3	132.215
54.4	132.248
54.5	132.281
54.6	132.314
54.7	132.347
54.8	132.38
54.9	132.413
55	132.446
55.1	132.479
55.2	132.512
55.3	132.545
55.4	132.578
55.5	132.61
55.6	132.643
55.7	132.676
55.8	132.708
55.9	132.741
56	132.774
56.1	132.806
56.2	132.839
56.3	132.871
56.4	132.903
56.5	132.936
56.6	132.968
56.7	133
56.8	133.033
56.9	133.065
57	133.097
57.1	133.129
57.2	133.161
57.3	133.194
57.4	133.226
57.5	133.258
57.6	133.29
57.7	133.322
57.8	133.353
57.9	133.385
58	133.417
58.1	133.449
58.2	133.481
58.3	133.512
58.4	133.544
58.5	133.576
58.6	133.607
58.7	133.639
58.8	133.671
58.9	133.702
59	133.734
59.1	133.765
59.2	133.796
59.3	133.828
59.4	133.859
59.5	133.891
59.6	133.922
59.7	133.953
59.8	133.984
59.9	134.015
60	134.047
60.1	134.078
60.2	134.109
60.3	134.14
60.4	134.171
60.5	134.202
60.6	134.233
60.7	134.264
60.8	134.295
60.9	134.325
61	134.356
61.1	134.387
61.2	134.418
61.3	134.448
61.4	134.479
61.5	134.51
61.6	134.54
61.7	134.571
61.8	134.602
61.9	134.632
62	134.663
62.1	134.693
62.2	134.723
62.3	134.754
62.4	134.784
62.5	134.815
62.6	134.845
62.7	134.875
62.8	134.905
62.9	134.935
63	134.966
63.1	134.996
63.2	135.026
63.3	135.056
63.4	135.086
63.5	135.116
63.6	135.146
63.7	135.176
63.8	135.206
63.9	135.236
64	135.266
64.1	135.295
64.2	135.325
64.3	135.355
64.4	135.385
64.5	135.414
64.6	135.444
64.7	135.474
64.8	135.503
64.9	135.533
65	135.562
65.1	135.592
65.2	135.621
65.3	135.651
65.4	135.68
65.5	135.71
65.6	135.739
65.7	135.768
65.8	135.798
65.9	135.827
66	135.856
66.1	135.885
66.2	135.915
66.3	135.944
66.4	135.973
66.5	136.002
66.6	136.031
66.7	136.06
66.8	136.089
66.9	136.118
67	136.147
67.1	136.176
67.2	136.205
67.3	136.234
67.4	136.263
67.5	136.291
67.6	136.32
67.7	136.349
67.8	136.378
67.9	136.406
68	136.435
68.1	136.464
68.2	136.492
68.3	136.521
68.4	136.549
68.5	136.578
68.6	136.606
68.7	136.635
68.8	136.663
68.9	136.692
69	136.72
69.1	136.748
69.2	136.777
69.3	136.805
69.4	136.833
69.5	136.861
69.6	136.89
69.7	136.918
69.8	136.946
69.9	136.974
70	137.002
70.1	137.03
70.2	137.058
70.3	137.086
70.4	137.114
70.5	137.142
70.6	137.17
70.7	137.198
70.8	137.226
70.9	137.254
71	137.282
71.1	137.31
71.2	137.337
71.3	137.365
71.4	137.393
71.5	137.421
71.6	137.448
71.7	137.476
71.8	137.504
71.9	137.531
72	137.559
72.1	137.586
72.2	137.614
72.3	137.641
72.4	137.669
72.5	137.696
72.6	137.724
72.7	137.751
72.8	137.778
72.9	137.806
73	137.833
73.1	137.86
73.2	137.887
73.3	137.915
73.4	137.942
73.5	137.969
73.6	137.996
73.7	138.023
73.8	138.05
73.9	138.078
74	138.105
74.1	138.132
74.2	138.159
74.3	138.186
74.4	138.213
74.5	138.239
74.6	138.266
74.7	138.293
74.8	138.32
74.9	138.347
75	138.374
75.1	138.401
75.2	138.427
75.3	138.454
75.4	138.481
75.5	138.507
75.6	138.534
75.7	138.561
75.8	138.587
75.9	138.614
76	138.64
76.1	138.667
76.2	138.693
76.3	138.72
76.4	138.746
76.5	138.773
76.6	138.799
76.7	138.826
76.8	138.852
76.9	138.878
77	138.905
77.1	138.931
77.2	138.957
77.3	138.983
77.4	139.01
77.5	139.036
77.6	139.062
77.7	139.088
77.8	139.114
77.9	139.14
78	139.167
78.1	139.193
78.2	139.219
78.3	139.245
78.4	139.271
78.5	139.297
78.6	139.323
78.7	139.348
78.8	139.374
78.9	139.4
79	139.426
79.1	139.452
79.2	139.478
79.3	139.503
79.4	139.529
79.5	139.555
79.6	139.581
79.7	139.606
79.8	139.632
79.9	139.658
80	139.683
80.1	139.709
80.2	139.735
80.3	139.76
80.4	139.786
80.5	139.811
80.6	139.837
80.7	139.862
80.8	139.888
80.9	139.913
81	139.938
81.1	139.964
81.2	139.989
81.3	140.014
81.4	140.04
81.5	140.065
81.6	140.09
81.7	140.116
81.8	140.141
81.9	140.166
82	140.191
82.1	140.216
82.2	140.241
82.3	140.267
82.4	140.292
82.5	140.317
82.6	140.342
82.7	140.367
82.8	140.392
82.9	140.417
83	140.442
83.1	140.467
83.2	140.492
83.3	140.517
83.4	140.541
83.5	140.566
83.6	140.591
83.7	140.616
83.8	140.641
83.9	140.666
84	140.69
84.1	140.715
84.2	140.74
84.3	140.764
84.4	140.789
84.5	140.814
84.6	140.838
84.7	140.863
84.8	140.888
84.9	140.912
85	140.937
85.1	140.961
85.2	140.986
85.3	141.01
85.4	141.035
85.5	141.059
85.6	141.084
85.7	141.108
85.8	141.132
85.9	141.157
86	141.181
86.1	141.205
86.2	141.23
86.3	141.254
86.4	141.278
86.5	141.302
86.6	141.327
86.7	141.351
86.8	141.375
86.9	141.399
87	141.423
87.1	141.448
87.2	141.472
87.3	141.496
87.4	141.52
87.5	141.544
87.6	141.568
87.7	141.592
87.8	141.616
87.9	141.64
88	141.664
88.1	141.688
88.2	141.712
88.3	141.736
88.4	141.759
88.5	141.783
88.6	141.807
88.7	141.831
88.8	141.855
88.9	141.878
89	141.902
89.1	141.926
89.2	141.95
89.3	141.973
89.4	141.997
89.5	142.021
89.6	142.044
89.7	142.068
89.8	142.092
89.9	142.115
90	142.139
90.1	142.162
90.2	142.186
90.3	142.209
90.4	142.233
90.5	142.256
90.6	142.28
90.7	142.303
90.8	142.327
90.9	142.35
91	142.373
91.1	142.397
91.2	142.42
91.3	142.443
91.4	142.467
91.5	142.49
91.6	142.513
91.7	142.537
91.8	142.56
91.9	142.583
92	142.606
92.1	142.629
92.2	142.652
92.3	142.676
92.4	142.699
92.5	142.722
92.6	142.745
92.7	142.768
92.8	142.791
92.9	142.814
93	142.837
93.1	142.86
93.2	142.883
93.3	142.906
93.4	142.929
93.5	142.952
93.6	142.975
93.7	142.998
93.8	143.021
93.9	143.043
94	143.066
94.1	143.089
94.2	143.112
94.3	143.135
94.4	143.158
94.5	143.18
94.6	143.203
94.7	143.226
94.8	143.248
94.9	143.271
95	143.294
95.1	143.316
95.2	143.339
95.3	143.362
95.4	143.384
95.5	143.407
95.6	143.429
95.7	143.452
95.8	143.474
95.9	143.497
96	143.519
96.1	143.542
96.2	143.564
96.3	143.587
96.4	143.609
96.5	143.632
96.6	143.654
96.7	143.676
96.8	143.699
96.9	143.721
97	143.743
97.1	143.766
97.2	143.788
97.3	143.81
97.4	143.833
97.5	143.855
97.6	143.877
97.7	143.899
97.8	143.921
97.9	143.944
98	143.966
98.1	143.988
98.2	144.01
98.3	144.032
98.4	144.054
98.5	144.076
98.6	144.098
98.7	144.12
98.8	144.143
98.9	144.165
99	144.187
99.1	144.209
99.2	144.23
99.3	144.252
99.4	144.274
99.5	144.296
99.6	144.318
99.7	144.34
99.8	144.362
99.9	144.384
100	144.406
100.1	144.427
100.2	144.449
100.3	144.471
100.4	144.493
100.5	144.515
100.6	144.536
100.7	144.558
100.8	144.58
100.9	144.601
101	144.623
101.1	144.645
101.2	144.666
101.3	144.688
101.4	144.71
101.5	144.731
101.6	144.753
101.7	144.774
101.8	144.796
101.9	144.817
102	144.839
102.1	144.861
102.2	144.882
102.3	144.903
102.4	144.925
102.5	144.946
102.6	144.968
102.7	144.989
102.8	145.011
102.9	145.032
103	145.053
103.1	145.075
103.2	145.096
103.3	145.117
103.4	145.139
103.5	145.16
103.6	145.181
103.7	145.203
103.8	145.224
103.9	145.245
104	145.266
104.1	145.287
104.2	145.309
104.3	145.33
104.4	145.351
104.5	145.372
104.6	145.393
104.7	145.414
104.8	145.435
104.9	145.457
105	145.478
105.1	145.499
105.2	145.52
105.3	145.541
105.4	145.562
105.5	145.583
105.6	145.604
105.7	145.625
105.8	145.646
105.9	145.667
106	145.687
106.1	145.708
106.2	145.729
106.3	145.75
106.4	145.771
106.5	145.792
106.6	145.813
106.7	145.834
106.8	145.854
106.9	145.875
107	145.896
107.1	145.917
107.2	145.937
107.3	145.958
107.4	145.979
107.5	146
107.6	146.02
107.7	146.041
107.8	146.062
107.9	146.082
108	146.103
108.1	146.124
108.2	146.144
108.3	146.165
108.4	146.185
108.5	146.206
108.6	146.226
108.7	146.247
108.8	146.268
108.9	146.288
109	146.309
109.1	146.329
109.2	146.349
109.3	146.37
109.4	146.39
109.5	146.411
109.6	146.431
109.7	146.452
109.8	146.472
109.9	146.492
110	146.513
110.1	146.533
110.2	146.553
110.3	146.574
110.4	146.594
110.5	146.614
110.6	146.635
110.7	146.655
110.8	146.675
110.9	146.695
111	146.716
111.1	146.736
111.2	146.756
111.3	146.776
111.4	146.796
111.5	146.816
111.6	146.837
111.7	146.857
111.8	146.877
111.9	146.897
112	146.917
112.1	146.937
112.2	146.957
112.3	146.977
112.4	146.997
112.5	147.017
112.6	147.037
112.7	147.057
112.8	147.077
112.9	147.097
113	147.117
113.1	147.137
113.2	147.157
113.3	147.177
113.4	147.197
113.5	147.217
113.6	147.237
113.7	147.257
113.8	147.276
113.9	147.296
114	147.316
114.1	147.336
114.2	147.356
114.3	147.375
114.4	147.395
114.5	147.415
114.6	147.435
114.7	147.455
114.8	147.474
114.9	147.494
115	147.514
115.1	147.533
115.2	147.553
115.3	147.573
115.4	147.592
115.5	147.612
115.6	147.632
115.7	147.651
115.8	147.671
115.9	147.69
116	147.71
116.1	147.73
116.2	147.749
116.3	147.769
116.4	147.788
116.5	147.808
116.6	147.827
116.7	147.847
116.8	147.866
116.9	147.886
117	147.905
117.1	147.924
117.2	147.944
117.3	147.963
117.4	147.983
117.5	148.002
117.6	148.021
117.7	148.041
117.8	148.06
117.9	148.079
118	148.099
118.1	148.118
118.2	148.137
118.3	148.157
118.4	148.176
118.5	148.195
118.6	148.214
118.7	148.234
118.8	148.253
118.9	148.272
119	148.291
119.1	148.311
119.2	148.33
119.3	148.349
119.4	148.368
119.5	148.387
119.6	148.406
119.7	148.425
119.8	148.445
119.9	148.464
120	148.483
120.1	148.502
120.2	148.521
120.3	148.54
120.4	148.559
120.5	148.578
120.6	148.597
120.7	148.616
120.8	148.635
120.9	148.654
121	148.673
121.1	148.692
121.2	148.711
121.3	148.73
121.4	148.749
121.5	148.768
121.6	148.786
121.7	148.805
121.8	148.824
121.9	148.843
122	148.862
122.1	148.881
122.2	148.9
122.3	148.918
122.4	148.937
122.5	148.956
122.6	148.975
122.7	148.994
122.8	149.012
122.9	149.031
123	149.05
123.1	149.069
123.2	149.087
123.3	149.106
123.4	149.125
123.5	149.143
123.6	149.162
123.7	149.181
123.8	149.199
123.9	149.218
124	149.237
124.1	149.255
124.2	149.274
124.3	149.292
124.4	149.311
124.5	149.329
124.6	149.348
124.7	149.367
124.8	149.385
124.9	149.404
125	149.422
125.1	149.441
125.2	149.459
125.3	149.478
125.4	149.496
125.5	149.515
125.6	149.533
125.7	149.551
125.8	149.57
125.9	149.588
126	149.607
126.1	149.625
126.2	149.643
126.3	149.662
126.4	149.68
126.5	149.698
126.6	149.717
126.7	149.735
126.8	149.753
126.9	149.772
127	149.79
127.1	149.808
127.2	149.827
127.3	149.845
127.4	149.863
127.5	149.881
127.6	149.9
127.7	149.918
127.8	149.936
127.9	149.954
128	149.972
128.1	149.991
128.2	150.009
128.3	150.027
128.4	150.045
128.5	150.063
128.6	150.081
128.7	150.099
128.8	150.117
128.9	150.136
129	150.154
129.1	150.172
129.2	150.19
129.3	150.208
129.4	150.226
129.5	150.244
129.6	150.262
129.7	150.28
129.8	150.298
129.9	150.316
130	150.334
130.1	150.352
130.2	150.37
130.3	150.388
130.4	150.406
130.5	150.423
130.6	150.441
130.7	150.459
130.8	150.477
130.9	150.495
131	150.513
131.1	150.531
131.2	150.549
131.3	150.566
131.4	150.584
131.5	150.602
131.6	150.62
131.7	150.638
131.8	150.655
131.9	150.673
132	150.691
132.1	150.709
132.2	150.727
132.3	150.744
132.4	150.762
132.5	150.78
132.6	150.797
132.7	150.815
132.8	150.833
132.9	150.85
133	150.868
133.1	150.886
133.2	150.903
133.3	150.921
133.4	150.939
133.5	150.956
133.6	150.974
133.7	150.992
133.8	151.009
133.9	151.027
134	151.044
134.1	151.062
134.2	151.079
134.3	151.097
134.4	151.114
134.5	151.132
134.6	151.149
134.7	151.167
134.8	151.184
134.9	151.202
135	151.219
135.1	151.237
135.2	151.254
135.3	151.272
135.4	151.289
135.5	151.307
135.6	151.324
135.7	151.341
135.8	151.359
135.9	151.376
136	151.393
136.1	151.411
136.2	151.428
136.3	151.446
136.4	151.463
136.5	151.48
136.6	151.498
136.7	151.515
136.8	151.532
136.9	151.549
137	151.567
137.1	151.584
137.2	151.601
137.3	151.618
137.4	151.636
137.5	151.653
137.6	151.67
137.7	151.687
137.8	151.705
137.9	151.722
138	151.739
138.1	151.756
138.2	151.773
138.3	151.79
138.4	151.807
138.5	151.825
138.6	151.842
138.7	151.859
138.8	151.876
138.9	151.893
139	151.91
139.1	151.927
139.2	151.944
139.3	151.961
139.4	151.978
139.5	151.995
139.6	152.012
139.7	152.029
139.8	152.046
139.9	152.063
140	152.08
140.1	152.097
140.2	152.114
140.3	152.131
140.4	152.148
140.5	152.165
140.6	152.182
140.7	152.199
140.8	152.216
140.9	152.233
141	152.25
141.1	152.267
141.2	152.284
141.3	152.301
141.4	152.317
141.5	152.334
141.6	152.351
141.7	152.368
141.8	152.385
141.9	152.402
142	152.418
142.1	152.435
142.2	152.452
142.3	152.469
142.4	152.486
142.5	152.502
142.6	152.519
142.7	152.536
142.8	152.553
142.9	152.569
143	152.586
143.1	152.603
143.2	152.619
143.3	152.636
143.4	152.653
143.5	152.67
143.6	152.686
143.7	152.703
143.8	152.719
143.9	152.736
144	152.753
144.1	152.769
144.2	152.786
144.3	152.803
144.4	152.819
144.5	152.836
144.6	152.852
144.7	152.869
144.8	152.885
144.9	152.902
145	152.919
145.1	152.935
145.2	152.952
145.3	152.968
145.4	152.985
145.5	153.001
145.6	153.018
145.7	153.034
145.8	153.051
145.9	153.067
146	153.084
146.1	153.1
146.2	153.116
146.3	153.133
146.4	153.149
146.5	153.166
146.6	153.182
146.7	153.199
146.8	153.215
146.9	153.231
147	153.248
147.1	153.264
147.2	153.28
147.3	153.297
147.4	153.313
147.5	153.329
147.6	153.346
147.7	153.362
147.8	153.378
147.9	153.395
148	153.411
148.1	153.427
148.2	153.444
148.3	153.46
148.4	153.476
148.5	153.492
148.6	153.509
148.7	153.525
148.8	153.541
148.9	153.557
149	153.573
149.1	153.59
149.2	153.606
149.3	153.622
149.4	153.638
149.5	153.654
149.6	153.67
149.7	153.687
149.8	153.703
149.9	153.719
150	153.735
150.1	153.751
150.2	153.767
150.3	153.783
150.4	153.799
150.5	153.816
150.6	153.832
150.7	153.848
150.8	153.864
150.9	153.88
151	153.896
151.1	153.912
151.2	153.928
151.3	153.944
151.4	153.96
151.5	153.976
151.6	153.992
151.7	154.008
151.8	154.024
151.9	154.04
152	154.056
152.1	154.072
152.2	154.088
152.3	154.104
152.4	154.12
152.5	154.135
152.6	154.151
152.7	154.167
152.8	154.183
152.9	154.199
153	154.215
153.1	154.231
153.2	154.247
153.3	154.263
153.4	154.278
153.5	154.294
153.6	154.31
153.7	154.326
153.8	154.342
153.9	154.358
154	154.373
154.1	154.389
154.2	154.405
154.3	154.421
154.4	154.436
154.5	154.452
154.6	154.468
154.7	154.484
154.8	154.499
154.9	154.515
155	154.531
155.1	154.547
155.2	154.562
155.3	154.578
155.4	154.594
155.5	154.609
155.6	154.625
155.7	154.641
155.8	154.656
155.9	154.672
156	154.688
156.1	154.703
156.2	154.719
156.3	154.735
156.4	154.75
156.5	154.766
156.6	154.781
156.7	154.797
156.8	154.813
156.9	154.828
157	154.844
157.1	154.859
157.2	154.875
157.3	154.89
157.4	154.906
157.5	154.922
157.6	154.937
157.7	154.953
157.8	154.968
157.9	154.984
158	154.999
158.1	155.015
158.2	155.03
158.3	155.046
158.4	155.061
158.5	155.076
158.6	155.092
158.7	155.107
158.8	155.123
158.9	155.138
159	155.154
159.1	155.169
159.2	155.184
159.3	155.2
159.4	155.215
159.5	155.231
159.6	155.246
159.7	155.261
159.8	155.277
159.9	155.292
160	155.307
160.1	155.323
160.2	155.338
160.3	155.353
160.4	155.369
160.5	155.384
160.6	155.399
160.7	155.415
160.8	155.43
160.9	155.445
161	155.46
161.1	155.476
161.2	155.491
161.3	155.506
161.4	155.521
161.5	155.537
161.6	155.552
161.7	155.567
161.8	155.582
161.9	155.598
162	155.613
162.1	155.628
162.2	155.643
162.3	155.658
162.4	155.674
162.5	155.689
162.6	155.704
162.7	155.719
162.8	155.734
162.9	155.749
163	155.764
163.1	155.78
163.2	155.795
163.3	155.81
163.4	155.825
163.5	155.84
163.6	155.855
163.7	155.87
163.8	155.885
163.9	155.9
164	155.915
164.1	155.93
164.2	155.945
164.3	155.96
164.4	155.975
164.5	155.991
164.6	156.006
164.7	156.021
164.8	156.036
164.9	156.051
165	156.066
165.1	156.08
165.2	156.095
165.3	156.11
165.4	156.125
165.5	156.14
165.6	156.155
165.7	156.17
165.8	156.185
165.9	156.2
166	156.215
166.1	156.23
166.2	156.245
166.3	156.26
166.4	156.275
166.5	156.29
166.6	156.304
166.7	156.319
166.8	156.334
166.9	156.349
167	156.364
167.1	156.379
167.2	156.394
167.3	156.408
167.4	156.423
167.5	156.438
167.6	156.453
167.7	156.468
167.8	156.482
167.9	156.497
168	156.512
168.1	156.527
168.2	156.541
168.3	156.556
168.4	156.571
168.5	156.586
168.6	156.6
168.7	156.615
168.8	156.63
168.9	156.645
169	156.659
169.1	156.674
169.2	156.689
169.3	156.703
169.4	156.718
169.5	156.733
169.6	156.748
169.7	156.762
169.8	156.777
169.9	156.792
170	156.806
170.1	156.821
170.2	156.835
170.3	156.85
170.4	156.865
170.5	156.879
170.6	156.894
170.7	156.909
170.8	156.923
170.9	156.938
171	156.952
171.1	156.967
171.2	156.981
171.3	156.996
171.4	157.011
171.5	157.025
171.6	157.04
171.7	157.054
171.8	157.069
171.9	157.083
172	157.098
172.1	157.112
172.2	157.127
172.3	157.141
172.4	157.156
172.5	157.17
172.6	157.185
172.7	157.199
172.8	157.214
172.9	157.228
173	157.243
173.1	157.257
173.2	157.271
173.3	157.286
173.4	157.3
173.5	157.315
173.6	157.329
173.7	157.344
173.8	157.358
173.9	157.372
174	157.387
174.1	157.401
174.2	157.415
174.3	157.43
174.4	157.444
174.5	157.459
174.6	157.473
174.7	157.487
174.8	157.502
174.9	157.516
175	157.53
175.1	157.545
175.2	157.559
175.3	157.573
175.4	157.587
175.5	157.602
175.6	157.616
175.7	157.63
175.8	157.645
175.9	157.659
176	157.673
176.1	157.687
176.2	157.702
176.3	157.716
176.4	157.73
176.5	157.744
176.6	157.759
176.7	157.773
176.8	157.787
176.9	157.801
177	157.815
177.1	157.83
177.2	157.844
177.3	157.858
177.4	157.872
177.5	157.886
177.6	157.9
177.7	157.915
177.8	157.929
177.9	157.943
178	157.957
178.1	157.971
178.2	157.985
178.3	157.999
178.4	158.014
178.5	158.028
178.6	158.042
178.7	158.056
178.8	158.07
178.9	158.084
179	158.098
179.1	158.112
179.2	158.126
179.3	158.14
179.4	158.154
179.5	158.168
179.6	158.182
179.7	158.196
179.8	158.21
179.9	158.224
180	158.239
180.1	158.253
180.2	158.267
180.3	158.281
180.4	158.295
180.5	158.308
180.6	158.322
180.7	158.336
180.8	158.35
180.9	158.364
181	158.378
181.1	158.392
181.2	158.406
181.3	158.42
181.4	158.434
181.5	158.448
181.6	158.462
181.7	158.476
181.8	158.49
181.9	158.504
182	158.518
182.1	158.531
182.2	158.545
182.3	158.559
182.4	158.573
182.5	158.587
182.6	158.601
182.7	158.615
182.8	158.629
182.9	158.642
183	158.656
183.1	158.67
183.2	158.684
183.3	158.698
183.4	158.711
183.5	158.725
183.6	158.739
183.7	158.753
183.8	158.767
183.9	158.78
184	158.794
184.1	158.808
184.2	158.822
184.3	158.836
184.4	158.849
184.5	158.863
184.6	158.877
184.7	158.891
184.8	158.904
184.9	158.918
185	158.932
185.1	158.945
185.2	158.959
185.3	158.973
185.4	158.987
185.5	159
185.6	159.014
185.7	159.028
185.8	159.041
185.9	159.055
186	159.069
186.1	159.082
186.2	159.096
186.3	159.11
186.4	159.123
186.5	159.137
186.6	159.15
186.7	159.164
186.8	159.178
186.9	159.191
187	159.205
187.1	159.219
187.2	159.232
187.3	159.246
187.4	159.259
187.5	159.273
187.6	159.286
187.7	159.3
187.8	159.314
187.9	159.327
188	159.341
188.1	159.354
188.2	159.368
188.3	159.381
188.4	159.395
188.5	159.408
188.6	159.422
188.7	159.435
188.8	159.449
188.9	159.462
189	159.476
189.1	159.489
189.2	159.503
189.3	159.516
189.4	159.53
189.5	159.543
189.6	159.557
189.7	159.57
189.8	159.584
189.9	159.597
190	159.611
190.1	159.624
190.2	159.637
190.3	159.651
190.4	159.664
190.5	159.678
190.6	159.691
190.7	159.705
190.8	159.718
190.9	159.731
191	159.745
191.1	159.758
191.2	159.771
191.3	159.785
191.4	159.798
191.5	159.812
191.6	159.825
191.7	159.838
191.8	159.852
191.9	159.865
192	159.878
192.1	159.892
192.2	159.905
192.3	159.918
192.4	159.932
192.5	159.945
192.6	159.958
192.7	159.971
192.8	159.985
192.9	159.998
193	160.011
193.1	160.025
193.2	160.038
193.3	160.051
193.4	160.064
193.5	160.078
193.6	160.091
193.7	160.104
193.8	160.117
193.9	160.131
194	160.144
194.1	160.157
194.2	160.17
194.3	160.183
194.4	160.197
194.5	160.21
194.6	160.223
194.7	160.236
194.8	160.249
194.9	160.263
195	160.276
195.1	160.289
195.2	160.302
195.3	160.315
195.4	160.328
195.5	160.342
195.6	160.355
195.7	160.368
195.8	160.381
195.9	160.394
196	160.407
196.1	160.42
196.2	160.433
196.3	160.446
196.4	160.46
196.5	160.473
196.6	160.486
196.7	160.499
196.8	160.512
196.9	160.525
197	160.538
197.1	160.551
197.2	160.564
197.3	160.577
197.4	160.59
197.5	160.603
197.6	160.616
197.7	160.629
197.8	160.642
197.9	160.655
198	160.668
198.1	160.681
198.2	160.695
198.3	160.708
198.4	160.721
198.5	160.733
198.6	160.746
198.7	160.759
198.8	160.772
198.9	160.785
199	160.798
199.1	160.811
199.2	160.824
199.3	160.837
199.4	160.85
199.5	160.863
199.6	160.876
199.7	160.889
199.8	160.902
199.9	160.915
200	160.928
200.1	160.941
200.2	160.954
200.3	160.966
200.4	160.979
200.5	160.992
200.6	161.005
200.7	161.018
200.8	161.031
200.9	161.044
201	161.057
201.1	161.069
201.2	161.082
201.3	161.095
201.4	161.108
201.5	161.121
201.6	161.134
201.7	161.147
201.8	161.159
201.9	161.172
202	161.185
202.1	161.198
202.2	161.211
202.3	161.223
202.4	161.236
202.5	161.249
202.6	161.262
202.7	161.275
202.8	161.287
202.9	161.3
203	161.313
203.1	161.326
203.2	161.338
203.3	161.351
203.4	161.364
203.5	161.377
203.6	161.389
203.7	161.402
203.8	161.415
203.9	161.428
204	161.44
204.1	161.453
204.2	161.466
204.3	161.478
204.4	161.491
204.5	161.504
204.6	161.517
204.7	161.529
204.8	161.542
204.9	161.555
205	161.567
205.1	161.58
205.2	161.593
205.3	161.605
205.4	161.618
205.5	161.63
205.6	161.643
205.7	161.656
205.8	161.668
205.9	161.681
206	161.694
206.1	161.706
206.2	161.719
206.3	161.731
206.4	161.744
206.5	161.757
206.6	161.769
206.7	161.782
206.8	161.794
206.9	161.807
207	161.82
207.1	161.832
207.2	161.845
207.3	161.857
207.4	161.87
207.5	161.882
207.6	161.895
207.7	161.907
207.8	161.92
207.9	161.933
208	161.945
208.1	161.958
208.2	161.97
208.3	161.983
208.4	161.995
208.5	162.008
208.6	162.02
208.7	162.033
208.8	162.045
208.9	162.058
209	162.07
209.1	162.083
209.2	162.095
209.3	162.108
209.4	162.12
209.5	162.132
209.6	162.145
209.7	162.157
209.8	162.17
209.9	162.182
210	162.195
210.1	162.207
210.2	162.22
210.3	162.232
210.4	162.244
210.5	162.257
210.6	162.269
210.7	162.282
210.8	162.294
210.9	162.306
211	162.319
211.1	162.331
211.2	162.343
211.3	162.356
211.4	162.368
211.5	162.381
211.6	162.393
211.7	162.405
211.8	162.418
211.9	162.43
212	162.442
212.1	162.455
212.2	162.467
212.3	162.479
212.4	162.492
212.5	162.504
212.6	162.516
212.7	162.529
212.8	162.541
212.9	162.553
213	162.566
213.1	162.578
213.2	162.59
213.3	162.602
213.4	162.615
213.5	162.627
213.6	162.639
213.7	162.651
213.8	162.664
213.9	162.676
214	162.688
214.1	162.701
214.2	162.713
214.3	162.725
214.4	162.737
214.5	162.749
214.6	162.762
214.7	162.774
214.8	162.786
214.9	162.798
215	162.811
215.1	162.823
215.2	162.835
215.3	162.847
215.4	162.859
215.5	162.872
215.6	162.884
215.7	162.896
215.8	162.908
215.9	162.92
216	162.932
216.1	162.945
216.2	162.957
216.3	162.969
216.4	162.981
216.5	162.993
216.6	163.005
216.7	163.017
216.8	163.03
216.9	163.042
217	163.054
217.1	163.066
217.2	163.078
217.3	163.09
217.4	163.102
217.5	163.114
217.6	163.126
217.7	163.138
217.8	163.151
217.9	163.163
218	163.175
218.1	163.187
218.2	163.199
218.3	163.211
218.4	163.223
218.5	163.235
218.6	163.247
218.7	163.259
218.8	163.271
218.9	163.283
219	163.295
219.1	163.307
219.2	163.319
219.3	163.331
219.4	163.343
219.5	163.355
219.6	163.367
219.7	163.379
219.8	163.391
219.9	163.403
220	163.415
220.1	163.427
220.2	163.439
220.3	163.451
220.4	163.463
220.5	163.475
220.6	163.487
220.7	163.499
220.8	163.511
220.9	163.523
221	163.535
221.1	163.547
221.2	163.559
221.3	163.571
221.4	163.583
221.5	163.595
221.6	163.607
221.7	163.619
221.8	163.63
221.9	163.642
222	163.654
222.1	163.666
222.2	163.678
222.3	163.69
222.4	163.702
222.5	163.714
222.6	163.726
222.7	163.737
222.8	163.749
222.9	163.761
223	163.773
223.1	163.785
223.2	163.797
223.3	163.809
223.4	163.82
223.5	163.832
223.6	163.844
223.7	163.856
223.8	163.868
223.9	163.88
224	163.891
224.1	163.903
224.2	163.915
224.3	163.927
224.4	163.939
224.5	163.951
224.6	163.962
224.7	163.974
224.8	163.986
224.9	163.998
225	164.009
225.1	164.021
225.2	164.033
225.3	164.045
225.4	164.057
225.5	164.068
225.6	164.08
225.7	164.092
225.8	164.104
225.9	164.115
226	164.127
226.1	164.139
226.2	164.151
226.3	164.162
226.4	164.174
226.5	164.186
226.6	164.197
226.7	164.209
226.8	164.221
226.9	164.233
227	164.244
227.1	164.256
227.2	164.268
227.3	164.279
227.4	164.291
227.5	164.303
227.6	164.314
227.7	164.326
227.8	164.338
227.9	164.349
228	164.361
228.1	164.373
228.2	164.384
228.3	164.396
228.4	164.408
228.5	164.419
228.6	164.431
228.7	164.443
228.8	164.454
228.9	164.466
229	164.477
229.1	164.489
229.2	164.501
229.3	164.512
229.4	164.524
229.5	164.535
229.6	164.547
229.7	164.559
229.8	164.57
229.9	164.582
230	164.593
230.1	164.605
230.2	164.617
230.3	164.628
230.4	164.64
230.5	164.651
230.6	164.663
230.7	164.674
230.8	164.686
230.9	164.697
231	164.709
231.1	164.721
231.2	164.732
231.3	164.744
231.4	164.755
231.5	164.767
231.6	164.778
231.7	164.79
231.8	164.801
231.9	164.813
232	164.824
232.1	164.836
232.2	164.847
232.3	164.859
232.4	164.87
232.5	164.882
232.6	164.893
232.7	164.905
232.8	164.916
232.9	164.928
233	164.939
233.1	164.95
233.2	164.962
233.3	164.973
233.4	164.985
233.5	164.996
233.6	165.008
233.7	165.019
233.8	165.031
233.9	165.042
234	165.053
234.1	165.065
234.2	165.076
234.3	165.088
234.4	165.099
234.5	165.11
234.6	165.122
234.7	165.133
234.8	165.145
234.9	165.156
235	165.167
235.1	165.179
235.2	165.19
235.3	165.202
235.4	165.213
235.5	165.224
235.6	165.236
235.7	165.247
235.8	165.258
235.9	165.27
236	165.281
236.1	165.292
236.2	165.304
236.3	165.315
236.4	165.326
236.5	165.338
236.6	165.349
236.7	165.36
236.8	165.372
236.9	165.383
237	165.394
237.1	165.406
237.2	165.417
237.3	165.428
237.4	165.44
237.5	165.451
237.6	165.462
237.7	165.473
237.8	165.485
237.9	165.496
238	165.507
238.1	165.519
238.2	165.53
238.3	165.541
238.4	165.552
238.5	165.564
238.6	165.575
238.7	165.586
238.8	165.597
238.9	165.609
239	165.62
239.1	165.631
239.2	165.642
239.3	165.653
239.4	165.665
239.5	165.676
239.6	165.687
239.7	165.698
239.8	165.71
239.9	165.721
240	165.732
240.1	165.743
240.2	165.754
240.3	165.766
240.4	165.777
240.5	165.788
240.6	165.799
240.7	165.81
240.8	165.821
240.9	165.833
241	165.844
241.1	165.855
241.2	165.866
241.3	165.877
241.4	165.888
241.5	165.9
241.6	165.911
241.7	165.922
241.8	165.933
241.9	165.944
242	165.955
242.1	165.966
242.2	165.977
242.3	165.989
242.4	166
242.5	166.011
242.6	166.022
242.7	166.033
242.8	166.044
242.9	166.055
243	166.066
243.1	166.077
243.2	166.088
243.3	166.1
243.4	166.111
243.5	166.122
243.6	166.133
243.7	166.144
243.8	166.155
243.9	166.166
244	166.177
244.1	166.188
244.2	166.199
244.3	166.21
244.4	166.221
244.5	166.232
244.6	166.243
244.7	166.254
244.8	166.265
244.9	166.276
245	166.287
245.1	166.298
245.2	166.309
245.3	166.32
245.4	166.331
245.5	166.342
245.6	166.353
245.7	166.364
245.8	166.375
245.9	166.386
246	166.397
246.1	166.408
246.2	166.419
246.3	166.43
246.4	166.441
246.5	166.452
246.6	166.463
246.7	166.474
246.8	166.485
246.9	166.496
247	166.507
247.1	166.518
247.2	166.529
247.3	166.54
247.4	166.551
247.5	166.562
247.6	166.573
247.7	166.584
247.8	166.594
247.9	166.605
248	166.616
248.1	166.627
248.2	166.638
248.3	166.649
248.4	166.66
248.5	166.671
248.6	166.682
248.7	166.693
248.8	166.704
248.9	166.714
249	166.725
249.1	166.736
249.2	166.747
249.3	166.758
249.4	166.769
249.5	166.78
249.6	166.791
249.7	166.801
249.8	166.812
249.9	166.823
250	166.834
250.1	166.845
250.2	166.856
250.3	166.866
250.4	166.877
250.5	166.888
250.6	166.899
250.7	166.91
250.8	166.921
250.9	166.931
251	166.942
251.1	166.953
251.2	166.964
251.3	166.975
251.4	166.985
251.5	166.996
251.6	167.007
251.7	167.018
251.8	167.029
251.9	167.039
252	167.05
252.1	167.061
252.2	167.072
252.3	167.082
252.4	167.093
252.5	167.104
252.6	167.115
252.7	167.125
252.8	167.136
252.9	167.147
253	167.158
253.1	167.168
253.2	167.179
253.3	167.19
253.4	167.201
253.5	167.211
253.6	167.222
253.7	167.233
253.8	167.244
253.9	167.254
254	167.265
254.1	167.276
254.2	167.286
254.3	167.297
254.4	167.308
254.5	167.319
254.6	167.329
254.7	167.34
254.8	167.351
254.9	167.361
255	167.372
255.1	167.383
255.2	167.393
255.3	167.404
255.4	167.415
255.5	167.425
255.6	167.436
255.7	167.447
255.8	167.457
255.9	167.468
256	167.479
256.1	167.489
256.2	167.5
256.3	167.51
256.4	167.521
256.5	167.532
256.6	167.542
256.7	167.553
256.8	167.564
256.9	167.574
257	167.585
257.1	167.595
257.2	167.606
257.3	167.617
257.4	167.627
257.5	167.638
257.6	167.648
257.7	167.659
257.8	167.67
257.9	167.68
258	167.691
258.1	167.701
258.2	167.712
258.3	167.723
258.4	167.733
258.5	167.744
258.6	167.754
258.7	167.765
258.8	167.775
258.9	167.786
259	167.796
259.1	167.807
259.2	167.818
259.3	167.828
259.4	167.839
259.5	167.849
259.6	167.86
259.7	167.87
259.8	167.881
259.9	167.891
260	167.902
260.1	167.912
260.2	167.923
260.3	167.933
260.4	167.944
260.5	167.954
260.6	167.965
260.7	167.975
260.8	167.986
260.9	167.996
261	168.007
261.1	168.017
261.2	168.028
261.3	168.038
261.4	168.049
261.5	168.059
261.6	168.07
261.7	168.08
261.8	168.09
261.9	168.101
262	168.111
262.1	168.122
262.2	168.132
262.3	168.143
262.4	168.153
262.5	168.164
262.6	168.174
262.7	168.184
262.8	168.195
262.9	168.205
263	168.216
263.1	168.226
263.2	168.237
263.3	168.247
263.4	168.257
263.5	168.268
263.6	168.278
263.7	168.289
263.8	168.299
263.9	168.309
264	168.32
264.1	168.33
264.2	168.341
264.3	168.351
264.4	168.361
264.5	168.372
264.6	168.382
264.7	168.392
264.8	168.403
264.9	168.413
265	168.424
265.1	168.434
265.2	168.444
265.3	168.455
265.4	168.465
265.5	168.475
265.6	168.486
265.7	168.496
265.8	168.506
265.9	168.517
266	168.527
266.1	168.537
266.2	168.548
266.3	168.558
266.4	168.568
266.5	168.579
266.6	168.589
266.7	168.599
266.8	168.61
266.9	168.62
267	168.63
267.1	168.64
267.2	168.651
267.3	168.661
267.4	168.671
267.5	168.682
267.6	168.692
267.7	168.702
267.8	168.712
267.9	168.723
268	168.733
268.1	168.743
268.2	168.753
268.3	168.764
268.4	168.774
268.5	168.784
268.6	168.794
268.7	168.805
268.8	168.815
268.9	168.825
269	168.835
269.1	168.846
269.2	168.856
269.3	168.866
269.4	168.876
269.5	168.887
269.6	168.897
269.7	168.907
269.8	168.917
269.9	168.927
270	168.938
270.1	168.948
270.2	168.958
270.3	168.968
270.4	168.978
270.5	168.989
270.6	168.999
270.7	169.009
270.8	169.019
270.9	169.029
271	169.04
271.1	169.05
271.2	169.06
271.3	169.07
271.4	169.08
271.5	169.09
271.6	169.101
271.7	169.111
271.8	169.121
271.9	169.131
272	169.141
272.1	169.151
272.2	169.162
272.3	169.172
272.4	169.182
272.5	169.192
272.6	169.202
272.7	169.212
272.8	169.222
272.9	169.232
273	169.243
273.1	169.253
273.2	169.263
273.3	169.273
273.4	169.283
273.5	169.293
273.6	169.303
273.7	169.313
273.8	169.323
273.9	169.334
274	169.344
274.1	169.354
274.2	169.364
274.3	169.374
274.4	169.384
274.5	169.394
274.6	169.404
274.7	169.414
274.8	169.424
274.9	169.434
275	169.444
275.1	169.454
275.2	169.464
275.3	169.475
275.4	169.485
275.5	169.495
275.6	169.505
275.7	169.515
275.8	169.525
275.9	169.535
276	169.545
276.1	169.555
276.2	169.565
276.3	169.575
276.4	169.585
276.5	169.595
276.6	169.605
276.7	169.615
276.8	169.625
276.9	169.635
277	169.645
277.1	169.655
277.2	169.665
277.3	169.675
277.4	169.685
277.5	169.695
277.6	169.705
277.7	169.715
277.8	169.725
277.9	169.735
278	169.745
278.1	169.755
278.2	169.765
278.3	169.775
278.4	169.785
278.5	169.795
278.6	169.805
278.7	169.815
278.8	169.825
278.9	169.835
279	169.844
279.1	169.854
279.2	169.864
279.3	169.874
279.4	169.884
279.5	169.894
279.6	169.904
279.7	169.914
279.8	169.924
279.9	169.934
280	169.944
280.1	169.954
280.2	169.964
280.3	169.974
280.4	169.983
280.5	169.993
280.6	170.003
280.7	170.013
280.8	170.023
280.9	170.033
281	170.043
281.1	170.053
281.2	170.063
281.3	170.073
281.4	170.082
281.5	170.092
281.6	170.102
281.7	170.112
281.8	170.122
281.9	170.132
282	170.142
282.1	170.151
282.2	170.161
282.3	170.171
282.4	170.181
282.5	170.191
282.6	170.201
282.7	170.211
282.8	170.22
282.9	170.23
283	170.24
283.1	170.25
283.2	170.26
283.3	170.27
283.4	170.279
283.5	170.289
283.6	170.299
283.7	170.309
283.8	170.319
283.9	170.329
284	170.338
284.1	170.348
284.2	170.358
284.3	170.368
284.4	170.378
284.5	170.387
284.6	170.397
284.7	170.407
284.8	170.417
284.9	170.427
285	170.436
285.1	170.446
285.2	170.456
285.3	170.466
285.4	170.475
285.5	170.485
285.6	170.495
285.7	170.505
285.8	170.514
285.9	170.524
286	170.534
286.1	170.544
286.2	170.553
286.3	170.563
286.4	170.573
286.5	170.583
286.6	170.592
286.7	170.602
286.8	170.612
286.9	170.622
287	170.631
287.1	170.641
287.2	170.651
287.3	170.661
287.4	170.67
287.5	170.68
287.6	170.69
287.7	170.699
287.8	170.709
287.9	170.719
288	170.728
288.1	170.738
288.2	170.748
288.3	170.758
288.4	170.767
288.5	170.777
288.6	170.787
288.7	170.796
288.8	170.806
288.9	170.816
289	170.825
289.1	170.835
289.2	170.845
289.3	170.854
289.4	170.864
289.5	170.874
289.6	170.883
289.7	170.893
289.8	170.903
289.9	170.912
290	170.922
290.1	170.932
290.2	170.941
290.3	170.951
290.4	170.961
290.5	170.97
290.6	170.98
290.7	170.989
290.8	170.999
290.9	171.009
291	171.018
291.1	171.028
291.2	171.038
291.3	171.047
291.4	171.057
291.5	171.066
291.6	171.076
291.7	171.086
291.8	171.095
291.9	171.105
292	171.114
292.1	171.124
292.2	171.134
292.3	171.143
292.4	171.153
292.5	171.162
292.6	171.172
292.7	171.181
292.8	171.191
292.9	171.201
293	171.21
293.1	171.22
293.2	171.229
293.3	171.239
293.4	171.248
293.5	171.258
293.6	171.268
293.7	171.277
293.8	171.287
293.9	171.296
294	171.306
294.1	171.315
294.2	171.325
294.3	171.334
294.4	171.344
294.5	171.353
294.6	171.363
294.7	171.373
294.8	171.382
294.9	171.392
295	171.401
295.1	171.411
295.2	171.42
295.3	171.43
295.4	171.439
295.5	171.449
295.6	171.458
295.7	171.468
295.8	171.477
295.9	171.487
296	171.496
296.1	171.506
296.2	171.515
296.3	171.525
296.4	171.534
296.5	171.544
296.6	171.553
296.7	171.563
296.8	171.572
296.9	171.581
297	171.591
297.1	171.6
297.2	171.61
297.3	171.619
297.4	171.629
297.5	171.638
297.6	171.648
297.7	171.657
297.8	171.667
297.9	171.676
298	171.685
298.1	171.695
298.2	171.704
298.3	171.714
298.4	171.723
298.5	171.733
298.6	171.742
298.7	171.752
298.8	171.761
298.9	171.77
299	171.78
299.1	171.789
299.2	171.799
299.3	171.808
299.4	171.817
299.5	171.827
299.6	171.836
299.7	171.846
299.8	171.855
299.9	171.864
300	171.874
