W	Pred
1.5	463.692
1.6	452.16
1.7	442.066
1.8	433.171
1.9	425.285
2	418.257
2.1	411.964
2.2	406.304
2.3	401.194
2.4	396.565
2.5	392.358
2.6	388.524
2.7	385.02
2.8	381.811
2.9	378.866
3	376.156
3.1	373.66
3.2	371.355
3.3	369.225
3.4	367.254
3.5	365.426
3.6	363.73
3.7	362.155
3.8	360.691
3.9	359.328
4	358.059
4.1	356.876
4.2	355.773
4.3	354.744
4.4	353.784
4.5	352.888
4.6	352.051
4.7	351.269
4.8	350.538
4.9	349.856
5	349.219
5.1	348.624
5.2	348.068
5.3	347.55
5.4	347.066
5.5	346.615
5.6	346.194
5.7	345.803
5.8	345.439
5.9	345.101
6	344.787
6.1	344.496
6.2	344.226
6.3	343.977
6.4	343.748
6.5	343.537
6.6	343.344
6.7	343.167
6.8	343.006
6.9	342.859
7	342.727
7.1	342.609
7.2	342.503
7.3	342.41
7.4	342.328
7.5	342.257
7.6	342.196
7.7	342.146
7.8	342.106
7.9	342.074
8	342.051
8.1	342.037
8.2	342.03
8.3	342.032
8.4	342.04
8.5	342.055
8.6	342.077
8.7	342.106
8.8	342.14
8.9	342.18
9	342.226
9.1	342.278
9.2	342.334
9.3	342.395
9.4	342.461
9.5	342.531
9.6	342.606
9.7	342.685
9.8	342.768
9.9	342.854
10	342.945
10.1	343.038
10.2	343.135
10.3	343.236
10.4	343.339
10.5	343.445
10.6	343.555
10.7	343.667
10.8	343.781
10.9	343.898
11	344.018
11.1	344.14
11.2	344.264
11.3	344.39
11.4	344.518
11.5	344.649
11.6	344.781
11.7	344.915
11.8	345.05
11.9	345.188
12	345.327
12.1	345.467
12.2	345.609
12.3	345.753
12.4	345.898
12.5	346.044
12.6	346.191
12.7	346.34
12.8	346.489
12.9	346.64
13	346.792
13.1	346.945
13.2	347.099
13.3	347.254
13.4	347.41
13.5	347.566
13.6	347.724
13.7	347.882
13.8	348.041
13.9	348.2
14	348.361
14.1	348.522
14.2	348.683
14.3	348.846
14.4	349.008
14.5	349.172
14.6	349.336
14.7	349.5
14.8	349.665
14.9	349.83
15	349.996
15.1	350.162
15.2	350.328
15.3	350.495
15.4	350.662
15.5	350.83
15.6	350.997
15.7	351.165
15.8	351.334
15.9	351.502
16	351.671
16.1	351.84
16.2	352.009
16.3	352.179
16.4	352.348
16.5	352.518
16.6	352.688
16.7	352.858
16.8	353.028
16.9	353.198
17	353.369
17.1	353.539
17.2	353.709
17.3	353.88
17.4	354.051
17.5	354.221
17.6	354.392
17.7	354.563
17.8	354.733
17.9	354.904
18	355.075
18.1	355.246
18.2	355.416
18.3	355.587
18.4	355.758
18.5	355.928
18.6	356.099
18.7	356.269
18.8	356.44
18.9	356.61
19	356.78
19.1	356.951
19.2	357.121
19.3	357.291
19.4	357.461
19.5	357.631
19.6	357.8
19.7	357.97
19.8	358.139
19.9	358.309
20	358.478
20.1	358.647
20.2	358.816
20.3	358.985
20.4	359.154
20.5	359.322
20.6	359.491
20.7	359.659
20.8	359.827
20.9	359.995
21	360.163
21.1	360.331
21.2	360.498
21.3	360.666
21.4	360.833
21.5	361
21.6	361.166
21.7	361.333
21.8	361.499
21.9	361.666
22	361.832
22.1	361.998
22.2	362.163
22.3	362.329
22.4	362.494
22.5	362.659
22.6	362.824
22.7	362.989
22.8	363.153
22.9	363.317
23	363.481
23.1	363.645
23.2	363.809
23.3	363.972
23.4	364.136
23.5	364.299
23.6	364.461
23.7	364.624
23.8	364.786
23.9	364.948
24	365.11
24.1	365.272
24.2	365.434
24.3	365.595
24.4	365.756
24.5	365.917
24.6	366.077
24.7	366.238
24.8	366.398
24.9	366.558
25	366.717
25.1	366.877
25.2	367.036
25.3	367.195
25.4	367.354
25.5	367.512
25.6	367.671
25.7	367.829
25.8	367.986
25.9	368.144
26	368.301
26.1	368.459
26.2	368.616
26.3	368.772
26.4	368.929
26.5	369.085
26.6	369.241
26.7	369.397
26.8	369.552
26.9	369.707
27	369.862
27.1	370.017
27.2	370.172
27.3	370.326
27.4	370.48
27.5	370.634
27.6	370.788
27.7	370.941
27.8	371.094
27.9	371.247
28	371.4
28.1	371.553
28.2	371.705
28.3	371.857
28.4	372.009
28.5	372.16
28.6	372.311
28.7	372.462
28.8	372.613
28.9	372.764
29	372.914
29.1	373.064
29.2	373.214
29.3	373.364
29.4	373.513
29.5	373.663
29.6	373.812
29.7	373.96
29.8	374.109
29.9	374.257
30	374.405
30.1	374.553
30.2	374.701
30.3	374.848
30.4	374.995
30.5	375.142
30.6	375.289
30.7	375.435
30.8	375.581
30.9	375.727
31	375.873
31.1	376.019
31.2	376.164
31.3	376.309
31.4	376.454
31.5	376.599
31.6	376.743
31.7	376.887
31.8	377.031
31.9	377.175
32	377.318
32.1	377.462
32.2	377.605
32.3	377.748
32.4	377.89
32.5	378.033
32.6	378.175
32.7	378.317
32.8	378.459
32.9	378.6
33	378.742
33.1	378.883
33.2	379.023
33.3	379.164
33.4	379.305
33.5	379.445
33.6	379.585
33.7	379.725
33.8	379.864
33.9	380.004
34	380.143
34.1	380.282
34.2	380.42
34.3	380.559
34.4	380.697
34.5	380.835
34.6	380.973
34.7	381.111
34.8	381.248
34.9	381.385
35	381.522
35.1	381.659
35.2	381.796
35.3	381.932
35.4	382.068
35.5	382.204
35.6	382.34
35.7	382.476
35.8	382.611
35.9	382.746
36	382.881
36.1	383.016
36.2	383.151
36.3	383.285
36.4	383.419
36.5	383.553
36.6	383.687
36.7	383.82
36.8	383.954
36.9	384.087
37	384.22
37.1	384.352
37.2	384.485
37.3	384.617
37.4	384.75
37.5	384.881
37.6	385.013
37.7	385.145
37.8	385.276
37.9	385.407
38	385.538
38.1	385.669
38.2	385.8
38.3	385.93
38.4	386.06
38.5	386.19
38.6	386.32
38.7	386.45
38.8	386.579
38.9	386.708
39	386.837
39.1	386.966
39.2	387.095
39.3	387.223
39.4	387.352
39.5	387.48
39.6	387.608
39.7	387.735
39.8	387.863
39.9	387.99
40	388.118
40.1	388.245
40.2	388.371
40.3	388.498
40.4	388.624
40.5	388.751
40.6	388.877
40.7	389.003
40.8	389.128
40.9	389.254
41	389.379
41.1	389.504
41.2	389.629
41.3	389.754
41.4	389.879
41.5	390.003
41.6	390.128
41.7	390.252
41.8	390.376
41.9	390.499
42	390.623
42.1	390.746
42.2	390.87
42.3	390.993
42.4	391.116
42.5	391.238
42.6	391.361
42.7	391.483
42.8	391.605
42.9	391.727
43	391.849
43.1	391.971
43.2	392.092
43.3	392.214
43.4	392.335
43.5	392.456
43.6	392.577
43.7	392.697
43.8	392.818
43.9	392.938
44	393.058
44.1	393.178
44.2	393.298
44.3	393.418
44.4	393.538
44.5	393.657
44.6	393.776
44.7	393.895
44.8	394.014
44.9	394.133
45	394.251
45.1	394.37
45.2	394.488
45.3	394.606
45.4	394.724
45.5	394.841
45.6	394.959
45.7	395.076
45.8	395.194
45.9	395.311
46	395.428
46.1	395.544
46.2	395.661
46.3	395.777
46.4	395.894
46.5	396.01
46.6	396.126
46.7	396.242
46.8	396.357
46.9	396.473
47	396.588
47.1	396.704
47.2	396.819
47.3	396.934
47.4	397.048
47.5	397.163
47.6	397.277
47.7	397.392
47.8	397.506
47.9	397.62
48	397.734
48.1	397.848
48.2	397.961
48.3	398.075
48.4	398.188
48.5	398.301
48.6	398.414
48.7	398.527
48.8	398.639
48.9	398.752
49	398.864
49.1	398.977
49.2	399.089
49.3	399.201
49.4	399.312
49.5	399.424
49.6	399.536
49.7	399.647
49.8	399.758
49.9	399.869
50	399.98
50.1	400.091
50.2	400.202
50.3	400.312
50.4	400.423
50.5	400.533
50.6	400.643
50.7	400.753
50.8	400.863
50.9	400.973
51	401.082
51.1	401.192
51.2	401.301
51.3	401.41
51.4	401.519
51.5	401.628
51.6	401.737
51.7	401.845
51.8	401.954
51.9	402.062
52	402.17
52.1	402.278
52.2	402.386
52.3	402.494
52.4	402.602
52.5	402.709
52.6	402.817
52.7	402.924
52.8	403.031
52.9	403.138
53	403.245
53.1	403.352
53.2	403.458
53.3	403.565
53.4	403.671
53.5	403.777
53.6	403.883
53.7	403.989
53.8	404.095
53.9	404.201
54	404.306
54.1	404.412
54.2	404.517
54.3	404.622
54.4	404.727
54.5	404.832
54.6	404.937
54.7	405.042
54.8	405.146
54.9	405.251
55	405.355
55.1	405.459
55.2	405.563
55.3	405.667
55.4	405.771
55.5	405.875
55.6	405.978
55.7	406.082
55.8	406.185
55.9	406.288
56	406.391
56.1	406.494
56.2	406.597
56.3	406.7
56.4	406.802
56.5	406.905
56.6	407.007
56.7	407.109
56.8	407.211
56.9	407.313
57	407.415
57.1	407.517
57.2	407.619
57.3	407.72
57.4	407.822
57.5	407.923
57.6	408.024
57.7	408.125
57.8	408.226
57.9	408.327
58	408.427
58.1	408.528
58.2	408.629
58.3	408.729
58.4	408.829
58.5	408.929
58.6	409.029
58.7	409.129
58.8	409.229
58.9	409.329
59	409.428
59.1	409.528
59.2	409.627
59.3	409.726
59.4	409.825
59.5	409.924
59.6	410.023
59.7	410.122
59.8	410.22
59.9	410.319
60	410.417
60.1	410.516
60.2	410.614
60.3	410.712
60.4	410.81
60.5	410.908
60.6	411.006
60.7	411.103
60.8	411.201
60.9	411.298
61	411.396
61.1	411.493
61.2	411.59
61.3	411.687
61.4	411.784
61.5	411.881
61.6	411.978
61.7	412.074
61.8	412.171
61.9	412.267
62	412.363
62.1	412.459
62.2	412.555
62.3	412.651
62.4	412.747
62.5	412.843
62.6	412.939
62.7	413.034
62.8	413.13
62.9	413.225
63	413.32
63.1	413.415
63.2	413.51
63.3	413.605
63.4	413.7
63.5	413.795
63.6	413.889
63.7	413.984
63.8	414.078
63.9	414.173
64	414.267
64.1	414.361
64.2	414.455
64.3	414.549
64.4	414.643
64.5	414.736
64.6	414.83
64.7	414.924
64.8	415.017
64.9	415.11
65	415.204
65.1	415.297
65.2	415.39
65.3	415.483
65.4	415.575
65.5	415.668
65.6	415.761
65.7	415.853
65.8	415.946
65.9	416.038
66	416.13
66.1	416.223
66.2	416.315
66.3	416.407
66.4	416.498
66.5	416.59
66.6	416.682
66.7	416.773
66.8	416.865
66.9	416.956
67	417.048
67.1	417.139
67.2	417.23
67.3	417.321
67.4	417.412
67.5	417.503
67.6	417.593
67.7	417.684
67.8	417.775
67.9	417.865
68	417.955
68.1	418.046
68.2	418.136
68.3	418.226
68.4	418.316
68.5	418.406
68.6	418.496
68.7	418.585
68.8	418.675
68.9	418.765
69	418.854
69.1	418.943
69.2	419.033
69.3	419.122
69.4	419.211
69.5	419.3
69.6	419.389
69.7	419.478
69.8	419.566
69.9	419.655
70	419.744
70.1	419.832
70.2	419.921
70.3	420.009
70.4	420.097
70.5	420.185
70.6	420.273
70.7	420.361
70.8	420.449
70.9	420.537
71	420.624
71.1	420.712
71.2	420.8
71.3	420.887
71.4	420.974
71.5	421.062
71.6	421.149
71.7	421.236
71.8	421.323
71.9	421.41
72	421.497
72.1	421.583
72.2	421.67
72.3	421.757
72.4	421.843
72.5	421.93
72.6	422.016
72.7	422.102
72.8	422.188
72.9	422.274
73	422.36
73.1	422.446
73.2	422.532
73.3	422.618
73.4	422.704
73.5	422.789
73.6	422.875
73.7	422.96
73.8	423.046
73.9	423.131
74	423.216
74.1	423.301
74.2	423.386
74.3	423.471
74.4	423.556
74.5	423.641
74.6	423.725
74.7	423.81
74.8	423.895
74.9	423.979
75	424.063
75.1	424.148
75.2	424.232
75.3	424.316
75.4	424.4
75.5	424.484
75.6	424.568
75.7	424.652
75.8	424.736
75.9	424.819
76	424.903
76.1	424.987
76.2	425.07
76.3	425.153
76.4	425.237
76.5	425.32
76.6	425.403
76.7	425.486
76.8	425.569
76.9	425.652
77	425.735
77.1	425.817
77.2	425.9
77.3	425.983
77.4	426.065
77.5	426.148
77.6	426.23
77.7	426.312
77.8	426.395
77.9	426.477
78	426.559
78.1	426.641
78.2	426.723
78.3	426.805
78.4	426.886
78.5	426.968
78.6	427.05
78.7	427.131
78.8	427.213
78.9	427.294
79	427.376
79.1	427.457
79.2	427.538
79.3	427.619
79.4	427.7
79.5	427.781
79.6	427.862
79.7	427.943
79.8	428.024
79.9	428.104
80	428.185
80.1	428.266
80.2	428.346
80.3	428.426
80.4	428.507
80.5	428.587
80.6	428.667
80.7	428.747
80.8	428.827
80.9	428.907
81	428.987
81.1	429.067
81.2	429.147
81.3	429.226
81.4	429.306
81.5	429.386
81.6	429.465
81.7	429.545
81.8	429.624
81.9	429.703
82	429.782
82.1	429.862
82.2	429.941
82.3	430.02
82.4	430.099
82.5	430.177
82.6	430.256
82.7	430.335
82.8	430.414
82.9	430.492
83	430.571
83.1	430.649
83.2	430.727
83.3	430.806
83.4	430.884
83.5	430.962
83.6	431.04
83.7	431.118
83.8	431.196
83.9	431.274
84	431.352
84.1	431.43
84.2	431.508
84.3	431.585
84.4	431.663
84.5	431.74
84.6	431.818
84.7	431.895
84.8	431.973
84.9	432.05
85	432.127
85.1	432.204
85.2	432.281
85.3	432.358
85.4	432.435
85.5	432.512
85.6	432.589
85.7	432.666
85.8	432.742
85.9	432.819
86	432.895
86.1	432.972
86.2	433.048
86.3	433.125
86.4	433.201
86.5	433.277
86.6	433.353
86.7	433.429
86.8	433.505
86.9	433.581
87	433.657
87.1	433.733
87.2	433.809
87.3	433.885
87.4	433.96
87.5	434.036
87.6	434.112
87.7	434.187
87.8	434.262
87.9	434.338
88	434.413
88.1	434.488
88.2	434.563
88.3	434.639
88.4	434.714
88.5	434.789
88.6	434.864
88.7	434.938
88.8	435.013
88.9	435.088
89	435.163
89.1	435.237
89.2	435.312
89.3	435.386
89.4	435.461
89.5	435.535
89.6	435.609
89.7	435.684
89.8	435.758
89.9	435.832
90	435.906
90.1	435.98
90.2	436.054
90.3	436.128
90.4	436.202
90.5	436.276
90.6	436.349
90.7	436.423
90.8	436.497
90.9	436.57
91	436.644
91.1	436.717
91.2	436.79
91.3	436.864
91.4	436.937
91.5	437.01
91.6	437.083
91.7	437.156
91.8	437.229
91.9	437.302
92	437.375
92.1	437.448
92.2	437.521
92.3	437.594
92.4	437.666
92.5	437.739
92.6	437.811
92.7	437.884
92.8	437.956
92.9	438.029
93	438.101
93.1	438.173
93.2	438.246
93.3	438.318
93.4	438.39
93.5	438.462
93.6	438.534
93.7	438.606
93.8	438.678
93.9	438.75
94	438.821
94.1	438.893
94.2	438.965
94.3	439.036
94.4	439.108
94.5	439.179
94.6	439.251
94.7	439.322
94.8	439.394
94.9	439.465
95	439.536
95.1	439.607
95.2	439.678
95.3	439.749
95.4	439.82
95.5	439.891
95.6	439.962
95.7	440.033
95.8	440.104
95.9	440.175
96	440.245
96.1	440.316
96.2	440.387
96.3	440.457
96.4	440.528
96.5	440.598
96.6	440.668
96.7	440.739
96.8	440.809
96.9	440.879
97	440.949
97.1	441.019
97.2	441.089
97.3	441.159
97.4	441.229
97.5	441.299
97.6	441.369
97.7	441.439
97.8	441.509
97.9	441.578
98	441.648
98.1	441.717
98.2	441.787
98.3	441.856
98.4	441.926
98.5	441.995
98.6	442.065
98.7	442.134
98.8	442.203
98.9	442.272
99	442.341
99.1	442.41
99.2	442.479
99.3	442.548
99.4	442.617
99.5	442.686
99.6	442.755
99.7	442.824
99.8	442.892
99.9	442.961
100	443.03
100.1	443.098
100.2	443.167
100.3	443.235
100.4	443.304
100.5	443.372
100.6	443.44
100.7	443.508
100.8	443.577
100.9	443.645
101	443.713
101.1	443.781
101.2	443.849
101.3	443.917
101.4	443.985
101.5	444.053
101.6	444.121
101.7	444.188
101.8	444.256
101.9	444.324
102	444.391
102.1	444.459
102.2	444.526
102.3	444.594
102.4	444.661
102.5	444.729
102.6	444.796
102.7	444.863
102.8	444.93
102.9	444.998
103	445.065
103.1	445.132
103.2	445.199
103.3	445.266
103.4	445.333
103.5	445.4
103.6	445.467
103.7	445.533
103.8	445.6
103.9	445.667
104	445.734
104.1	445.8
104.2	445.867
104.3	445.933
104.4	446
104.5	446.066
104.6	446.132
104.7	446.199
104.8	446.265
104.9	446.331
105	446.398
105.1	446.464
105.2	446.53
105.3	446.596
105.4	446.662
105.5	446.728
105.6	446.794
105.7	446.86
105.8	446.925
105.9	446.991
106	447.057
106.1	447.123
106.2	447.188
106.3	447.254
106.4	447.319
106.5	447.385
106.6	447.45
106.7	447.516
106.8	447.581
106.9	447.646
107	447.712
107.1	447.777
107.2	447.842
107.3	447.907
107.4	447.972
107.5	448.037
107.6	448.102
107.7	448.167
107.8	448.232
107.9	448.297
108	448.362
108.1	448.427
108.2	448.492
108.3	448.556
108.4	448.621
108.5	448.686
108.6	448.75
108.7	448.815
108.8	448.879
108.9	448.944
109	449.008
109.1	449.072
109.2	449.137
109.3	449.201
109.4	449.265
109.5	449.329
109.6	449.393
109.7	449.457
109.8	449.522
109.9	449.586
110	449.649
110.1	449.713
110.2	449.777
110.3	449.841
110.4	449.905
110.5	449.969
110.6	450.032
110.7	450.096
110.8	450.16
110.9	450.223
111	450.287
111.1	450.35
111.2	450.414
111.3	450.477
111.4	450.54
111.5	450.604
111.6	450.667
111.7	450.73
111.8	450.793
111.9	450.857
112	450.92
112.1	450.983
112.2	451.046
112.3	451.109
112.4	451.172
112.5	451.235
112.6	451.297
112.7	451.36
112.8	451.423
112.9	451.486
113	451.549
113.1	451.611
113.2	451.674
113.3	451.736
113.4	451.799
113.5	451.861
113.6	451.924
113.7	451.986
113.8	452.049
113.9	452.111
114	452.173
114.1	452.236
114.2	452.298
114.3	452.36
114.4	452.422
114.5	452.484
114.6	452.546
114.7	452.608
114.8	452.67
114.9	452.732
115	452.794
115.1	452.856
115.2	452.918
115.3	452.979
115.4	453.041
115.5	453.103
115.6	453.164
115.7	453.226
115.8	453.288
115.9	453.349
116	453.411
116.1	453.472
116.2	453.533
116.3	453.595
116.4	453.656
116.5	453.717
116.6	453.779
116.7	453.84
116.8	453.901
116.9	453.962
117	454.023
117.1	454.084
117.2	454.145
117.3	454.206
117.4	454.267
117.5	454.328
117.6	454.389
117.7	454.45
117.8	454.511
117.9	454.572
118	454.632
118.1	454.693
118.2	454.754
118.3	454.814
118.4	454.875
118.5	454.935
118.6	454.996
118.7	455.056
118.8	455.117
118.9	455.177
119	455.237
119.1	455.298
119.2	455.358
119.3	455.418
119.4	455.478
119.5	455.538
119.6	455.599
119.7	455.659
119.8	455.719
119.9	455.779
120	455.839
120.1	455.899
120.2	455.958
120.3	456.018
120.4	456.078
120.5	456.138
120.6	456.198
120.7	456.257
120.8	456.317
120.9	456.377
121	456.436
121.1	456.496
121.2	456.555
121.3	456.615
121.4	456.674
121.5	456.734
121.6	456.793
121.7	456.852
121.8	456.912
121.9	456.971
122	457.03
122.1	457.089
122.2	457.148
122.3	457.208
122.4	457.267
122.5	457.326
122.6	457.385
122.7	457.444
122.8	457.503
122.9	457.561
123	457.62
123.1	457.679
123.2	457.738
123.3	457.797
123.4	457.855
123.5	457.914
123.6	457.973
123.7	458.031
123.8	458.09
123.9	458.149
124	458.207
124.1	458.266
124.2	458.324
124.3	458.382
124.4	458.441
124.5	458.499
124.6	458.557
124.7	458.616
124.8	458.674
124.9	458.732
125	458.79
125.1	458.848
125.2	458.906
125.3	458.965
125.4	459.023
125.5	459.081
125.6	459.139
125.7	459.196
125.8	459.254
125.9	459.312
126	459.37
126.1	459.428
126.2	459.486
126.3	459.543
126.4	459.601
126.5	459.659
126.6	459.716
126.7	459.774
126.8	459.831
126.9	459.889
127	459.946
127.1	460.004
127.2	460.061
127.3	460.119
127.4	460.176
127.5	460.233
127.6	460.29
127.7	460.348
127.8	460.405
127.9	460.462
128	460.519
128.1	460.576
128.2	460.633
128.3	460.69
128.4	460.747
128.5	460.804
128.6	460.861
128.7	460.918
128.8	460.975
128.9	461.032
129	461.089
129.1	461.146
129.2	461.202
129.3	461.259
129.4	461.316
129.5	461.372
129.6	461.429
129.7	461.486
129.8	461.542
129.9	461.599
130	461.655
130.1	461.712
130.2	461.768
130.3	461.824
130.4	461.881
130.5	461.937
130.6	461.993
130.7	462.05
130.8	462.106
130.9	462.162
131	462.218
131.1	462.274
131.2	462.33
131.3	462.386
131.4	462.442
131.5	462.498
131.6	462.554
131.7	462.61
131.8	462.666
131.9	462.722
132	462.778
132.1	462.834
132.2	462.89
132.3	462.945
132.4	463.001
132.5	463.057
132.6	463.112
132.7	463.168
132.8	463.223
132.9	463.279
133	463.335
133.1	463.39
133.2	463.446
133.3	463.501
133.4	463.556
133.5	463.612
133.6	463.667
133.7	463.722
133.8	463.778
133.9	463.833
134	463.888
134.1	463.943
134.2	463.998
134.3	464.054
134.4	464.109
134.5	464.164
134.6	464.219
134.7	464.274
134.8	464.329
134.9	464.384
135	464.439
135.1	464.493
135.2	464.548
135.3	464.603
135.4	464.658
135.5	464.713
135.6	464.767
135.7	464.822
135.8	464.877
135.9	464.931
136	464.986
136.1	465.041
136.2	465.095
136.3	465.15
136.4	465.204
136.5	465.258
136.6	465.313
136.7	465.367
136.8	465.422
136.9	465.476
137	465.53
137.1	465.585
137.2	465.639
137.3	465.693
137.4	465.747
137.5	465.801
137.6	465.856
137.7	465.91
137.8	465.964
137.9	466.018
138	466.072
138.1	466.126
138.2	466.18
138.3	466.234
138.4	466.287
138.5	466.341
138.6	466.395
138.7	466.449
138.8	466.503
138.9	466.556
139	466.61
139.1	466.664
139.2	466.718
139.3	466.771
139.4	466.825
139.5	466.878
139.6	466.932
139.7	466.985
139.8	467.039
139.9	467.092
140	467.146
140.1	467.199
140.2	467.252
140.3	467.306
140.4	467.359
140.5	467.412
140.6	467.466
140.7	467.519
140.8	467.572
140.9	467.625
141	467.678
141.1	467.732
141.2	467.785
141.3	467.838
141.4	467.891
141.5	467.944
141.6	467.997
141.7	468.05
141.8	468.103
141.9	468.155
142	468.208
142.1	468.261
142.2	468.314
142.3	468.367
142.4	468.419
142.5	468.472
142.6	468.525
142.7	468.577
142.8	468.63
142.9	468.683
143	468.735
143.1	468.788
143.2	468.84
143.3	468.893
143.4	468.945
143.5	468.998
143.6	469.05
143.7	469.103
143.8	469.155
143.9	469.207
144	469.26
144.1	469.312
144.2	469.364
144.3	469.416
144.4	469.469
144.5	469.521
144.6	469.573
144.7	469.625
144.8	469.677
144.9	469.729
145	469.781
145.1	469.833
145.2	469.885
145.3	469.937
145.4	469.989
145.5	470.041
145.6	470.093
145.7	470.145
145.8	470.196
145.9	470.248
146	470.3
146.1	470.352
146.2	470.403
146.3	470.455
146.4	470.507
146.5	470.558
146.6	470.61
146.7	470.662
146.8	470.713
146.9	470.765
147	470.816
147.1	470.868
147.2	470.919
147.3	470.971
147.4	471.022
147.5	471.073
147.6	471.125
147.7	471.176
147.8	471.227
147.9	471.278
148	471.33
148.1	471.381
148.2	471.432
148.3	471.483
148.4	471.534
148.5	471.586
148.6	471.637
148.7	471.688
148.8	471.739
148.9	471.79
149	471.841
149.1	471.892
149.2	471.943
149.3	471.993
149.4	472.044
149.5	472.095
149.6	472.146
149.7	472.197
149.8	472.248
149.9	472.298
150	472.349
150.1	472.4
150.2	472.45
150.3	472.501
150.4	472.552
150.5	472.602
150.6	472.653
150.7	472.703
150.8	472.754
150.9	472.804
151	472.855
151.1	472.905
151.2	472.956
151.3	473.006
151.4	473.056
151.5	473.107
151.6	473.157
151.7	473.207
151.8	473.258
151.9	473.308
152	473.358
152.1	473.408
152.2	473.458
152.3	473.509
152.4	473.559
152.5	473.609
152.6	473.659
152.7	473.709
152.8	473.759
152.9	473.809
153	473.859
153.1	473.909
153.2	473.959
153.3	474.009
153.4	474.058
153.5	474.108
153.6	474.158
153.7	474.208
153.8	474.258
153.9	474.307
154	474.357
154.1	474.407
154.2	474.456
154.3	474.506
154.4	474.556
154.5	474.605
154.6	474.655
154.7	474.704
154.8	474.754
154.9	474.804
155	474.853
155.1	474.902
155.2	474.952
155.3	475.001
155.4	475.051
155.5	475.1
155.6	475.149
155.7	475.199
155.8	475.248
155.9	475.297
156	475.346
156.1	475.396
156.2	475.445
156.3	475.494
156.4	475.543
156.5	475.592
156.6	475.641
156.7	475.69
156.8	475.74
156.9	475.789
157	475.838
157.1	475.887
157.2	475.935
157.3	475.984
157.4	476.033
157.5	476.082
157.6	476.131
157.7	476.18
157.8	476.229
157.9	476.277
158	476.326
158.1	476.375
158.2	476.424
158.3	476.472
158.4	476.521
158.5	476.57
158.6	476.618
158.7	476.667
158.8	476.716
158.9	476.764
159	476.813
159.1	476.861
159.2	476.91
159.3	476.958
159.4	477.007
159.5	477.055
159.6	477.103
159.7	477.152
159.8	477.2
159.9	477.248
160	477.297
160.1	477.345
160.2	477.393
160.3	477.441
160.4	477.49
160.5	477.538
160.6	477.586
160.7	477.634
160.8	477.682
160.9	477.73
161	477.778
161.1	477.827
161.2	477.875
161.3	477.923
161.4	477.971
161.5	478.018
161.6	478.066
161.7	478.114
161.8	478.162
161.9	478.21
162	478.258
162.1	478.306
162.2	478.354
162.3	478.401
162.4	478.449
162.5	478.497
162.6	478.545
162.7	478.592
162.8	478.64
162.9	478.688
163	478.735
163.1	478.783
163.2	478.83
163.3	478.878
163.4	478.926
163.5	478.973
163.6	479.021
163.7	479.068
163.8	479.115
163.9	479.163
164	479.21
164.1	479.258
164.2	479.305
164.3	479.352
164.4	479.4
164.5	479.447
164.6	479.494
164.7	479.542
164.8	479.589
164.9	479.636
165	479.683
165.1	479.73
165.2	479.778
165.3	479.825
165.4	479.872
165.5	479.919
165.6	479.966
165.7	480.013
165.8	480.06
165.9	480.107
166	480.154
166.1	480.201
166.2	480.248
166.3	480.295
166.4	480.342
166.5	480.388
166.6	480.435
166.7	480.482
166.8	480.529
166.9	480.576
167	480.622
167.1	480.669
167.2	480.716
167.3	480.763
167.4	480.809
167.5	480.856
167.6	480.903
167.7	480.949
167.8	480.996
167.9	481.042
168	481.089
168.1	481.135
168.2	481.182
168.3	481.228
168.4	481.275
168.5	481.321
168.6	481.368
168.7	481.414
168.8	481.461
168.9	481.507
169	481.553
169.1	481.6
169.2	481.646
169.3	481.692
169.4	481.738
169.5	481.785
169.6	481.831
169.7	481.877
169.8	481.923
169.9	481.969
170	482.016
170.1	482.062
170.2	482.108
170.3	482.154
170.4	482.2
170.5	482.246
170.6	482.292
170.7	482.338
170.8	482.384
170.9	482.43
171	482.476
171.1	482.522
171.2	482.568
171.3	482.613
171.4	482.659
171.5	482.705
171.6	482.751
171.7	482.797
171.8	482.842
171.9	482.888
172	482.934
172.1	482.98
172.2	483.025
172.3	483.071
172.4	483.117
172.5	483.162
172.6	483.208
172.7	483.253
172.8	483.299
172.9	483.345
173	483.39
173.1	483.436
173.2	483.481
173.3	483.527
173.4	483.572
173.5	483.617
173.6	483.663
173.7	483.708
173.8	483.754
173.9	483.799
174	483.844
174.1	483.89
174.2	483.935
174.3	483.98
174.4	484.025
174.5	484.071
174.6	484.116
174.7	484.161
174.8	484.206
174.9	484.251
175	484.296
175.1	484.341
175.2	484.387
175.3	484.432
175.4	484.477
175.5	484.522
175.6	484.567
175.7	484.612
175.8	484.657
175.9	484.702
176	484.747
176.1	484.791
176.2	484.836
176.3	484.881
176.4	484.926
176.5	484.971
176.6	485.016
176.7	485.061
176.8	485.105
176.9	485.15
177	485.195
177.1	485.24
177.2	485.284
177.3	485.329
177.4	485.374
177.5	485.418
177.6	485.463
177.7	485.507
177.8	485.552
177.9	485.597
178	485.641
178.1	485.686
178.2	485.73
178.3	485.775
178.4	485.819
178.5	485.864
178.6	485.908
178.7	485.953
178.8	485.997
178.9	486.041
179	486.086
179.1	486.13
179.2	486.174
179.3	486.219
179.4	486.263
179.5	486.307
179.6	486.351
179.7	486.396
179.8	486.44
179.9	486.484
180	486.528
180.1	486.572
180.2	486.616
180.3	486.661
180.4	486.705
180.5	486.749
180.6	486.793
180.7	486.837
180.8	486.881
180.9	486.925
181	486.969
181.1	487.013
181.2	487.057
181.3	487.101
181.4	487.145
181.5	487.189
181.6	487.232
181.7	487.276
181.8	487.32
181.9	487.364
182	487.408
182.1	487.452
182.2	487.495
182.3	487.539
182.4	487.583
182.5	487.626
182.6	487.67
182.7	487.714
182.8	487.758
182.9	487.801
183	487.845
183.1	487.888
183.2	487.932
183.3	487.976
183.4	488.019
183.5	488.063
183.6	488.106
183.7	488.15
183.8	488.193
183.9	488.237
184	488.28
184.1	488.323
184.2	488.367
184.3	488.41
184.4	488.454
184.5	488.497
184.6	488.54
184.7	488.584
184.8	488.627
184.9	488.67
185	488.713
185.1	488.757
185.2	488.8
185.3	488.843
185.4	488.886
185.5	488.929
185.6	488.973
185.7	489.016
185.8	489.059
185.9	489.102
186	489.145
186.1	489.188
186.2	489.231
186.3	489.274
186.4	489.317
186.5	489.36
186.6	489.403
186.7	489.446
186.8	489.489
186.9	489.532
187	489.575
187.1	489.618
187.2	489.661
187.3	489.704
187.4	489.746
187.5	489.789
187.6	489.832
187.7	489.875
187.8	489.918
187.9	489.96
188	490.003
188.1	490.046
188.2	490.088
188.3	490.131
188.4	490.174
188.5	490.216
188.6	490.259
188.7	490.302
188.8	490.344
188.9	490.387
189	490.429
189.1	490.472
189.2	490.514
189.3	490.557
189.4	490.599
189.5	490.642
189.6	490.684
189.7	490.727
189.8	490.769
189.9	490.812
190	490.854
190.1	490.896
190.2	490.939
190.3	490.981
190.4	491.023
190.5	491.066
190.6	491.108
190.7	491.15
190.8	491.193
190.9	491.235
191	491.277
191.1	491.319
191.2	491.361
191.3	491.404
191.4	491.446
191.5	491.488
191.6	491.53
191.7	491.572
191.8	491.614
191.9	491.656
192	491.698
192.1	491.74
192.2	491.782
192.3	491.824
192.4	491.866
192.5	491.908
192.6	491.95
192.7	491.992
192.8	492.034
192.9	492.076
193	492.118
193.1	492.16
193.2	492.202
193.3	492.244
193.4	492.285
193.5	492.327
193.6	492.369
193.7	492.411
193.8	492.452
193.9	492.494
194	492.536
194.1	492.578
194.2	492.619
194.3	492.661
194.4	492.703
194.5	492.744
194.6	492.786
194.7	492.828
194.8	492.869
194.9	492.911
195	492.952
195.1	492.994
195.2	493.035
195.3	493.077
195.4	493.118
195.5	493.16
195.6	493.201
195.7	493.243
195.8	493.284
195.9	493.326
196	493.367
196.1	493.408
196.2	493.45
196.3	493.491
196.4	493.532
196.5	493.574
196.6	493.615
196.7	493.656
196.8	493.698
196.9	493.739
197	493.78
197.1	493.821
197.2	493.862
197.3	493.904
197.4	493.945
197.5	493.986
197.6	494.027
197.7	494.068
197.8	494.109
197.9	494.15
198	494.192
198.1	494.233
198.2	494.274
198.3	494.315
198.4	494.356
198.5	494.397
198.6	494.438
198.7	494.479
198.8	494.52
198.9	494.561
199	494.601
199.1	494.642
199.2	494.683
199.3	494.724
199.4	494.765
199.5	494.806
199.6	494.847
199.7	494.887
199.8	494.928
199.9	494.969
200	495.01
200.1	495.051
200.2	495.091
200.3	495.132
200.4	495.173
200.5	495.213
200.6	495.254
200.7	495.295
200.8	495.335
200.9	495.376
201	495.417
201.1	495.457
201.2	495.498
201.3	495.538
201.4	495.579
201.5	495.619
201.6	495.66
201.7	495.7
201.8	495.741
201.9	495.781
202	495.822
202.1	495.862
202.2	495.903
202.3	495.943
202.4	495.984
202.5	496.024
202.6	496.064
202.7	496.105
202.8	496.145
202.9	496.185
203	496.226
203.1	496.266
203.2	496.306
203.3	496.346
203.4	496.387
203.5	496.427
203.6	496.467
203.7	496.507
203.8	496.547
203.9	496.588
204	496.628
204.1	496.668
204.2	496.708
204.3	496.748
204.4	496.788
204.5	496.828
204.6	496.868
204.7	496.908
204.8	496.948
204.9	496.988
205	497.028
205.1	497.068
205.2	497.108
205.3	497.148
205.4	497.188
205.5	497.228
205.6	497.268
205.7	497.308
205.8	497.348
205.9	497.388
206	497.428
206.1	497.468
206.2	497.507
206.3	497.547
206.4	497.587
206.5	497.627
206.6	497.667
206.7	497.706
206.8	497.746
206.9	497.786
207	497.825
207.1	497.865
207.2	497.905
207.3	497.944
207.4	497.984
207.5	498.024
207.6	498.063
207.7	498.103
207.8	498.143
207.9	498.182
208	498.222
208.1	498.261
208.2	498.301
208.3	498.34
208.4	498.38
208.5	498.419
208.6	498.459
208.7	498.498
208.8	498.538
208.9	498.577
209	498.617
209.1	498.656
209.2	498.695
209.3	498.735
209.4	498.774
209.5	498.813
209.6	498.853
209.7	498.892
209.8	498.931
209.9	498.971
210	499.01
210.1	499.049
210.2	499.088
210.3	499.128
210.4	499.167
210.5	499.206
210.6	499.245
210.7	499.284
210.8	499.324
210.9	499.363
211	499.402
211.1	499.441
211.2	499.48
211.3	499.519
211.4	499.558
211.5	499.597
211.6	499.636
211.7	499.675
211.8	499.714
211.9	499.753
212	499.792
212.1	499.831
212.2	499.87
212.3	499.909
212.4	499.948
212.5	499.987
212.6	500.026
212.7	500.065
212.8	500.104
212.9	500.143
213	500.182
213.1	500.22
213.2	500.259
213.3	500.298
213.4	500.337
213.5	500.376
213.6	500.414
213.7	500.453
213.8	500.492
213.9	500.531
214	500.569
214.1	500.608
214.2	500.647
214.3	500.685
214.4	500.724
214.5	500.763
214.6	500.801
214.7	500.84
214.8	500.878
214.9	500.917
215	500.956
215.1	500.994
215.2	501.033
215.3	501.071
215.4	501.11
215.5	501.148
215.6	501.187
215.7	501.225
215.8	501.264
215.9	501.302
216	501.341
216.1	501.379
216.2	501.417
216.3	501.456
216.4	501.494
216.5	501.533
216.6	501.571
216.7	501.609
216.8	501.648
216.9	501.686
217	501.724
217.1	501.763
217.2	501.801
217.3	501.839
217.4	501.877
217.5	501.916
217.6	501.954
217.7	501.992
217.8	502.03
217.9	502.068
218	502.107
218.1	502.145
218.2	502.183
218.3	502.221
218.4	502.259
218.5	502.297
218.6	502.335
218.7	502.373
218.8	502.411
218.9	502.449
219	502.487
219.1	502.525
219.2	502.563
219.3	502.601
219.4	502.639
219.5	502.677
219.6	502.715
219.7	502.753
219.8	502.791
219.9	502.829
220	502.867
220.1	502.905
220.2	502.943
220.3	502.981
220.4	503.019
220.5	503.056
220.6	503.094
220.7	503.132
220.8	503.17
220.9	503.208
221	503.245
221.1	503.283
221.2	503.321
221.3	503.359
221.4	503.396
221.5	503.434
221.6	503.472
221.7	503.509
221.8	503.547
221.9	503.585
222	503.622
222.1	503.66
222.2	503.698
222.3	503.735
222.4	503.773
222.5	503.81
222.6	503.848
222.7	503.885
222.8	503.923
222.9	503.961
223	503.998
223.1	504.036
223.2	504.073
223.3	504.111
223.4	504.148
223.5	504.185
223.6	504.223
223.7	504.26
223.8	504.298
223.9	504.335
224	504.372
224.1	504.41
224.2	504.447
224.3	504.485
224.4	504.522
224.5	504.559
224.6	504.596
224.7	504.634
224.8	504.671
224.9	504.708
225	504.746
225.1	504.783
225.2	504.82
225.3	504.857
225.4	504.894
225.5	504.932
225.6	504.969
225.7	505.006
225.8	505.043
225.9	505.08
226	505.117
226.1	505.155
226.2	505.192
226.3	505.229
226.4	505.266
226.5	505.303
226.6	505.34
226.7	505.377
226.8	505.414
226.9	505.451
227	505.488
227.1	505.525
227.2	505.562
227.3	505.599
227.4	505.636
227.5	505.673
227.6	505.71
227.7	505.747
227.8	505.784
227.9	505.821
228	505.857
228.1	505.894
228.2	505.931
228.3	505.968
228.4	506.005
228.5	506.042
228.6	506.078
228.7	506.115
228.8	506.152
228.9	506.189
229	506.226
229.1	506.262
229.2	506.299
229.3	506.336
229.4	506.372
229.5	506.409
229.6	506.446
229.7	506.483
229.8	506.519
229.9	506.556
230	506.592
230.1	506.629
230.2	506.666
230.3	506.702
230.4	506.739
230.5	506.775
230.6	506.812
230.7	506.849
230.8	506.885
230.9	506.922
231	506.958
231.1	506.995
231.2	507.031
231.3	507.068
231.4	507.104
231.5	507.141
231.6	507.177
231.7	507.213
231.8	507.25
231.9	507.286
232	507.323
232.1	507.359
232.2	507.395
232.3	507.432
232.4	507.468
232.5	507.504
232.6	507.541
232.7	507.577
232.8	507.613
232.9	507.65
233	507.686
233.1	507.722
233.2	507.758
233.3	507.795
233.4	507.831
233.5	507.867
233.6	507.903
233.7	507.939
233.8	507.976
233.9	508.012
234	508.048
234.1	508.084
234.2	508.12
234.3	508.156
234.4	508.192
234.5	508.229
234.6	508.265
234.7	508.301
234.8	508.337
234.9	508.373
235	508.409
235.1	508.445
235.2	508.481
235.3	508.517
235.4	508.553
235.5	508.589
235.6	508.625
235.7	508.661
235.8	508.697
235.9	508.733
236	508.769
236.1	508.804
236.2	508.84
236.3	508.876
236.4	508.912
236.5	508.948
236.6	508.984
236.7	509.02
236.8	509.055
236.9	509.091
237	509.127
237.1	509.163
237.2	509.199
237.3	509.234
237.4	509.27
237.5	509.306
237.6	509.342
237.7	509.377
237.8	509.413
237.9	509.449
238	509.485
238.1	509.52
238.2	509.556
238.3	509.592
238.4	509.627
238.5	509.663
238.6	509.698
238.7	509.734
238.8	509.77
238.9	509.805
239	509.841
239.1	509.876
239.2	509.912
239.3	509.947
239.4	509.983
239.5	510.018
239.6	510.054
239.7	510.089
239.8	510.125
239.9	510.16
240	510.196
240.1	510.231
240.2	510.267
240.3	510.302
240.4	510.338
240.5	510.373
240.6	510.408
240.7	510.444
240.8	510.479
240.9	510.515
241	510.55
241.1	510.585
241.2	510.621
241.3	510.656
241.4	510.691
241.5	510.726
241.6	510.762
241.7	510.797
241.8	510.832
241.9	510.867
242	510.903
242.1	510.938
242.2	510.973
242.3	511.008
242.4	511.044
242.5	511.079
242.6	511.114
242.7	511.149
242.8	511.184
242.9	511.219
243	511.254
243.1	511.29
243.2	511.325
243.3	511.36
243.4	511.395
243.5	511.43
243.6	511.465
243.7	511.5
243.8	511.535
243.9	511.57
244	511.605
244.1	511.64
244.2	511.675
244.3	511.71
244.4	511.745
244.5	511.78
244.6	511.815
244.7	511.85
244.8	511.885
244.9	511.92
245	511.955
245.1	511.99
245.2	512.024
245.3	512.059
245.4	512.094
245.5	512.129
245.6	512.164
245.7	512.199
245.8	512.233
245.9	512.268
246	512.303
246.1	512.338
246.2	512.373
246.3	512.407
246.4	512.442
246.5	512.477
246.6	512.512
246.7	512.546
246.8	512.581
246.9	512.616
247	512.65
247.1	512.685
247.2	512.72
247.3	512.754
247.4	512.789
247.5	512.824
247.6	512.858
247.7	512.893
247.8	512.928
247.9	512.962
248	512.997
248.1	513.031
248.2	513.066
248.3	513.1
248.4	513.135
248.5	513.169
248.6	513.204
248.7	513.239
248.8	513.273
248.9	513.307
249	513.342
249.1	513.376
249.2	513.411
249.3	513.445
249.4	513.48
249.5	513.514
249.6	513.549
249.7	513.583
249.8	513.617
249.9	513.652
250	513.686
250.1	513.72
250.2	513.755
250.3	513.789
250.4	513.823
250.5	513.858
250.6	513.892
250.7	513.926
250.8	513.961
250.9	513.995
251	514.029
251.1	514.063
251.2	514.098
251.3	514.132
251.4	514.166
251.5	514.2
251.6	514.235
251.7	514.269
251.8	514.303
251.9	514.337
252	514.371
252.1	514.405
252.2	514.44
252.3	514.474
252.4	514.508
252.5	514.542
252.6	514.576
252.7	514.61
252.8	514.644
252.9	514.678
253	514.712
253.1	514.746
253.2	514.78
253.3	514.814
253.4	514.848
253.5	514.882
253.6	514.916
253.7	514.95
253.8	514.984
253.9	515.018
254	515.052
254.1	515.086
254.2	515.12
254.3	515.154
254.4	515.188
254.5	515.222
254.6	515.256
254.7	515.29
254.8	515.324
254.9	515.357
255	515.391
255.1	515.425
255.2	515.459
255.3	515.493
255.4	515.527
255.5	515.56
255.6	515.594
255.7	515.628
255.8	515.662
255.9	515.695
256	515.729
256.1	515.763
256.2	515.797
256.3	515.83
256.4	515.864
256.5	515.898
256.6	515.932
256.7	515.965
256.8	515.999
256.9	516.033
257	516.066
257.1	516.1
257.2	516.133
257.3	516.167
257.4	516.201
257.5	516.234
257.6	516.268
257.7	516.301
257.8	516.335
257.9	516.369
258	516.402
258.1	516.436
258.2	516.469
258.3	516.503
258.4	516.536
258.5	516.57
258.6	516.603
258.7	516.637
258.8	516.67
258.9	516.704
259	516.737
259.1	516.771
259.2	516.804
259.3	516.837
259.4	516.871
259.5	516.904
259.6	516.938
259.7	516.971
259.8	517.004
259.9	517.038
260	517.071
260.1	517.104
260.2	517.138
260.3	517.171
260.4	517.204
260.5	517.238
260.6	517.271
260.7	517.304
260.8	517.337
260.9	517.371
261	517.404
261.1	517.437
261.2	517.47
261.3	517.504
261.4	517.537
261.5	517.57
261.6	517.603
261.7	517.636
261.8	517.67
261.9	517.703
262	517.736
262.1	517.769
262.2	517.802
262.3	517.835
262.4	517.869
262.5	517.902
262.6	517.935
262.7	517.968
262.8	518.001
262.9	518.034
263	518.067
263.1	518.1
263.2	518.133
263.3	518.166
263.4	518.199
263.5	518.232
263.6	518.265
263.7	518.298
263.8	518.331
263.9	518.364
264	518.397
264.1	518.43
264.2	518.463
264.3	518.496
264.4	518.529
264.5	518.562
264.6	518.595
264.7	518.628
264.8	518.66
264.9	518.693
265	518.726
265.1	518.759
265.2	518.792
265.3	518.825
265.4	518.858
265.5	518.89
265.6	518.923
265.7	518.956
265.8	518.989
265.9	519.022
266	519.054
266.1	519.087
266.2	519.12
266.3	519.153
266.4	519.185
266.5	519.218
266.6	519.251
266.7	519.283
266.8	519.316
266.9	519.349
267	519.382
267.1	519.414
267.2	519.447
267.3	519.48
267.4	519.512
267.5	519.545
267.6	519.577
267.7	519.61
267.8	519.643
267.9	519.675
268	519.708
268.1	519.74
268.2	519.773
268.3	519.806
268.4	519.838
268.5	519.871
268.6	519.903
268.7	519.936
268.8	519.968
268.9	520.001
269	520.033
269.1	520.066
269.2	520.098
269.3	520.131
269.4	520.163
269.5	520.195
269.6	520.228
269.7	520.26
269.8	520.293
269.9	520.325
270	520.358
270.1	520.39
270.2	520.422
270.3	520.455
270.4	520.487
270.5	520.519
270.6	520.552
270.7	520.584
270.8	520.616
270.9	520.649
271	520.681
271.1	520.713
271.2	520.746
271.3	520.778
271.4	520.81
271.5	520.842
271.6	520.875
271.7	520.907
271.8	520.939
271.9	520.971
272	521.004
272.1	521.036
272.2	521.068
272.3	521.1
272.4	521.132
272.5	521.165
272.6	521.197
272.7	521.229
272.8	521.261
272.9	521.293
273	521.325
273.1	521.357
273.2	521.39
273.3	521.422
273.4	521.454
273.5	521.486
273.6	521.518
273.7	521.55
273.8	521.582
273.9	521.614
274	521.646
274.1	521.678
274.2	521.71
274.3	521.742
274.4	521.774
274.5	521.806
274.6	521.838
274.7	521.87
274.8	521.902
274.9	521.934
275	521.966
275.1	521.998
275.2	522.03
275.3	522.062
275.4	522.094
275.5	522.126
275.6	522.157
275.7	522.189
275.8	522.221
275.9	522.253
276	522.285
276.1	522.317
276.2	522.349
276.3	522.381
276.4	522.412
276.5	522.444
276.6	522.476
276.7	522.508
276.8	522.54
276.9	522.571
277	522.603
277.1	522.635
277.2	522.667
277.3	522.698
277.4	522.73
277.5	522.762
277.6	522.794
277.7	522.825
277.8	522.857
277.9	522.889
278	522.92
278.1	522.952
278.2	522.984
278.3	523.015
278.4	523.047
278.5	523.079
278.6	523.11
278.7	523.142
278.8	523.173
278.9	523.205
279	523.237
279.1	523.268
279.2	523.3
279.3	523.331
279.4	523.363
279.5	523.395
279.6	523.426
279.7	523.458
279.8	523.489
279.9	523.521
280	523.552
280.1	523.584
280.2	523.615
280.3	523.647
280.4	523.678
280.5	523.71
280.6	523.741
280.7	523.772
280.8	523.804
280.9	523.835
281	523.867
281.1	523.898
281.2	523.93
281.3	523.961
281.4	523.992
281.5	524.024
281.6	524.055
281.7	524.086
281.8	524.118
281.9	524.149
282	524.181
282.1	524.212
282.2	524.243
282.3	524.274
282.4	524.306
282.5	524.337
282.6	524.368
282.7	524.4
282.8	524.431
282.9	524.462
283	524.493
283.1	524.525
283.2	524.556
283.3	524.587
283.4	524.618
283.5	524.65
283.6	524.681
283.7	524.712
283.8	524.743
283.9	524.774
284	524.806
284.1	524.837
284.2	524.868
284.3	524.899
284.4	524.93
284.5	524.961
284.6	524.992
284.7	525.023
284.8	525.055
284.9	525.086
285	525.117
285.1	525.148
285.2	525.179
285.3	525.21
285.4	525.241
285.5	525.272
285.6	525.303
285.7	525.334
285.8	525.365
285.9	525.396
286	525.427
286.1	525.458
286.2	525.489
286.3	525.52
286.4	525.551
286.5	525.582
286.6	525.613
286.7	525.644
286.8	525.675
286.9	525.706
287	525.737
287.1	525.768
287.2	525.798
287.3	525.829
287.4	525.86
287.5	525.891
287.6	525.922
287.7	525.953
287.8	525.984
287.9	526.015
288	526.045
288.1	526.076
288.2	526.107
288.3	526.138
288.4	526.169
288.5	526.199
288.6	526.23
288.7	526.261
288.8	526.292
288.9	526.323
289	526.353
289.1	526.384
289.2	526.415
289.3	526.446
289.4	526.476
289.5	526.507
289.6	526.538
289.7	526.568
289.8	526.599
289.9	526.63
290	526.66
290.1	526.691
290.2	526.722
290.3	526.752
290.4	526.783
290.5	526.814
290.6	526.844
290.7	526.875
290.8	526.905
290.9	526.936
291	526.967
291.1	526.997
291.2	527.028
291.3	527.058
291.4	527.089
291.5	527.12
291.6	527.15
291.7	527.181
291.8	527.211
291.9	527.242
292	527.272
292.1	527.303
292.2	527.333
292.3	527.364
292.4	527.394
292.5	527.425
292.6	527.455
292.7	527.486
292.8	527.516
292.9	527.546
293	527.577
293.1	527.607
293.2	527.638
293.3	527.668
293.4	527.698
293.5	527.729
293.6	527.759
293.7	527.79
293.8	527.82
293.9	527.85
294	527.881
294.1	527.911
294.2	527.941
294.3	527.972
294.4	528.002
294.5	528.032
294.6	528.063
294.7	528.093
294.8	528.123
294.9	528.154
295	528.184
295.1	528.214
295.2	528.244
295.3	528.275
295.4	528.305
295.5	528.335
295.6	528.365
295.7	528.395
295.8	528.426
295.9	528.456
296	528.486
296.1	528.516
296.2	528.546
296.3	528.577
296.4	528.607
296.5	528.637
296.6	528.667
296.7	528.697
296.8	528.727
296.9	528.758
297	528.788
297.1	528.818
297.2	528.848
297.3	528.878
297.4	528.908
297.5	528.938
297.6	528.968
297.7	528.998
297.8	529.028
297.9	529.058
298	529.088
298.1	529.118
298.2	529.148
298.3	529.178
298.4	529.208
298.5	529.238
298.6	529.268
298.7	529.298
298.8	529.328
298.9	529.358
299	529.388
299.1	529.418
299.2	529.448
299.3	529.478
299.4	529.508
299.5	529.538
299.6	529.568
299.7	529.598
299.8	529.628
299.9	529.658
300	529.688
