W	Pred
1.5	165.451
1.6	160.864
1.7	156.838
1.8	153.281
1.9	150.119
2	147.294
2.1	144.756
2.2	142.468
2.3	140.395
2.4	138.512
2.5	136.795
2.6	135.225
2.7	133.786
2.8	132.462
2.9	131.243
3	130.118
3.1	129.076
3.2	128.112
3.3	127.216
3.4	126.383
3.5	125.608
3.6	124.885
3.7	124.21
3.8	123.58
3.9	122.99
4	122.437
4.1	121.92
4.2	121.434
4.3	120.978
4.4	120.55
4.5	120.147
4.6	119.769
4.7	119.412
4.8	119.077
4.9	118.761
5	118.463
5.1	118.183
5.2	117.918
5.3	117.669
5.4	117.433
5.5	117.211
5.6	117.002
5.7	116.805
5.8	116.619
5.9	116.443
6	116.277
6.1	116.121
6.2	115.974
6.3	115.835
6.4	115.705
6.5	115.582
6.6	115.466
6.7	115.358
6.8	115.255
6.9	115.159
7	115.069
7.1	114.985
7.2	114.906
7.3	114.832
7.4	114.764
7.5	114.699
7.6	114.64
7.7	114.584
7.8	114.533
7.9	114.486
8	114.442
8.1	114.402
8.2	114.365
8.3	114.332
8.4	114.301
8.5	114.274
8.6	114.25
8.7	114.228
8.8	114.209
8.9	114.193
9	114.179
9.1	114.167
9.2	114.158
9.3	114.151
9.4	114.146
9.5	114.143
9.6	114.142
9.7	114.142
9.8	114.145
9.9	114.149
10	114.155
10.1	114.162
10.2	114.171
10.3	114.182
10.4	114.194
10.5	114.207
10.6	114.222
10.7	114.237
10.8	114.254
10.9	114.273
11	114.292
11.1	114.312
11.2	114.334
11.3	114.356
11.4	114.38
11.5	114.404
11.6	114.43
11.7	114.456
11.8	114.483
11.9	114.511
12	114.54
12.1	114.569
12.2	114.6
12.3	114.631
12.4	114.662
12.5	114.695
12.6	114.727
12.7	114.761
12.8	114.795
12.9	114.83
13	114.865
13.1	114.901
13.2	114.938
13.3	114.974
13.4	115.012
13.5	115.05
13.6	115.088
13.7	115.127
13.8	115.166
13.9	115.205
14	115.245
14.1	115.286
14.2	115.326
14.3	115.367
14.4	115.409
14.5	115.451
14.6	115.493
14.7	115.535
14.8	115.578
14.9	115.621
15	115.664
15.1	115.707
15.2	115.751
15.3	115.795
15.4	115.839
15.5	115.884
15.6	115.928
15.7	115.973
15.8	116.018
15.9	116.064
16	116.109
16.1	116.155
16.2	116.201
16.3	116.247
16.4	116.293
16.5	116.339
16.6	116.386
16.7	116.432
16.8	116.479
16.9	116.526
17	116.573
17.1	116.62
17.2	116.667
17.3	116.715
17.4	116.762
17.5	116.81
17.6	116.858
17.7	116.905
17.8	116.953
17.9	117.001
18	117.049
18.1	117.097
18.2	117.145
18.3	117.194
18.4	117.242
18.5	117.29
18.6	117.339
18.7	117.387
18.8	117.436
18.9	117.485
19	117.533
19.1	117.582
19.2	117.631
19.3	117.679
19.4	117.728
19.5	117.777
19.6	117.826
19.7	117.875
19.8	117.924
19.9	117.973
20	118.021
20.1	118.07
20.2	118.119
20.3	118.168
20.4	118.217
20.5	118.266
20.6	118.315
20.7	118.364
20.8	118.413
20.9	118.463
21	118.512
21.1	118.561
21.2	118.61
21.3	118.659
21.4	118.708
21.5	118.757
21.6	118.806
21.7	118.855
21.8	118.903
21.9	118.952
22	119.001
22.1	119.05
22.2	119.099
22.3	119.148
22.4	119.197
22.5	119.246
22.6	119.294
22.7	119.343
22.8	119.392
22.9	119.441
23	119.489
23.1	119.538
23.2	119.587
23.3	119.635
23.4	119.684
23.5	119.732
23.6	119.781
23.7	119.829
23.8	119.878
23.9	119.926
24	119.975
24.1	120.023
24.2	120.071
24.3	120.119
24.4	120.168
24.5	120.216
24.6	120.264
24.7	120.312
24.8	120.36
24.9	120.408
25	120.456
25.1	120.504
25.2	120.552
25.3	120.6
25.4	120.647
25.5	120.695
25.6	120.743
25.7	120.79
25.8	120.838
25.9	120.885
26	120.933
26.1	120.98
26.2	121.028
26.3	121.075
26.4	121.122
26.5	121.17
26.6	121.217
26.7	121.264
26.8	121.311
26.9	121.358
27	121.405
27.1	121.452
27.2	121.499
27.3	121.546
27.4	121.593
27.5	121.639
27.6	121.686
27.7	121.733
27.8	121.779
27.9	121.826
28	121.872
28.1	121.919
28.2	121.965
28.3	122.011
28.4	122.057
28.5	122.104
28.6	122.15
28.7	122.196
28.8	122.242
28.9	122.288
29	122.334
29.1	122.379
29.2	122.425
29.3	122.471
29.4	122.517
29.5	122.562
29.6	122.608
29.7	122.653
29.8	122.699
29.9	122.744
30	122.789
30.1	122.835
30.2	122.88
30.3	122.925
30.4	122.97
30.5	123.015
30.6	123.06
30.7	123.105
30.8	123.15
30.9	123.195
31	123.24
31.1	123.284
31.2	123.329
31.3	123.374
31.4	123.418
31.5	123.463
31.6	123.507
31.7	123.551
31.8	123.596
31.9	123.64
32	123.684
32.1	123.728
32.2	123.772
32.3	123.816
32.4	123.86
32.5	123.904
32.6	123.948
32.7	123.992
32.8	124.035
32.9	124.079
33	124.122
33.1	124.166
33.2	124.21
33.3	124.253
33.4	124.296
33.5	124.34
33.6	124.383
33.7	124.426
33.8	124.469
33.9	124.512
34	124.555
34.1	124.598
34.2	124.641
34.3	124.684
34.4	124.727
34.5	124.769
34.6	124.812
34.7	124.855
34.8	124.897
34.9	124.94
35	124.982
35.1	125.025
35.2	125.067
35.3	125.109
35.4	125.151
35.5	125.194
35.6	125.236
35.7	125.278
35.8	125.32
35.9	125.362
36	125.403
36.1	125.445
36.2	125.487
36.3	125.529
36.4	125.57
36.5	125.612
36.6	125.654
36.7	125.695
36.8	125.736
36.9	125.778
37	125.819
37.1	125.86
37.2	125.902
37.3	125.943
37.4	125.984
37.5	126.025
37.6	126.066
37.7	126.107
37.8	126.148
37.9	126.188
38	126.229
38.1	126.27
38.2	126.311
38.3	126.351
38.4	126.392
38.5	126.432
38.6	126.473
38.7	126.513
38.8	126.553
38.9	126.594
39	126.634
39.1	126.674
39.2	126.714
39.3	126.754
39.4	126.794
39.5	126.834
39.6	126.874
39.7	126.914
39.8	126.954
39.9	126.993
40	127.033
40.1	127.073
40.2	127.112
40.3	127.152
40.4	127.191
40.5	127.231
40.6	127.27
40.7	127.309
40.8	127.349
40.9	127.388
41	127.427
41.1	127.466
41.2	127.505
41.3	127.544
41.4	127.583
41.5	127.622
41.6	127.661
41.7	127.7
41.8	127.738
41.9	127.777
42	127.816
42.1	127.854
42.2	127.893
42.3	127.931
42.4	127.97
42.5	128.008
42.6	128.047
42.7	128.085
42.8	128.123
42.9	128.161
43	128.2
43.1	128.238
43.2	128.276
43.3	128.314
43.4	128.352
43.5	128.39
43.6	128.427
43.7	128.465
43.8	128.503
43.9	128.541
44	128.578
44.1	128.616
44.2	128.654
44.3	128.691
44.4	128.729
44.5	128.766
44.6	128.803
44.7	128.841
44.8	128.878
44.9	128.915
45	128.952
45.1	128.989
45.2	129.027
45.3	129.064
45.4	129.101
45.5	129.138
45.6	129.174
45.7	129.211
45.8	129.248
45.9	129.285
46	129.322
46.1	129.358
46.2	129.395
46.3	129.431
46.4	129.468
46.5	129.504
46.6	129.541
46.7	129.577
46.8	129.614
46.9	129.65
47	129.686
47.1	129.722
47.2	129.758
47.3	129.795
47.4	129.831
47.5	129.867
47.6	129.903
47.7	129.939
47.8	129.974
47.9	130.01
48	130.046
48.1	130.082
48.2	130.118
48.3	130.153
48.4	130.189
48.5	130.224
48.6	130.26
48.7	130.295
48.8	130.331
48.9	130.366
49	130.402
49.1	130.437
49.2	130.472
49.3	130.508
49.4	130.543
49.5	130.578
49.6	130.613
49.7	130.648
49.8	130.683
49.9	130.718
50	130.753
50.1	130.788
50.2	130.823
50.3	130.857
50.4	130.892
50.5	130.927
50.6	130.962
50.7	130.996
50.8	131.031
50.9	131.065
51	131.1
51.1	131.134
51.2	131.169
51.3	131.203
51.4	131.238
51.5	131.272
51.6	131.306
51.7	131.34
51.8	131.375
51.9	131.409
52	131.443
52.1	131.477
52.2	131.511
52.3	131.545
52.4	131.579
52.5	131.613
52.6	131.647
52.7	131.68
52.8	131.714
52.9	131.748
53	131.782
53.1	131.815
53.2	131.849
53.3	131.883
53.4	131.916
53.5	131.95
53.6	131.983
53.7	132.016
53.8	132.05
53.9	132.083
54	132.116
54.1	132.15
54.2	132.183
54.3	132.216
54.4	132.249
54.5	132.282
54.6	132.316
54.7	132.349
54.8	132.382
54.9	132.415
55	132.447
55.1	132.48
55.2	132.513
55.3	132.546
55.4	132.579
55.5	132.612
55.6	132.644
55.7	132.677
55.8	132.71
55.9	132.742
56	132.775
56.1	132.807
56.2	132.84
56.3	132.872
56.4	132.905
56.5	132.937
56.6	132.969
56.7	133.002
56.8	133.034
56.9	133.066
57	133.098
57.1	133.13
57.2	133.162
57.3	133.195
57.4	133.227
57.5	133.259
57.6	133.291
57.7	133.323
57.8	133.354
57.9	133.386
58	133.418
58.1	133.45
58.2	133.482
58.3	133.513
58.4	133.545
58.5	133.577
58.6	133.608
58.7	133.64
58.8	133.671
58.9	133.703
59	133.734
59.1	133.766
59.2	133.797
59.3	133.829
59.4	133.86
59.5	133.891
59.6	133.923
59.7	133.954
59.8	133.985
59.9	134.016
60	134.047
60.1	134.078
60.2	134.11
60.3	134.141
60.4	134.172
60.5	134.203
60.6	134.234
60.7	134.264
60.8	134.295
60.9	134.326
61	134.357
61.1	134.388
61.2	134.418
61.3	134.449
61.4	134.48
61.5	134.51
61.6	134.541
61.7	134.572
61.8	134.602
61.9	134.633
62	134.663
62.1	134.694
62.2	134.724
62.3	134.754
62.4	134.785
62.5	134.815
62.6	134.845
62.7	134.876
62.8	134.906
62.9	134.936
63	134.966
63.1	134.996
63.2	135.026
63.3	135.056
63.4	135.086
63.5	135.116
63.6	135.146
63.7	135.176
63.8	135.206
63.9	135.236
64	135.266
64.1	135.296
64.2	135.326
64.3	135.355
64.4	135.385
64.5	135.415
64.6	135.444
64.7	135.474
64.8	135.504
64.9	135.533
65	135.563
65.1	135.592
65.2	135.622
65.3	135.651
65.4	135.68
65.5	135.71
65.6	135.739
65.7	135.769
65.8	135.798
65.9	135.827
66	135.856
66.1	135.886
66.2	135.915
66.3	135.944
66.4	135.973
66.5	136.002
66.6	136.031
66.7	136.06
66.8	136.089
66.9	136.118
67	136.147
67.1	136.176
67.2	136.205
67.3	136.234
67.4	136.262
67.5	136.291
67.6	136.32
67.7	136.349
67.8	136.377
67.9	136.406
68	136.435
68.1	136.463
68.2	136.492
68.3	136.521
68.4	136.549
68.5	136.578
68.6	136.606
68.7	136.635
68.8	136.663
68.9	136.691
69	136.72
69.1	136.748
69.2	136.776
69.3	136.805
69.4	136.833
69.5	136.861
69.6	136.889
69.7	136.918
69.8	136.946
69.9	136.974
70	137.002
70.1	137.03
70.2	137.058
70.3	137.086
70.4	137.114
70.5	137.142
70.6	137.17
70.7	137.198
70.8	137.226
70.9	137.254
71	137.281
71.1	137.309
71.2	137.337
71.3	137.365
71.4	137.392
71.5	137.42
71.6	137.448
71.7	137.475
71.8	137.503
71.9	137.531
72	137.558
72.1	137.586
72.2	137.613
72.3	137.641
72.4	137.668
72.5	137.695
72.6	137.723
72.7	137.75
72.8	137.778
72.9	137.805
73	137.832
73.1	137.859
73.2	137.887
73.3	137.914
73.4	137.941
73.5	137.968
73.6	137.995
73.7	138.023
73.8	138.05
73.9	138.077
74	138.104
74.1	138.131
74.2	138.158
74.3	138.185
74.4	138.212
74.5	138.239
74.6	138.265
74.7	138.292
74.8	138.319
74.9	138.346
75	138.373
75.1	138.4
75.2	138.426
75.3	138.453
75.4	138.48
75.5	138.506
75.6	138.533
75.7	138.56
75.8	138.586
75.9	138.613
76	138.639
76.1	138.666
76.2	138.692
76.3	138.719
76.4	138.745
76.5	138.772
76.6	138.798
76.7	138.824
76.8	138.851
76.9	138.877
77	138.903
77.1	138.93
77.2	138.956
77.3	138.982
77.4	139.008
77.5	139.035
77.6	139.061
77.7	139.087
77.8	139.113
77.9	139.139
78	139.165
78.1	139.191
78.2	139.217
78.3	139.243
78.4	139.269
78.5	139.295
78.6	139.321
78.7	139.347
78.8	139.373
78.9	139.399
79	139.425
79.1	139.45
79.2	139.476
79.3	139.502
79.4	139.528
79.5	139.553
79.6	139.579
79.7	139.605
79.8	139.63
79.9	139.656
80	139.682
80.1	139.707
80.2	139.733
80.3	139.758
80.4	139.784
80.5	139.809
80.6	139.835
80.7	139.86
80.8	139.886
80.9	139.911
81	139.937
81.1	139.962
81.2	139.987
81.3	140.013
81.4	140.038
81.5	140.063
81.6	140.088
81.7	140.114
81.8	140.139
81.9	140.164
82	140.189
82.1	140.214
82.2	140.239
82.3	140.265
82.4	140.29
82.5	140.315
82.6	140.34
82.7	140.365
82.8	140.39
82.9	140.415
83	140.44
83.1	140.465
83.2	140.489
83.3	140.514
83.4	140.539
83.5	140.564
83.6	140.589
83.7	140.614
83.8	140.638
83.9	140.663
84	140.688
84.1	140.713
84.2	140.737
84.3	140.762
84.4	140.787
84.5	140.811
84.6	140.836
84.7	140.861
84.8	140.885
84.9	140.91
85	140.934
85.1	140.959
85.2	140.983
85.3	141.008
85.4	141.032
85.5	141.057
85.6	141.081
85.7	141.105
85.8	141.13
85.9	141.154
86	141.178
86.1	141.203
86.2	141.227
86.3	141.251
86.4	141.276
86.5	141.3
86.6	141.324
86.7	141.348
86.8	141.372
86.9	141.397
87	141.421
87.1	141.445
87.2	141.469
87.3	141.493
87.4	141.517
87.5	141.541
87.6	141.565
87.7	141.589
87.8	141.613
87.9	141.637
88	141.661
88.1	141.685
88.2	141.709
88.3	141.733
88.4	141.756
88.5	141.78
88.6	141.804
88.7	141.828
88.8	141.852
88.9	141.875
89	141.899
89.1	141.923
89.2	141.947
89.3	141.97
89.4	141.994
89.5	142.018
89.6	142.041
89.7	142.065
89.8	142.088
89.9	142.112
90	142.136
90.1	142.159
90.2	142.183
90.3	142.206
90.4	142.23
90.5	142.253
90.6	142.276
90.7	142.3
90.8	142.323
90.9	142.347
91	142.37
91.1	142.393
91.2	142.417
91.3	142.44
91.4	142.463
91.5	142.487
91.6	142.51
91.7	142.533
91.8	142.556
91.9	142.579
92	142.603
92.1	142.626
92.2	142.649
92.3	142.672
92.4	142.695
92.5	142.718
92.6	142.741
92.7	142.764
92.8	142.787
92.9	142.81
93	142.833
93.1	142.856
93.2	142.879
93.3	142.902
93.4	142.925
93.5	142.948
93.6	142.971
93.7	142.994
93.8	143.017
93.9	143.04
94	143.062
94.1	143.085
94.2	143.108
94.3	143.131
94.4	143.154
94.5	143.176
94.6	143.199
94.7	143.222
94.8	143.244
94.9	143.267
95	143.29
95.1	143.312
95.2	143.335
95.3	143.358
95.4	143.38
95.5	143.403
95.6	143.425
95.7	143.448
95.8	143.47
95.9	143.493
96	143.515
96.1	143.538
96.2	143.56
96.3	143.583
96.4	143.605
96.5	143.627
96.6	143.65
96.7	143.672
96.8	143.695
96.9	143.717
97	143.739
97.1	143.761
97.2	143.784
97.3	143.806
97.4	143.828
97.5	143.85
97.6	143.873
97.7	143.895
97.8	143.917
97.9	143.939
98	143.961
98.1	143.983
98.2	144.006
98.3	144.028
98.4	144.05
98.5	144.072
98.6	144.094
98.7	144.116
98.8	144.138
98.9	144.16
99	144.182
99.1	144.204
99.2	144.226
99.3	144.248
99.4	144.27
99.5	144.292
99.6	144.313
99.7	144.335
99.8	144.357
99.9	144.379
100	144.401
100.1	144.423
100.2	144.444
100.3	144.466
100.4	144.488
100.5	144.51
100.6	144.531
100.7	144.553
100.8	144.575
100.9	144.596
101	144.618
101.1	144.64
101.2	144.661
101.3	144.683
101.4	144.705
101.5	144.726
101.6	144.748
101.7	144.769
101.8	144.791
101.9	144.812
102	144.834
102.1	144.855
102.2	144.877
102.3	144.898
102.4	144.92
102.5	144.941
102.6	144.963
102.7	144.984
102.8	145.005
102.9	145.027
103	145.048
103.1	145.069
103.2	145.091
103.3	145.112
103.4	145.133
103.5	145.155
103.6	145.176
103.7	145.197
103.8	145.218
103.9	145.24
104	145.261
104.1	145.282
104.2	145.303
104.3	145.324
104.4	145.345
104.5	145.366
104.6	145.388
104.7	145.409
104.8	145.43
104.9	145.451
105	145.472
105.1	145.493
105.2	145.514
105.3	145.535
105.4	145.556
105.5	145.577
105.6	145.598
105.7	145.619
105.8	145.64
105.9	145.661
106	145.682
106.1	145.703
106.2	145.723
106.3	145.744
106.4	145.765
106.5	145.786
106.6	145.807
106.7	145.828
106.8	145.848
106.9	145.869
107	145.89
107.1	145.911
107.2	145.931
107.3	145.952
107.4	145.973
107.5	145.993
107.6	146.014
107.7	146.035
107.8	146.055
107.9	146.076
108	146.097
108.1	146.117
108.2	146.138
108.3	146.158
108.4	146.179
108.5	146.2
108.6	146.22
108.7	146.241
108.8	146.261
108.9	146.282
109	146.302
109.1	146.323
109.2	146.343
109.3	146.363
109.4	146.384
109.5	146.404
109.6	146.425
109.7	146.445
109.8	146.465
109.9	146.486
110	146.506
110.1	146.526
110.2	146.547
110.3	146.567
110.4	146.587
110.5	146.608
110.6	146.628
110.7	146.648
110.8	146.668
110.9	146.689
111	146.709
111.1	146.729
111.2	146.749
111.3	146.769
111.4	146.79
111.5	146.81
111.6	146.83
111.7	146.85
111.8	146.87
111.9	146.89
112	146.91
112.1	146.93
112.2	146.95
112.3	146.97
112.4	146.99
112.5	147.01
112.6	147.03
112.7	147.05
112.8	147.07
112.9	147.09
113	147.11
113.1	147.13
113.2	147.15
113.3	147.17
113.4	147.19
113.5	147.21
113.6	147.229
113.7	147.249
113.8	147.269
113.9	147.289
114	147.309
114.1	147.329
114.2	147.348
114.3	147.368
114.4	147.388
114.5	147.408
114.6	147.427
114.7	147.447
114.8	147.467
114.9	147.487
115	147.506
115.1	147.526
115.2	147.546
115.3	147.565
115.4	147.585
115.5	147.604
115.6	147.624
115.7	147.644
115.8	147.663
115.9	147.683
116	147.702
116.1	147.722
116.2	147.741
116.3	147.761
116.4	147.78
116.5	147.8
116.6	147.819
116.7	147.839
116.8	147.858
116.9	147.878
117	147.897
117.1	147.917
117.2	147.936
117.3	147.955
117.4	147.975
117.5	147.994
117.6	148.013
117.7	148.033
117.8	148.052
117.9	148.071
118	148.091
118.1	148.11
118.2	148.129
118.3	148.149
118.4	148.168
118.5	148.187
118.6	148.206
118.7	148.226
118.8	148.245
118.9	148.264
119	148.283
119.1	148.302
119.2	148.321
119.3	148.341
119.4	148.36
119.5	148.379
119.6	148.398
119.7	148.417
119.8	148.436
119.9	148.455
120	148.474
120.1	148.493
120.2	148.512
120.3	148.531
120.4	148.55
120.5	148.57
120.6	148.588
120.7	148.607
120.8	148.626
120.9	148.645
121	148.664
121.1	148.683
121.2	148.702
121.3	148.721
121.4	148.74
121.5	148.759
121.6	148.778
121.7	148.797
121.8	148.816
121.9	148.834
122	148.853
122.1	148.872
122.2	148.891
122.3	148.91
122.4	148.928
122.5	148.947
122.6	148.966
122.7	148.985
122.8	149.003
122.9	149.022
123	149.041
123.1	149.06
123.2	149.078
123.3	149.097
123.4	149.116
123.5	149.134
123.6	149.153
123.7	149.172
123.8	149.19
123.9	149.209
124	149.227
124.1	149.246
124.2	149.265
124.3	149.283
124.4	149.302
124.5	149.32
124.6	149.339
124.7	149.357
124.8	149.376
124.9	149.394
125	149.413
125.1	149.431
125.2	149.45
125.3	149.468
125.4	149.487
125.5	149.505
125.6	149.524
125.7	149.542
125.8	149.56
125.9	149.579
126	149.597
126.1	149.615
126.2	149.634
126.3	149.652
126.4	149.671
126.5	149.689
126.6	149.707
126.7	149.725
126.8	149.744
126.9	149.762
127	149.78
127.1	149.799
127.2	149.817
127.3	149.835
127.4	149.853
127.5	149.872
127.6	149.89
127.7	149.908
127.8	149.926
127.9	149.944
128	149.962
128.1	149.981
128.2	149.999
128.3	150.017
128.4	150.035
128.5	150.053
128.6	150.071
128.7	150.089
128.8	150.107
128.9	150.125
129	150.143
129.1	150.162
129.2	150.18
129.3	150.198
129.4	150.216
129.5	150.234
129.6	150.252
129.7	150.27
129.8	150.288
129.9	150.306
130	150.323
130.1	150.341
130.2	150.359
130.3	150.377
130.4	150.395
130.5	150.413
130.6	150.431
130.7	150.449
130.8	150.467
130.9	150.485
131	150.502
131.1	150.52
131.2	150.538
131.3	150.556
131.4	150.574
131.5	150.592
131.6	150.609
131.7	150.627
131.8	150.645
131.9	150.663
132	150.68
132.1	150.698
132.2	150.716
132.3	150.734
132.4	150.751
132.5	150.769
132.6	150.787
132.7	150.804
132.8	150.822
132.9	150.84
133	150.857
133.1	150.875
133.2	150.893
133.3	150.91
133.4	150.928
133.5	150.945
133.6	150.963
133.7	150.981
133.8	150.998
133.9	151.016
134	151.033
134.1	151.051
134.2	151.068
134.3	151.086
134.4	151.103
134.5	151.121
134.6	151.138
134.7	151.156
134.8	151.173
134.9	151.191
135	151.208
135.1	151.226
135.2	151.243
135.3	151.26
135.4	151.278
135.5	151.295
135.6	151.313
135.7	151.33
135.8	151.347
135.9	151.365
136	151.382
136.1	151.399
136.2	151.417
136.3	151.434
136.4	151.451
136.5	151.469
136.6	151.486
136.7	151.503
136.8	151.52
136.9	151.538
137	151.555
137.1	151.572
137.2	151.589
137.3	151.607
137.4	151.624
137.5	151.641
137.6	151.658
137.7	151.676
137.8	151.693
137.9	151.71
138	151.727
138.1	151.744
138.2	151.761
138.3	151.778
138.4	151.796
138.5	151.813
138.6	151.83
138.7	151.847
138.8	151.864
138.9	151.881
139	151.898
139.1	151.915
139.2	151.932
139.3	151.949
139.4	151.966
139.5	151.983
139.6	152
139.7	152.017
139.8	152.034
139.9	152.051
140	152.068
140.1	152.085
140.2	152.102
140.3	152.119
140.4	152.136
140.5	152.153
140.6	152.17
140.7	152.187
140.8	152.204
140.9	152.221
141	152.237
141.1	152.254
141.2	152.271
141.3	152.288
141.4	152.305
141.5	152.322
141.6	152.339
141.7	152.355
141.8	152.372
141.9	152.389
142	152.406
142.1	152.423
142.2	152.439
142.3	152.456
142.4	152.473
142.5	152.49
142.6	152.506
142.7	152.523
142.8	152.54
142.9	152.556
143	152.573
143.1	152.59
143.2	152.607
143.3	152.623
143.4	152.64
143.5	152.657
143.6	152.673
143.7	152.69
143.8	152.706
143.9	152.723
144	152.74
144.1	152.756
144.2	152.773
144.3	152.79
144.4	152.806
144.5	152.823
144.6	152.839
144.7	152.856
144.8	152.872
144.9	152.889
145	152.905
145.1	152.922
145.2	152.938
145.3	152.955
145.4	152.971
145.5	152.988
145.6	153.004
145.7	153.021
145.8	153.037
145.9	153.054
146	153.07
146.1	153.087
146.2	153.103
146.3	153.119
146.4	153.136
146.5	153.152
146.6	153.169
146.7	153.185
146.8	153.201
146.9	153.218
147	153.234
147.1	153.25
147.2	153.267
147.3	153.283
147.4	153.299
147.5	153.316
147.6	153.332
147.7	153.348
147.8	153.365
147.9	153.381
148	153.397
148.1	153.413
148.2	153.43
148.3	153.446
148.4	153.462
148.5	153.478
148.6	153.495
148.7	153.511
148.8	153.527
148.9	153.543
149	153.559
149.1	153.576
149.2	153.592
149.3	153.608
149.4	153.624
149.5	153.64
149.6	153.656
149.7	153.672
149.8	153.689
149.9	153.705
150	153.721
150.1	153.737
150.2	153.753
150.3	153.769
150.4	153.785
150.5	153.801
150.6	153.817
150.7	153.833
150.8	153.849
150.9	153.865
151	153.881
151.1	153.897
151.2	153.913
151.3	153.929
151.4	153.945
151.5	153.961
151.6	153.977
151.7	153.993
151.8	154.009
151.9	154.025
152	154.041
152.1	154.057
152.2	154.073
152.3	154.089
152.4	154.105
152.5	154.121
152.6	154.137
152.7	154.152
152.8	154.168
152.9	154.184
153	154.2
153.1	154.216
153.2	154.232
153.3	154.248
153.4	154.263
153.5	154.279
153.6	154.295
153.7	154.311
153.8	154.327
153.9	154.342
154	154.358
154.1	154.374
154.2	154.39
154.3	154.406
154.4	154.421
154.5	154.437
154.6	154.453
154.7	154.469
154.8	154.484
154.9	154.5
155	154.516
155.1	154.531
155.2	154.547
155.3	154.563
155.4	154.578
155.5	154.594
155.6	154.61
155.7	154.625
155.8	154.641
155.9	154.657
156	154.672
156.1	154.688
156.2	154.704
156.3	154.719
156.4	154.735
156.5	154.75
156.6	154.766
156.7	154.781
156.8	154.797
156.9	154.813
157	154.828
157.1	154.844
157.2	154.859
157.3	154.875
157.4	154.89
157.5	154.906
157.6	154.921
157.7	154.937
157.8	154.952
157.9	154.968
158	154.983
158.1	154.999
158.2	155.014
158.3	155.03
158.4	155.045
158.5	155.06
158.6	155.076
158.7	155.091
158.8	155.107
158.9	155.122
159	155.138
159.1	155.153
159.2	155.168
159.3	155.184
159.4	155.199
159.5	155.214
159.6	155.23
159.7	155.245
159.8	155.26
159.9	155.276
160	155.291
160.1	155.306
160.2	155.322
160.3	155.337
160.4	155.352
160.5	155.368
160.6	155.383
160.7	155.398
160.8	155.413
160.9	155.429
161	155.444
161.1	155.459
161.2	155.474
161.3	155.49
161.4	155.505
161.5	155.52
161.6	155.535
161.7	155.551
161.8	155.566
161.9	155.581
162	155.596
162.1	155.611
162.2	155.626
162.3	155.642
162.4	155.657
162.5	155.672
162.6	155.687
162.7	155.702
162.8	155.717
162.9	155.732
163	155.748
163.1	155.763
163.2	155.778
163.3	155.793
163.4	155.808
163.5	155.823
163.6	155.838
163.7	155.853
163.8	155.868
163.9	155.883
164	155.898
164.1	155.913
164.2	155.928
164.3	155.943
164.4	155.958
164.5	155.973
164.6	155.988
164.7	156.003
164.8	156.018
164.9	156.033
165	156.048
165.1	156.063
165.2	156.078
165.3	156.093
165.4	156.108
165.5	156.123
165.6	156.138
165.7	156.153
165.8	156.168
165.9	156.183
166	156.198
166.1	156.212
166.2	156.227
166.3	156.242
166.4	156.257
166.5	156.272
166.6	156.287
166.7	156.302
166.8	156.316
166.9	156.331
167	156.346
167.1	156.361
167.2	156.376
167.3	156.391
167.4	156.405
167.5	156.42
167.6	156.435
167.7	156.45
167.8	156.464
167.9	156.479
168	156.494
168.1	156.509
168.2	156.524
168.3	156.538
168.4	156.553
168.5	156.568
168.6	156.582
168.7	156.597
168.8	156.612
168.9	156.627
169	156.641
169.1	156.656
169.2	156.671
169.3	156.685
169.4	156.7
169.5	156.715
169.6	156.729
169.7	156.744
169.8	156.759
169.9	156.773
170	156.788
170.1	156.802
170.2	156.817
170.3	156.832
170.4	156.846
170.5	156.861
170.6	156.875
170.7	156.89
170.8	156.905
170.9	156.919
171	156.934
171.1	156.948
171.2	156.963
171.3	156.977
171.4	156.992
171.5	157.006
171.6	157.021
171.7	157.035
171.8	157.05
171.9	157.064
172	157.079
172.1	157.093
172.2	157.108
172.3	157.122
172.4	157.137
172.5	157.151
172.6	157.166
172.7	157.18
172.8	157.195
172.9	157.209
173	157.224
173.1	157.238
173.2	157.252
173.3	157.267
173.4	157.281
173.5	157.296
173.6	157.31
173.7	157.324
173.8	157.339
173.9	157.353
174	157.368
174.1	157.382
174.2	157.396
174.3	157.411
174.4	157.425
174.5	157.439
174.6	157.454
174.7	157.468
174.8	157.482
174.9	157.497
175	157.511
175.1	157.525
175.2	157.539
175.3	157.554
175.4	157.568
175.5	157.582
175.6	157.597
175.7	157.611
175.8	157.625
175.9	157.639
176	157.654
176.1	157.668
176.2	157.682
176.3	157.696
176.4	157.71
176.5	157.725
176.6	157.739
176.7	157.753
176.8	157.767
176.9	157.781
177	157.796
177.1	157.81
177.2	157.824
177.3	157.838
177.4	157.852
177.5	157.866
177.6	157.881
177.7	157.895
177.8	157.909
177.9	157.923
178	157.937
178.1	157.951
178.2	157.965
178.3	157.979
178.4	157.993
178.5	158.008
178.6	158.022
178.7	158.036
178.8	158.05
178.9	158.064
179	158.078
179.1	158.092
179.2	158.106
179.3	158.12
179.4	158.134
179.5	158.148
179.6	158.162
179.7	158.176
179.8	158.19
179.9	158.204
180	158.218
180.1	158.232
180.2	158.246
180.3	158.26
180.4	158.274
180.5	158.288
180.6	158.302
180.7	158.316
180.8	158.33
180.9	158.344
181	158.358
181.1	158.372
181.2	158.386
181.3	158.399
181.4	158.413
181.5	158.427
181.6	158.441
181.7	158.455
181.8	158.469
181.9	158.483
182	158.497
182.1	158.511
182.2	158.524
182.3	158.538
182.4	158.552
182.5	158.566
182.6	158.58
182.7	158.594
182.8	158.607
182.9	158.621
183	158.635
183.1	158.649
183.2	158.663
183.3	158.677
183.4	158.69
183.5	158.704
183.6	158.718
183.7	158.732
183.8	158.745
183.9	158.759
184	158.773
184.1	158.787
184.2	158.8
184.3	158.814
184.4	158.828
184.5	158.842
184.6	158.855
184.7	158.869
184.8	158.883
184.9	158.897
185	158.91
185.1	158.924
185.2	158.938
185.3	158.951
185.4	158.965
185.5	158.979
185.6	158.992
185.7	159.006
185.8	159.02
185.9	159.033
186	159.047
186.1	159.061
186.2	159.074
186.3	159.088
186.4	159.101
186.5	159.115
186.6	159.129
186.7	159.142
186.8	159.156
186.9	159.169
187	159.183
187.1	159.197
187.2	159.21
187.3	159.224
187.4	159.237
187.5	159.251
187.6	159.264
187.7	159.278
187.8	159.292
187.9	159.305
188	159.319
188.1	159.332
188.2	159.346
188.3	159.359
188.4	159.373
188.5	159.386
188.6	159.4
188.7	159.413
188.8	159.427
188.9	159.44
189	159.454
189.1	159.467
189.2	159.481
189.3	159.494
189.4	159.507
189.5	159.521
189.6	159.534
189.7	159.548
189.8	159.561
189.9	159.575
190	159.588
190.1	159.601
190.2	159.615
190.3	159.628
190.4	159.642
190.5	159.655
190.6	159.668
190.7	159.682
190.8	159.695
190.9	159.709
191	159.722
191.1	159.735
191.2	159.749
191.3	159.762
191.4	159.775
191.5	159.789
191.6	159.802
191.7	159.815
191.8	159.829
191.9	159.842
192	159.855
192.1	159.869
192.2	159.882
192.3	159.895
192.4	159.908
192.5	159.922
192.6	159.935
192.7	159.948
192.8	159.962
192.9	159.975
193	159.988
193.1	160.001
193.2	160.015
193.3	160.028
193.4	160.041
193.5	160.054
193.6	160.068
193.7	160.081
193.8	160.094
193.9	160.107
194	160.12
194.1	160.134
194.2	160.147
194.3	160.16
194.4	160.173
194.5	160.186
194.6	160.199
194.7	160.213
194.8	160.226
194.9	160.239
195	160.252
195.1	160.265
195.2	160.278
195.3	160.292
195.4	160.305
195.5	160.318
195.6	160.331
195.7	160.344
195.8	160.357
195.9	160.37
196	160.383
196.1	160.396
196.2	160.41
196.3	160.423
196.4	160.436
196.5	160.449
196.6	160.462
196.7	160.475
196.8	160.488
196.9	160.501
197	160.514
197.1	160.527
197.2	160.54
197.3	160.553
197.4	160.566
197.5	160.579
197.6	160.592
197.7	160.605
197.8	160.618
197.9	160.631
198	160.644
198.1	160.657
198.2	160.67
198.3	160.683
198.4	160.696
198.5	160.709
198.6	160.722
198.7	160.735
198.8	160.748
198.9	160.761
199	160.774
199.1	160.787
199.2	160.8
199.3	160.813
199.4	160.826
199.5	160.839
199.6	160.851
199.7	160.864
199.8	160.877
199.9	160.89
200	160.903
200.1	160.916
200.2	160.929
200.3	160.942
200.4	160.955
200.5	160.967
200.6	160.98
200.7	160.993
200.8	161.006
200.9	161.019
201	161.032
201.1	161.045
201.2	161.057
201.3	161.07
201.4	161.083
201.5	161.096
201.6	161.109
201.7	161.121
201.8	161.134
201.9	161.147
202	161.16
202.1	161.173
202.2	161.185
202.3	161.198
202.4	161.211
202.5	161.224
202.6	161.237
202.7	161.249
202.8	161.262
202.9	161.275
203	161.288
203.1	161.3
203.2	161.313
203.3	161.326
203.4	161.338
203.5	161.351
203.6	161.364
203.7	161.377
203.8	161.389
203.9	161.402
204	161.415
204.1	161.427
204.2	161.44
204.3	161.453
204.4	161.465
204.5	161.478
204.6	161.491
204.7	161.503
204.8	161.516
204.9	161.529
205	161.541
205.1	161.554
205.2	161.567
205.3	161.579
205.4	161.592
205.5	161.605
205.6	161.617
205.7	161.63
205.8	161.642
205.9	161.655
206	161.668
206.1	161.68
206.2	161.693
206.3	161.705
206.4	161.718
206.5	161.731
206.6	161.743
206.7	161.756
206.8	161.768
206.9	161.781
207	161.793
207.1	161.806
207.2	161.818
207.3	161.831
207.4	161.844
207.5	161.856
207.6	161.869
207.7	161.881
207.8	161.894
207.9	161.906
208	161.919
208.1	161.931
208.2	161.944
208.3	161.956
208.4	161.969
208.5	161.981
208.6	161.994
208.7	162.006
208.8	162.019
208.9	162.031
209	162.043
209.1	162.056
209.2	162.068
209.3	162.081
209.4	162.093
209.5	162.106
209.6	162.118
209.7	162.131
209.8	162.143
209.9	162.155
210	162.168
210.1	162.18
210.2	162.193
210.3	162.205
210.4	162.217
210.5	162.23
210.6	162.242
210.7	162.255
210.8	162.267
210.9	162.279
211	162.292
211.1	162.304
211.2	162.316
211.3	162.329
211.4	162.341
211.5	162.353
211.6	162.366
211.7	162.378
211.8	162.39
211.9	162.403
212	162.415
212.1	162.427
212.2	162.44
212.3	162.452
212.4	162.464
212.5	162.477
212.6	162.489
212.7	162.501
212.8	162.513
212.9	162.526
213	162.538
213.1	162.55
213.2	162.563
213.3	162.575
213.4	162.587
213.5	162.599
213.6	162.612
213.7	162.624
213.8	162.636
213.9	162.648
214	162.661
214.1	162.673
214.2	162.685
214.3	162.697
214.4	162.709
214.5	162.722
214.6	162.734
214.7	162.746
214.8	162.758
214.9	162.77
215	162.783
215.1	162.795
215.2	162.807
215.3	162.819
215.4	162.831
215.5	162.843
215.6	162.856
215.7	162.868
215.8	162.88
215.9	162.892
216	162.904
216.1	162.916
216.2	162.928
216.3	162.941
216.4	162.953
216.5	162.965
216.6	162.977
216.7	162.989
216.8	163.001
216.9	163.013
217	163.025
217.1	163.037
217.2	163.05
217.3	163.062
217.4	163.074
217.5	163.086
217.6	163.098
217.7	163.11
217.8	163.122
217.9	163.134
218	163.146
218.1	163.158
218.2	163.17
218.3	163.182
218.4	163.194
218.5	163.206
218.6	163.218
218.7	163.23
218.8	163.242
218.9	163.254
219	163.266
219.1	163.278
219.2	163.29
219.3	163.302
219.4	163.314
219.5	163.326
219.6	163.338
219.7	163.35
219.8	163.362
219.9	163.374
220	163.386
220.1	163.398
220.2	163.41
220.3	163.422
220.4	163.434
220.5	163.446
220.6	163.458
220.7	163.47
220.8	163.482
220.9	163.494
221	163.506
221.1	163.518
221.2	163.53
221.3	163.542
221.4	163.553
221.5	163.565
221.6	163.577
221.7	163.589
221.8	163.601
221.9	163.613
222	163.625
222.1	163.637
222.2	163.649
222.3	163.66
222.4	163.672
222.5	163.684
222.6	163.696
222.7	163.708
222.8	163.72
222.9	163.732
223	163.743
223.1	163.755
223.2	163.767
223.3	163.779
223.4	163.791
223.5	163.803
223.6	163.814
223.7	163.826
223.8	163.838
223.9	163.85
224	163.862
224.1	163.873
224.2	163.885
224.3	163.897
224.4	163.909
224.5	163.921
224.6	163.932
224.7	163.944
224.8	163.956
224.9	163.968
225	163.979
225.1	163.991
225.2	164.003
225.3	164.015
225.4	164.026
225.5	164.038
225.6	164.05
225.7	164.062
225.8	164.073
225.9	164.085
226	164.097
226.1	164.108
226.2	164.12
226.3	164.132
226.4	164.144
226.5	164.155
226.6	164.167
226.7	164.179
226.8	164.19
226.9	164.202
227	164.214
227.1	164.225
227.2	164.237
227.3	164.249
227.4	164.26
227.5	164.272
227.6	164.284
227.7	164.295
227.8	164.307
227.9	164.319
228	164.33
228.1	164.342
228.2	164.354
228.3	164.365
228.4	164.377
228.5	164.388
228.6	164.4
228.7	164.412
228.8	164.423
228.9	164.435
229	164.446
229.1	164.458
229.2	164.47
229.3	164.481
229.4	164.493
229.5	164.504
229.6	164.516
229.7	164.527
229.8	164.539
229.9	164.551
230	164.562
230.1	164.574
230.2	164.585
230.3	164.597
230.4	164.608
230.5	164.62
230.6	164.631
230.7	164.643
230.8	164.655
230.9	164.666
231	164.678
231.1	164.689
231.2	164.701
231.3	164.712
231.4	164.724
231.5	164.735
231.6	164.747
231.7	164.758
231.8	164.77
231.9	164.781
232	164.793
232.1	164.804
232.2	164.815
232.3	164.827
232.4	164.838
232.5	164.85
232.6	164.861
232.7	164.873
232.8	164.884
232.9	164.896
233	164.907
233.1	164.919
233.2	164.93
233.3	164.941
233.4	164.953
233.5	164.964
233.6	164.976
233.7	164.987
233.8	164.998
233.9	165.01
234	165.021
234.1	165.033
234.2	165.044
234.3	165.055
234.4	165.067
234.5	165.078
234.6	165.09
234.7	165.101
234.8	165.112
234.9	165.124
235	165.135
235.1	165.146
235.2	165.158
235.3	165.169
235.4	165.181
235.5	165.192
235.6	165.203
235.7	165.215
235.8	165.226
235.9	165.237
236	165.249
236.1	165.26
236.2	165.271
236.3	165.283
236.4	165.294
236.5	165.305
236.6	165.316
236.7	165.328
236.8	165.339
236.9	165.35
237	165.362
237.1	165.373
237.2	165.384
237.3	165.395
237.4	165.407
237.5	165.418
237.6	165.429
237.7	165.441
237.8	165.452
237.9	165.463
238	165.474
238.1	165.486
238.2	165.497
238.3	165.508
238.4	165.519
238.5	165.531
238.6	165.542
238.7	165.553
238.8	165.564
238.9	165.575
239	165.587
239.1	165.598
239.2	165.609
239.3	165.62
239.4	165.631
239.5	165.643
239.6	165.654
239.7	165.665
239.8	165.676
239.9	165.687
240	165.699
240.1	165.71
240.2	165.721
240.3	165.732
240.4	165.743
240.5	165.754
240.6	165.766
240.7	165.777
240.8	165.788
240.9	165.799
241	165.81
241.1	165.821
241.2	165.832
241.3	165.844
241.4	165.855
241.5	165.866
241.6	165.877
241.7	165.888
241.8	165.899
241.9	165.91
242	165.921
242.1	165.932
242.2	165.944
242.3	165.955
242.4	165.966
242.5	165.977
242.6	165.988
242.7	165.999
242.8	166.01
242.9	166.021
243	166.032
243.1	166.043
243.2	166.054
243.3	166.065
243.4	166.076
243.5	166.088
243.6	166.099
243.7	166.11
243.8	166.121
243.9	166.132
244	166.143
244.1	166.154
244.2	166.165
244.3	166.176
244.4	166.187
244.5	166.198
244.6	166.209
244.7	166.22
244.8	166.231
244.9	166.242
245	166.253
245.1	166.264
245.2	166.275
245.3	166.286
245.4	166.297
245.5	166.308
245.6	166.319
245.7	166.33
245.8	166.341
245.9	166.352
246	166.363
246.1	166.374
246.2	166.385
246.3	166.396
246.4	166.406
246.5	166.417
246.6	166.428
246.7	166.439
246.8	166.45
246.9	166.461
247	166.472
247.1	166.483
247.2	166.494
247.3	166.505
247.4	166.516
247.5	166.527
247.6	166.538
247.7	166.548
247.8	166.559
247.9	166.57
248	166.581
248.1	166.592
248.2	166.603
248.3	166.614
248.4	166.625
248.5	166.636
248.6	166.646
248.7	166.657
248.8	166.668
248.9	166.679
249	166.69
249.1	166.701
249.2	166.712
249.3	166.722
249.4	166.733
249.5	166.744
249.6	166.755
249.7	166.766
249.8	166.777
249.9	166.787
250	166.798
250.1	166.809
250.2	166.82
250.3	166.831
250.4	166.842
250.5	166.852
250.6	166.863
250.7	166.874
250.8	166.885
250.9	166.896
251	166.906
251.1	166.917
251.2	166.928
251.3	166.939
251.4	166.95
251.5	166.96
251.6	166.971
251.7	166.982
251.8	166.993
251.9	167.003
252	167.014
252.1	167.025
252.2	167.036
252.3	167.046
252.4	167.057
252.5	167.068
252.6	167.079
252.7	167.089
252.8	167.1
252.9	167.111
253	167.121
253.1	167.132
253.2	167.143
253.3	167.154
253.4	167.164
253.5	167.175
253.6	167.186
253.7	167.196
253.8	167.207
253.9	167.218
254	167.229
254.1	167.239
254.2	167.25
254.3	167.261
254.4	167.271
254.5	167.282
254.6	167.293
254.7	167.303
254.8	167.314
254.9	167.325
255	167.335
255.1	167.346
255.2	167.357
255.3	167.367
255.4	167.378
255.5	167.388
255.6	167.399
255.7	167.41
255.8	167.42
255.9	167.431
256	167.442
256.1	167.452
256.2	167.463
256.3	167.473
256.4	167.484
256.5	167.495
256.6	167.505
256.7	167.516
256.8	167.527
256.9	167.537
257	167.548
257.1	167.558
257.2	167.569
257.3	167.579
257.4	167.59
257.5	167.601
257.6	167.611
257.7	167.622
257.8	167.632
257.9	167.643
258	167.653
258.1	167.664
258.2	167.675
258.3	167.685
258.4	167.696
258.5	167.706
258.6	167.717
258.7	167.727
258.8	167.738
258.9	167.748
259	167.759
259.1	167.769
259.2	167.78
259.3	167.79
259.4	167.801
259.5	167.811
259.6	167.822
259.7	167.832
259.8	167.843
259.9	167.853
260	167.864
260.1	167.874
260.2	167.885
260.3	167.895
260.4	167.906
260.5	167.916
260.6	167.927
260.7	167.937
260.8	167.948
260.9	167.958
261	167.969
261.1	167.979
261.2	167.99
261.3	168
261.4	168.011
261.5	168.021
261.6	168.031
261.7	168.042
261.8	168.052
261.9	168.063
262	168.073
262.1	168.084
262.2	168.094
262.3	168.104
262.4	168.115
262.5	168.125
262.6	168.136
262.7	168.146
262.8	168.156
262.9	168.167
263	168.177
263.1	168.188
263.2	168.198
263.3	168.208
263.4	168.219
263.5	168.229
263.6	168.24
263.7	168.25
263.8	168.26
263.9	168.271
264	168.281
264.1	168.292
264.2	168.302
264.3	168.312
264.4	168.323
264.5	168.333
264.6	168.343
264.7	168.354
264.8	168.364
264.9	168.374
265	168.385
265.1	168.395
265.2	168.405
265.3	168.416
265.4	168.426
265.5	168.436
265.6	168.447
265.7	168.457
265.8	168.467
265.9	168.478
266	168.488
266.1	168.498
266.2	168.508
266.3	168.519
266.4	168.529
266.5	168.539
266.6	168.55
266.7	168.56
266.8	168.57
266.9	168.58
267	168.591
267.1	168.601
267.2	168.611
267.3	168.622
267.4	168.632
267.5	168.642
267.6	168.652
267.7	168.663
267.8	168.673
267.9	168.683
268	168.693
268.1	168.704
268.2	168.714
268.3	168.724
268.4	168.734
268.5	168.745
268.6	168.755
268.7	168.765
268.8	168.775
268.9	168.785
269	168.796
269.1	168.806
269.2	168.816
269.3	168.826
269.4	168.837
269.5	168.847
269.6	168.857
269.7	168.867
269.8	168.877
269.9	168.887
270	168.898
270.1	168.908
270.2	168.918
270.3	168.928
270.4	168.938
270.5	168.949
270.6	168.959
270.7	168.969
270.8	168.979
270.9	168.989
271	168.999
271.1	169.01
271.2	169.02
271.3	169.03
271.4	169.04
271.5	169.05
271.6	169.06
271.7	169.07
271.8	169.081
271.9	169.091
272	169.101
272.1	169.111
272.2	169.121
272.3	169.131
272.4	169.141
272.5	169.151
272.6	169.161
272.7	169.172
272.8	169.182
272.9	169.192
273	169.202
273.1	169.212
273.2	169.222
273.3	169.232
273.4	169.242
273.5	169.252
273.6	169.262
273.7	169.273
273.8	169.283
273.9	169.293
274	169.303
274.1	169.313
274.2	169.323
274.3	169.333
274.4	169.343
274.5	169.353
274.6	169.363
274.7	169.373
274.8	169.383
274.9	169.393
275	169.403
275.1	169.413
275.2	169.423
275.3	169.433
275.4	169.443
275.5	169.453
275.6	169.463
275.7	169.473
275.8	169.483
275.9	169.493
276	169.503
276.1	169.513
276.2	169.523
276.3	169.534
276.4	169.544
276.5	169.553
276.6	169.563
276.7	169.573
276.8	169.583
276.9	169.593
277	169.603
277.1	169.613
277.2	169.623
277.3	169.633
277.4	169.643
277.5	169.653
277.6	169.663
277.7	169.673
277.8	169.683
277.9	169.693
278	169.703
278.1	169.713
278.2	169.723
278.3	169.733
278.4	169.743
278.5	169.753
278.6	169.763
278.7	169.773
278.8	169.783
278.9	169.793
279	169.802
279.1	169.812
279.2	169.822
279.3	169.832
279.4	169.842
279.5	169.852
279.6	169.862
279.7	169.872
279.8	169.882
279.9	169.892
280	169.902
280.1	169.911
280.2	169.921
280.3	169.931
280.4	169.941
280.5	169.951
280.6	169.961
280.7	169.971
280.8	169.981
280.9	169.991
281	170
281.1	170.01
281.2	170.02
281.3	170.03
281.4	170.04
281.5	170.05
281.6	170.06
281.7	170.069
281.8	170.079
281.9	170.089
282	170.099
282.1	170.109
282.2	170.119
282.3	170.128
282.4	170.138
282.5	170.148
282.6	170.158
282.7	170.168
282.8	170.178
282.9	170.187
283	170.197
283.1	170.207
283.2	170.217
283.3	170.227
283.4	170.236
283.5	170.246
283.6	170.256
283.7	170.266
283.8	170.276
283.9	170.285
284	170.295
284.1	170.305
284.2	170.315
284.3	170.325
284.4	170.334
284.5	170.344
284.6	170.354
284.7	170.364
284.8	170.373
284.9	170.383
285	170.393
285.1	170.403
285.2	170.412
285.3	170.422
285.4	170.432
285.5	170.442
285.6	170.451
285.7	170.461
285.8	170.471
285.9	170.481
286	170.49
286.1	170.5
286.2	170.51
286.3	170.52
286.4	170.529
286.5	170.539
286.6	170.549
286.7	170.558
286.8	170.568
286.9	170.578
287	170.588
287.1	170.597
287.2	170.607
287.3	170.617
287.4	170.626
287.5	170.636
287.6	170.646
287.7	170.655
287.8	170.665
287.9	170.675
288	170.685
288.1	170.694
288.2	170.704
288.3	170.714
288.4	170.723
288.5	170.733
288.6	170.743
288.7	170.752
288.8	170.762
288.9	170.771
289	170.781
289.1	170.791
289.2	170.8
289.3	170.81
289.4	170.82
289.5	170.829
289.6	170.839
289.7	170.849
289.8	170.858
289.9	170.868
290	170.878
290.1	170.887
290.2	170.897
290.3	170.906
290.4	170.916
290.5	170.926
290.6	170.935
290.7	170.945
290.8	170.954
290.9	170.964
291	170.974
291.1	170.983
291.2	170.993
291.3	171.002
291.4	171.012
291.5	171.022
291.6	171.031
291.7	171.041
291.8	171.05
291.9	171.06
292	171.07
292.1	171.079
292.2	171.089
292.3	171.098
292.4	171.108
292.5	171.117
292.6	171.127
292.7	171.136
292.8	171.146
292.9	171.156
293	171.165
293.1	171.175
293.2	171.184
293.3	171.194
293.4	171.203
293.5	171.213
293.6	171.222
293.7	171.232
293.8	171.241
293.9	171.251
294	171.26
294.1	171.27
294.2	171.279
294.3	171.289
294.4	171.299
294.5	171.308
294.6	171.318
294.7	171.327
294.8	171.337
294.9	171.346
295	171.356
295.1	171.365
295.2	171.375
295.3	171.384
295.4	171.393
295.5	171.403
295.6	171.412
295.7	171.422
295.8	171.431
295.9	171.441
296	171.45
296.1	171.46
296.2	171.469
296.3	171.479
296.4	171.488
296.5	171.498
296.6	171.507
296.7	171.517
296.8	171.526
296.9	171.535
297	171.545
297.1	171.554
297.2	171.564
297.3	171.573
297.4	171.583
297.5	171.592
297.6	171.602
297.7	171.611
297.8	171.62
297.9	171.63
298	171.639
298.1	171.649
298.2	171.658
298.3	171.668
298.4	171.677
298.5	171.686
298.6	171.696
298.7	171.705
298.8	171.715
298.9	171.724
299	171.733
299.1	171.743
299.2	171.752
299.3	171.762
299.4	171.771
299.5	171.78
299.6	171.79
299.7	171.799
299.8	171.808
299.9	171.818
300	171.827
