W	Pred
1.5	165.458
1.6	160.868
1.7	156.841
1.8	153.283
1.9	150.121
2	147.295
2.1	144.756
2.2	142.467
2.3	140.394
2.4	138.511
2.5	136.793
2.6	135.223
2.7	133.783
2.8	132.46
2.9	131.24
3	130.115
3.1	129.073
3.2	128.108
3.3	127.213
3.4	126.38
3.5	125.604
3.6	124.881
3.7	124.207
3.8	123.576
3.9	122.986
4	122.434
4.1	121.916
4.2	121.431
4.3	120.975
4.4	120.547
4.5	120.144
4.6	119.765
4.7	119.409
4.8	119.074
4.9	118.758
5	118.46
5.1	118.18
5.2	117.915
5.3	117.666
5.4	117.431
5.5	117.209
5.6	117
5.7	116.802
5.8	116.616
5.9	116.441
6	116.275
6.1	116.119
6.2	115.972
6.3	115.834
6.4	115.703
6.5	115.58
6.6	115.465
6.7	115.356
6.8	115.254
6.9	115.158
7	115.068
7.1	114.984
7.2	114.905
7.3	114.831
7.4	114.763
7.5	114.698
7.6	114.639
7.7	114.583
7.8	114.532
7.9	114.485
8	114.441
8.1	114.401
8.2	114.365
8.3	114.331
8.4	114.301
8.5	114.274
8.6	114.25
8.7	114.228
8.8	114.209
8.9	114.193
9	114.179
9.1	114.168
9.2	114.158
9.3	114.151
9.4	114.146
9.5	114.143
9.6	114.142
9.7	114.143
9.8	114.145
9.9	114.15
10	114.156
10.1	114.163
10.2	114.172
10.3	114.183
10.4	114.194
10.5	114.208
10.6	114.222
10.7	114.238
10.8	114.255
10.9	114.274
11	114.293
11.1	114.313
11.2	114.335
11.3	114.358
11.4	114.381
11.5	114.406
11.6	114.431
11.7	114.457
11.8	114.484
11.9	114.512
12	114.541
12.1	114.571
12.2	114.601
12.3	114.632
12.4	114.664
12.5	114.696
12.6	114.729
12.7	114.763
12.8	114.797
12.9	114.832
13	114.867
13.1	114.903
13.2	114.939
13.3	114.976
13.4	115.013
13.5	115.051
13.6	115.09
13.7	115.128
13.8	115.167
13.9	115.207
14	115.247
14.1	115.287
14.2	115.328
14.3	115.369
14.4	115.411
14.5	115.452
14.6	115.494
14.7	115.537
14.8	115.579
14.9	115.622
15	115.666
15.1	115.709
15.2	115.753
15.3	115.797
15.4	115.841
15.5	115.885
15.6	115.93
15.7	115.975
15.8	116.02
15.9	116.065
16	116.111
16.1	116.157
16.2	116.202
16.3	116.248
16.4	116.295
16.5	116.341
16.6	116.387
16.7	116.434
16.8	116.481
16.9	116.528
17	116.575
17.1	116.622
17.2	116.669
17.3	116.717
17.4	116.764
17.5	116.812
17.6	116.859
17.7	116.907
17.8	116.955
17.9	117.003
18	117.051
18.1	117.099
18.2	117.147
18.3	117.195
18.4	117.244
18.5	117.292
18.6	117.341
18.7	117.389
18.8	117.438
18.9	117.486
19	117.535
19.1	117.583
19.2	117.632
19.3	117.681
19.4	117.73
19.5	117.778
19.6	117.827
19.7	117.876
19.8	117.925
19.9	117.974
20	118.023
20.1	118.072
20.2	118.121
20.3	118.17
20.4	118.219
20.5	118.268
20.6	118.317
20.7	118.366
20.8	118.415
20.9	118.464
21	118.513
21.1	118.562
21.2	118.611
21.3	118.66
21.4	118.709
21.5	118.758
21.6	118.807
21.7	118.855
21.8	118.904
21.9	118.953
22	119.002
22.1	119.051
22.2	119.1
22.3	119.149
22.4	119.198
22.5	119.246
22.6	119.295
22.7	119.344
22.8	119.393
22.9	119.441
23	119.49
23.1	119.539
23.2	119.587
23.3	119.636
23.4	119.684
23.5	119.733
23.6	119.781
23.7	119.83
23.8	119.878
23.9	119.926
24	119.975
24.1	120.023
24.2	120.071
24.3	120.119
24.4	120.168
24.5	120.216
24.6	120.264
24.7	120.312
24.8	120.36
24.9	120.408
25	120.456
25.1	120.504
25.2	120.551
25.3	120.599
25.4	120.647
25.5	120.695
25.6	120.742
25.7	120.79
25.8	120.837
25.9	120.885
26	120.932
26.1	120.98
26.2	121.027
26.3	121.074
26.4	121.122
26.5	121.169
26.6	121.216
26.7	121.263
26.8	121.31
26.9	121.357
27	121.404
27.1	121.451
27.2	121.498
27.3	121.545
27.4	121.591
27.5	121.638
27.6	121.685
27.7	121.731
27.8	121.778
27.9	121.824
28	121.871
28.1	121.917
28.2	121.963
28.3	122.01
28.4	122.056
28.5	122.102
28.6	122.148
28.7	122.194
28.8	122.24
28.9	122.286
29	122.332
29.1	122.377
29.2	122.423
29.3	122.469
29.4	122.514
29.5	122.56
29.6	122.606
29.7	122.651
29.8	122.696
29.9	122.742
30	122.787
30.1	122.832
30.2	122.877
30.3	122.922
30.4	122.968
30.5	123.013
30.6	123.057
30.7	123.102
30.8	123.147
30.9	123.192
31	123.237
31.1	123.281
31.2	123.326
31.3	123.37
31.4	123.415
31.5	123.459
31.6	123.504
31.7	123.548
31.8	123.592
31.9	123.636
32	123.68
32.1	123.724
32.2	123.768
32.3	123.812
32.4	123.856
32.5	123.9
32.6	123.944
32.7	123.988
32.8	124.031
32.9	124.075
33	124.118
33.1	124.162
33.2	124.205
33.3	124.249
33.4	124.292
33.5	124.335
33.6	124.378
33.7	124.421
33.8	124.465
33.9	124.508
34	124.55
34.1	124.593
34.2	124.636
34.3	124.679
34.4	124.722
34.5	124.764
34.6	124.807
34.7	124.85
34.8	124.892
34.9	124.934
35	124.977
35.1	125.019
35.2	125.061
35.3	125.104
35.4	125.146
35.5	125.188
35.6	125.23
35.7	125.272
35.8	125.314
35.9	125.356
36	125.398
36.1	125.439
36.2	125.481
36.3	125.523
36.4	125.564
36.5	125.606
36.6	125.647
36.7	125.689
36.8	125.73
36.9	125.771
37	125.813
37.1	125.854
37.2	125.895
37.3	125.936
37.4	125.977
37.5	126.018
37.6	126.059
37.7	126.1
37.8	126.14
37.9	126.181
38	126.222
38.1	126.263
38.2	126.303
38.3	126.344
38.4	126.384
38.5	126.425
38.6	126.465
38.7	126.505
38.8	126.546
38.9	126.586
39	126.626
39.1	126.666
39.2	126.706
39.3	126.746
39.4	126.786
39.5	126.826
39.6	126.866
39.7	126.905
39.8	126.945
39.9	126.985
40	127.024
40.1	127.064
40.2	127.104
40.3	127.143
40.4	127.182
40.5	127.222
40.6	127.261
40.7	127.3
40.8	127.34
40.9	127.379
41	127.418
41.1	127.457
41.2	127.496
41.3	127.535
41.4	127.574
41.5	127.612
41.6	127.651
41.7	127.69
41.8	127.729
41.9	127.767
42	127.806
42.1	127.844
42.2	127.883
42.3	127.921
42.4	127.96
42.5	127.998
42.6	128.036
42.7	128.075
42.8	128.113
42.9	128.151
43	128.189
43.1	128.227
43.2	128.265
43.3	128.303
43.4	128.341
43.5	128.379
43.6	128.416
43.7	128.454
43.8	128.492
43.9	128.529
44	128.567
44.1	128.605
44.2	128.642
44.3	128.679
44.4	128.717
44.5	128.754
44.6	128.791
44.7	128.829
44.8	128.866
44.9	128.903
45	128.94
45.1	128.977
45.2	129.014
45.3	129.051
45.4	129.088
45.5	129.125
45.6	129.162
45.7	129.199
45.8	129.235
45.9	129.272
46	129.309
46.1	129.345
46.2	129.382
46.3	129.418
46.4	129.455
46.5	129.491
46.6	129.528
46.7	129.564
46.8	129.6
46.9	129.636
47	129.672
47.1	129.709
47.2	129.745
47.3	129.781
47.4	129.817
47.5	129.853
47.6	129.889
47.7	129.924
47.8	129.96
47.9	129.996
48	130.032
48.1	130.067
48.2	130.103
48.3	130.139
48.4	130.174
48.5	130.21
48.6	130.245
48.7	130.281
48.8	130.316
48.9	130.351
49	130.387
49.1	130.422
49.2	130.457
49.3	130.492
49.4	130.527
49.5	130.562
49.6	130.597
49.7	130.632
49.8	130.667
49.9	130.702
50	130.737
50.1	130.772
50.2	130.807
50.3	130.841
50.4	130.876
50.5	130.911
50.6	130.945
50.7	130.98
50.8	131.014
50.9	131.049
51	131.083
51.1	131.118
51.2	131.152
51.3	131.186
51.4	131.221
51.5	131.255
51.6	131.289
51.7	131.323
51.8	131.357
51.9	131.391
52	131.425
52.1	131.459
52.2	131.493
52.3	131.527
52.4	131.561
52.5	131.595
52.6	131.629
52.7	131.662
52.8	131.696
52.9	131.73
53	131.763
53.1	131.797
53.2	131.831
53.3	131.864
53.4	131.898
53.5	131.931
53.6	131.964
53.7	131.998
53.8	132.031
53.9	132.064
54	132.097
54.1	132.131
54.2	132.164
54.3	132.197
54.4	132.23
54.5	132.263
54.6	132.296
54.7	132.329
54.8	132.362
54.9	132.395
55	132.428
55.1	132.461
55.2	132.493
55.3	132.526
55.4	132.559
55.5	132.591
55.6	132.624
55.7	132.657
55.8	132.689
55.9	132.722
56	132.754
56.1	132.787
56.2	132.819
56.3	132.851
56.4	132.884
56.5	132.916
56.6	132.948
56.7	132.98
56.8	133.013
56.9	133.045
57	133.077
57.1	133.109
57.2	133.141
57.3	133.173
57.4	133.205
57.5	133.237
57.6	133.269
57.7	133.301
57.8	133.332
57.9	133.364
58	133.396
58.1	133.428
58.2	133.459
58.3	133.491
58.4	133.523
58.5	133.554
58.6	133.586
58.7	133.617
58.8	133.649
58.9	133.68
59	133.711
59.1	133.743
59.2	133.774
59.3	133.805
59.4	133.837
59.5	133.868
59.6	133.899
59.7	133.93
59.8	133.961
59.9	133.992
60	134.024
60.1	134.055
60.2	134.086
60.3	134.116
60.4	134.147
60.5	134.178
60.6	134.209
60.7	134.24
60.8	134.271
60.9	134.302
61	134.332
61.1	134.363
61.2	134.394
61.3	134.424
61.4	134.455
61.5	134.485
61.6	134.516
61.7	134.546
61.8	134.577
61.9	134.607
62	134.638
62.1	134.668
62.2	134.698
62.3	134.729
62.4	134.759
62.5	134.789
62.6	134.819
62.7	134.849
62.8	134.88
62.9	134.91
63	134.94
63.1	134.97
63.2	135
63.3	135.03
63.4	135.06
63.5	135.09
63.6	135.12
63.7	135.149
63.8	135.179
63.9	135.209
64	135.239
64.1	135.268
64.2	135.298
64.3	135.328
64.4	135.357
64.5	135.387
64.6	135.417
64.7	135.446
64.8	135.476
64.9	135.505
65	135.535
65.1	135.564
65.2	135.593
65.3	135.623
65.4	135.652
65.5	135.681
65.6	135.711
65.7	135.74
65.8	135.769
65.9	135.798
66	135.827
66.1	135.857
66.2	135.886
66.3	135.915
66.4	135.944
66.5	135.973
66.6	136.002
66.7	136.031
66.8	136.06
66.9	136.088
67	136.117
67.1	136.146
67.2	136.175
67.3	136.204
67.4	136.232
67.5	136.261
67.6	136.29
67.7	136.318
67.8	136.347
67.9	136.376
68	136.404
68.1	136.433
68.2	136.461
68.3	136.49
68.4	136.518
68.5	136.547
68.6	136.575
68.7	136.603
68.8	136.632
68.9	136.66
69	136.688
69.1	136.717
69.2	136.745
69.3	136.773
69.4	136.801
69.5	136.829
69.6	136.857
69.7	136.886
69.8	136.914
69.9	136.942
70	136.97
70.1	136.998
70.2	137.026
70.3	137.054
70.4	137.081
70.5	137.109
70.6	137.137
70.7	137.165
70.8	137.193
70.9	137.22
71	137.248
71.1	137.276
71.2	137.304
71.3	137.331
71.4	137.359
71.5	137.386
71.6	137.414
71.7	137.442
71.8	137.469
71.9	137.497
72	137.524
72.1	137.552
72.2	137.579
72.3	137.606
72.4	137.634
72.5	137.661
72.6	137.688
72.7	137.716
72.8	137.743
72.9	137.77
73	137.797
73.1	137.825
73.2	137.852
73.3	137.879
73.4	137.906
73.5	137.933
73.6	137.96
73.7	137.987
73.8	138.014
73.9	138.041
74	138.068
74.1	138.095
74.2	138.122
74.3	138.149
74.4	138.176
74.5	138.202
74.6	138.229
74.7	138.256
74.8	138.283
74.9	138.309
75	138.336
75.1	138.363
75.2	138.39
75.3	138.416
75.4	138.443
75.5	138.469
75.6	138.496
75.7	138.522
75.8	138.549
75.9	138.575
76	138.602
76.1	138.628
76.2	138.655
76.3	138.681
76.4	138.707
76.5	138.734
76.6	138.76
76.7	138.786
76.8	138.813
76.9	138.839
77	138.865
77.1	138.891
77.2	138.917
77.3	138.944
77.4	138.97
77.5	138.996
77.6	139.022
77.7	139.048
77.8	139.074
77.9	139.1
78	139.126
78.1	139.152
78.2	139.178
78.3	139.204
78.4	139.23
78.5	139.256
78.6	139.281
78.7	139.307
78.8	139.333
78.9	139.359
79	139.384
79.1	139.41
79.2	139.436
79.3	139.462
79.4	139.487
79.5	139.513
79.6	139.538
79.7	139.564
79.8	139.59
79.9	139.615
80	139.641
80.1	139.666
80.2	139.692
80.3	139.717
80.4	139.743
80.5	139.768
80.6	139.793
80.7	139.819
80.8	139.844
80.9	139.869
81	139.895
81.1	139.92
81.2	139.945
81.3	139.97
81.4	139.996
81.5	140.021
81.6	140.046
81.7	140.071
81.8	140.096
81.9	140.121
82	140.146
82.1	140.172
82.2	140.197
82.3	140.222
82.4	140.247
82.5	140.272
82.6	140.296
82.7	140.321
82.8	140.346
82.9	140.371
83	140.396
83.1	140.421
83.2	140.446
83.3	140.471
83.4	140.495
83.5	140.52
83.6	140.545
83.7	140.57
83.8	140.594
83.9	140.619
84	140.644
84.1	140.668
84.2	140.693
84.3	140.717
84.4	140.742
84.5	140.766
84.6	140.791
84.7	140.816
84.8	140.84
84.9	140.864
85	140.889
85.1	140.913
85.2	140.938
85.3	140.962
85.4	140.986
85.5	141.011
85.6	141.035
85.7	141.059
85.8	141.084
85.9	141.108
86	141.132
86.1	141.156
86.2	141.181
86.3	141.205
86.4	141.229
86.5	141.253
86.6	141.277
86.7	141.301
86.8	141.325
86.9	141.35
87	141.374
87.1	141.398
87.2	141.422
87.3	141.446
87.4	141.47
87.5	141.493
87.6	141.517
87.7	141.541
87.8	141.565
87.9	141.589
88	141.613
88.1	141.637
88.2	141.661
88.3	141.684
88.4	141.708
88.5	141.732
88.6	141.756
88.7	141.779
88.8	141.803
88.9	141.827
89	141.85
89.1	141.874
89.2	141.898
89.3	141.921
89.4	141.945
89.5	141.968
89.6	141.992
89.7	142.015
89.8	142.039
89.9	142.062
90	142.086
90.1	142.109
90.2	142.133
90.3	142.156
90.4	142.179
90.5	142.203
90.6	142.226
90.7	142.249
90.8	142.273
90.9	142.296
91	142.319
91.1	142.343
91.2	142.366
91.3	142.389
91.4	142.412
91.5	142.435
91.6	142.459
91.7	142.482
91.8	142.505
91.9	142.528
92	142.551
92.1	142.574
92.2	142.597
92.3	142.62
92.4	142.643
92.5	142.666
92.6	142.689
92.7	142.712
92.8	142.735
92.9	142.758
93	142.781
93.1	142.804
93.2	142.827
93.3	142.85
93.4	142.872
93.5	142.895
93.6	142.918
93.7	142.941
93.8	142.964
93.9	142.986
94	143.009
94.1	143.032
94.2	143.055
94.3	143.077
94.4	143.1
94.5	143.123
94.6	143.145
94.7	143.168
94.8	143.19
94.9	143.213
95	143.236
95.1	143.258
95.2	143.281
95.3	143.303
95.4	143.326
95.5	143.348
95.6	143.371
95.7	143.393
95.8	143.415
95.9	143.438
96	143.46
96.1	143.483
96.2	143.505
96.3	143.527
96.4	143.55
96.5	143.572
96.6	143.594
96.7	143.616
96.8	143.639
96.9	143.661
97	143.683
97.1	143.705
97.2	143.728
97.3	143.75
97.4	143.772
97.5	143.794
97.6	143.816
97.7	143.838
97.8	143.86
97.9	143.882
98	143.904
98.1	143.926
98.2	143.948
98.3	143.97
98.4	143.992
98.5	144.014
98.6	144.036
98.7	144.058
98.8	144.08
98.9	144.102
99	144.124
99.1	144.146
99.2	144.168
99.3	144.19
99.4	144.211
99.5	144.233
99.6	144.255
99.7	144.277
99.8	144.299
99.9	144.32
100	144.342
100.1	144.364
100.2	144.385
100.3	144.407
100.4	144.429
100.5	144.45
100.6	144.472
100.7	144.494
100.8	144.515
100.9	144.537
101	144.558
101.1	144.58
101.2	144.602
101.3	144.623
101.4	144.645
101.5	144.666
101.6	144.688
101.7	144.709
101.8	144.73
101.9	144.752
102	144.773
102.1	144.795
102.2	144.816
102.3	144.837
102.4	144.859
102.5	144.88
102.6	144.901
102.7	144.923
102.8	144.944
102.9	144.965
103	144.987
103.1	145.008
103.2	145.029
103.3	145.05
103.4	145.072
103.5	145.093
103.6	145.114
103.7	145.135
103.8	145.156
103.9	145.177
104	145.198
104.1	145.219
104.2	145.241
104.3	145.262
104.4	145.283
104.5	145.304
104.6	145.325
104.7	145.346
104.8	145.367
104.9	145.388
105	145.409
105.1	145.43
105.2	145.451
105.3	145.471
105.4	145.492
105.5	145.513
105.6	145.534
105.7	145.555
105.8	145.576
105.9	145.597
106	145.617
106.1	145.638
106.2	145.659
106.3	145.68
106.4	145.701
106.5	145.721
106.6	145.742
106.7	145.763
106.8	145.783
106.9	145.804
107	145.825
107.1	145.846
107.2	145.866
107.3	145.887
107.4	145.907
107.5	145.928
107.6	145.949
107.7	145.969
107.8	145.99
107.9	146.01
108	146.031
108.1	146.051
108.2	146.072
108.3	146.092
108.4	146.113
108.5	146.133
108.6	146.154
108.7	146.174
108.8	146.195
108.9	146.215
109	146.235
109.1	146.256
109.2	146.276
109.3	146.296
109.4	146.317
109.5	146.337
109.6	146.357
109.7	146.378
109.8	146.398
109.9	146.418
110	146.438
110.1	146.459
110.2	146.479
110.3	146.499
110.4	146.519
110.5	146.539
110.6	146.56
110.7	146.58
110.8	146.6
110.9	146.62
111	146.64
111.1	146.66
111.2	146.68
111.3	146.7
111.4	146.721
111.5	146.741
111.6	146.761
111.7	146.781
111.8	146.801
111.9	146.821
112	146.841
112.1	146.861
112.2	146.881
112.3	146.9
112.4	146.92
112.5	146.94
112.6	146.96
112.7	146.98
112.8	147
112.9	147.02
113	147.04
113.1	147.06
113.2	147.079
113.3	147.099
113.4	147.119
113.5	147.139
113.6	147.159
113.7	147.178
113.8	147.198
113.9	147.218
114	147.237
114.1	147.257
114.2	147.277
114.3	147.297
114.4	147.316
114.5	147.336
114.6	147.356
114.7	147.375
114.8	147.395
114.9	147.414
115	147.434
115.1	147.454
115.2	147.473
115.3	147.493
115.4	147.512
115.5	147.532
115.6	147.551
115.7	147.571
115.8	147.59
115.9	147.61
116	147.629
116.1	147.649
116.2	147.668
116.3	147.687
116.4	147.707
116.5	147.726
116.6	147.746
116.7	147.765
116.8	147.784
116.9	147.804
117	147.823
117.1	147.842
117.2	147.862
117.3	147.881
117.4	147.9
117.5	147.92
117.6	147.939
117.7	147.958
117.8	147.977
117.9	147.997
118	148.016
118.1	148.035
118.2	148.054
118.3	148.073
118.4	148.093
118.5	148.112
118.6	148.131
118.7	148.15
118.8	148.169
118.9	148.188
119	148.207
119.1	148.226
119.2	148.245
119.3	148.265
119.4	148.284
119.5	148.303
119.6	148.322
119.7	148.341
119.8	148.36
119.9	148.379
120	148.398
120.1	148.417
120.2	148.436
120.3	148.454
120.4	148.473
120.5	148.492
120.6	148.511
120.7	148.53
120.8	148.549
120.9	148.568
121	148.587
121.1	148.606
121.2	148.624
121.3	148.643
121.4	148.662
121.5	148.681
121.6	148.7
121.7	148.718
121.8	148.737
121.9	148.756
122	148.775
122.1	148.793
122.2	148.812
122.3	148.831
122.4	148.849
122.5	148.868
122.6	148.887
122.7	148.905
122.8	148.924
122.9	148.943
123	148.961
123.1	148.98
123.2	148.999
123.3	149.017
123.4	149.036
123.5	149.054
123.6	149.073
123.7	149.091
123.8	149.11
123.9	149.129
124	149.147
124.1	149.166
124.2	149.184
124.3	149.203
124.4	149.221
124.5	149.239
124.6	149.258
124.7	149.276
124.8	149.295
124.9	149.313
125	149.332
125.1	149.35
125.2	149.368
125.3	149.387
125.4	149.405
125.5	149.423
125.6	149.442
125.7	149.46
125.8	149.478
125.9	149.497
126	149.515
126.1	149.533
126.2	149.551
126.3	149.57
126.4	149.588
126.5	149.606
126.6	149.624
126.7	149.643
126.8	149.661
126.9	149.679
127	149.697
127.1	149.715
127.2	149.734
127.3	149.752
127.4	149.77
127.5	149.788
127.6	149.806
127.7	149.824
127.8	149.842
127.9	149.86
128	149.878
128.1	149.897
128.2	149.915
128.3	149.933
128.4	149.951
128.5	149.969
128.6	149.987
128.7	150.005
128.8	150.023
128.9	150.041
129	150.059
129.1	150.077
129.2	150.095
129.3	150.112
129.4	150.13
129.5	150.148
129.6	150.166
129.7	150.184
129.8	150.202
129.9	150.22
130	150.238
130.1	150.256
130.2	150.273
130.3	150.291
130.4	150.309
130.5	150.327
130.6	150.345
130.7	150.362
130.8	150.38
130.9	150.398
131	150.416
131.1	150.433
131.2	150.451
131.3	150.469
131.4	150.487
131.5	150.504
131.6	150.522
131.7	150.54
131.8	150.557
131.9	150.575
132	150.593
132.1	150.61
132.2	150.628
132.3	150.646
132.4	150.663
132.5	150.681
132.6	150.698
132.7	150.716
132.8	150.734
132.9	150.751
133	150.769
133.1	150.786
133.2	150.804
133.3	150.821
133.4	150.839
133.5	150.856
133.6	150.874
133.7	150.891
133.8	150.909
133.9	150.926
134	150.944
134.1	150.961
134.2	150.979
134.3	150.996
134.4	151.014
134.5	151.031
134.6	151.048
134.7	151.066
134.8	151.083
134.9	151.1
135	151.118
135.1	151.135
135.2	151.152
135.3	151.17
135.4	151.187
135.5	151.204
135.6	151.222
135.7	151.239
135.8	151.256
135.9	151.274
136	151.291
136.1	151.308
136.2	151.325
136.3	151.343
136.4	151.36
136.5	151.377
136.6	151.394
136.7	151.411
136.8	151.429
136.9	151.446
137	151.463
137.1	151.48
137.2	151.497
137.3	151.514
137.4	151.531
137.5	151.549
137.6	151.566
137.7	151.583
137.8	151.6
137.9	151.617
138	151.634
138.1	151.651
138.2	151.668
138.3	151.685
138.4	151.702
138.5	151.719
138.6	151.736
138.7	151.753
138.8	151.77
138.9	151.787
139	151.804
139.1	151.821
139.2	151.838
139.3	151.855
139.4	151.872
139.5	151.889
139.6	151.906
139.7	151.923
139.8	151.94
139.9	151.957
140	151.973
140.1	151.99
140.2	152.007
140.3	152.024
140.4	152.041
140.5	152.058
140.6	152.075
140.7	152.091
140.8	152.108
140.9	152.125
141	152.142
141.1	152.159
141.2	152.175
141.3	152.192
141.4	152.209
141.5	152.226
141.6	152.242
141.7	152.259
141.8	152.276
141.9	152.292
142	152.309
142.1	152.326
142.2	152.343
142.3	152.359
142.4	152.376
142.5	152.393
142.6	152.409
142.7	152.426
142.8	152.442
142.9	152.459
143	152.476
143.1	152.492
143.2	152.509
143.3	152.525
143.4	152.542
143.5	152.559
143.6	152.575
143.7	152.592
143.8	152.608
143.9	152.625
144	152.641
144.1	152.658
144.2	152.674
144.3	152.691
144.4	152.707
144.5	152.724
144.6	152.74
144.7	152.757
144.8	152.773
144.9	152.79
145	152.806
145.1	152.822
145.2	152.839
145.3	152.855
145.4	152.872
145.5	152.888
145.6	152.904
145.7	152.921
145.8	152.937
145.9	152.954
146	152.97
146.1	152.986
146.2	153.003
146.3	153.019
146.4	153.035
146.5	153.052
146.6	153.068
146.7	153.084
146.8	153.1
146.9	153.117
147	153.133
147.1	153.149
147.2	153.165
147.3	153.182
147.4	153.198
147.5	153.214
147.6	153.23
147.7	153.247
147.8	153.263
147.9	153.279
148	153.295
148.1	153.311
148.2	153.327
148.3	153.344
148.4	153.36
148.5	153.376
148.6	153.392
148.7	153.408
148.8	153.424
148.9	153.44
149	153.456
149.1	153.473
149.2	153.489
149.3	153.505
149.4	153.521
149.5	153.537
149.6	153.553
149.7	153.569
149.8	153.585
149.9	153.601
150	153.617
150.1	153.633
150.2	153.649
150.3	153.665
150.4	153.681
150.5	153.697
150.6	153.713
150.7	153.729
150.8	153.745
150.9	153.761
151	153.777
151.1	153.793
151.2	153.808
151.3	153.824
151.4	153.84
151.5	153.856
151.6	153.872
151.7	153.888
151.8	153.904
151.9	153.92
152	153.936
152.1	153.951
152.2	153.967
152.3	153.983
152.4	153.999
152.5	154.015
152.6	154.03
152.7	154.046
152.8	154.062
152.9	154.078
153	154.094
153.1	154.109
153.2	154.125
153.3	154.141
153.4	154.157
153.5	154.172
153.6	154.188
153.7	154.204
153.8	154.219
153.9	154.235
154	154.251
154.1	154.267
154.2	154.282
154.3	154.298
154.4	154.314
154.5	154.329
154.6	154.345
154.7	154.361
154.8	154.376
154.9	154.392
155	154.407
155.1	154.423
155.2	154.439
155.3	154.454
155.4	154.47
155.5	154.485
155.6	154.501
155.7	154.516
155.8	154.532
155.9	154.548
156	154.563
156.1	154.579
156.2	154.594
156.3	154.61
156.4	154.625
156.5	154.641
156.6	154.656
156.7	154.672
156.8	154.687
156.9	154.703
157	154.718
157.1	154.733
157.2	154.749
157.3	154.764
157.4	154.78
157.5	154.795
157.6	154.811
157.7	154.826
157.8	154.841
157.9	154.857
158	154.872
158.1	154.888
158.2	154.903
158.3	154.918
158.4	154.934
158.5	154.949
158.6	154.964
158.7	154.98
158.8	154.995
158.9	155.01
159	155.026
159.1	155.041
159.2	155.056
159.3	155.072
159.4	155.087
159.5	155.102
159.6	155.117
159.7	155.133
159.8	155.148
159.9	155.163
160	155.178
160.1	155.194
160.2	155.209
160.3	155.224
160.4	155.239
160.5	155.254
160.6	155.27
160.7	155.285
160.8	155.3
160.9	155.315
161	155.33
161.1	155.345
161.2	155.361
161.3	155.376
161.4	155.391
161.5	155.406
161.6	155.421
161.7	155.436
161.8	155.451
161.9	155.466
162	155.482
162.1	155.497
162.2	155.512
162.3	155.527
162.4	155.542
162.5	155.557
162.6	155.572
162.7	155.587
162.8	155.602
162.9	155.617
163	155.632
163.1	155.647
163.2	155.662
163.3	155.677
163.4	155.692
163.5	155.707
163.6	155.722
163.7	155.737
163.8	155.752
163.9	155.767
164	155.782
164.1	155.797
164.2	155.812
164.3	155.827
164.4	155.842
164.5	155.857
164.6	155.871
164.7	155.886
164.8	155.901
164.9	155.916
165	155.931
165.1	155.946
165.2	155.961
165.3	155.976
165.4	155.99
165.5	156.005
165.6	156.02
165.7	156.035
165.8	156.05
165.9	156.065
166	156.079
166.1	156.094
166.2	156.109
166.3	156.124
166.4	156.139
166.5	156.153
166.6	156.168
166.7	156.183
166.8	156.198
166.9	156.212
167	156.227
167.1	156.242
167.2	156.257
167.3	156.271
167.4	156.286
167.5	156.301
167.6	156.315
167.7	156.33
167.8	156.345
167.9	156.359
168	156.374
168.1	156.389
168.2	156.403
168.3	156.418
168.4	156.433
168.5	156.447
168.6	156.462
168.7	156.477
168.8	156.491
168.9	156.506
169	156.52
169.1	156.535
169.2	156.55
169.3	156.564
169.4	156.579
169.5	156.593
169.6	156.608
169.7	156.623
169.8	156.637
169.9	156.652
170	156.666
170.1	156.681
170.2	156.695
170.3	156.71
170.4	156.724
170.5	156.739
170.6	156.753
170.7	156.768
170.8	156.782
170.9	156.797
171	156.811
171.1	156.826
171.2	156.84
171.3	156.855
171.4	156.869
171.5	156.883
171.6	156.898
171.7	156.912
171.8	156.927
171.9	156.941
172	156.956
172.1	156.97
172.2	156.984
172.3	156.999
172.4	157.013
172.5	157.027
172.6	157.042
172.7	157.056
172.8	157.071
172.9	157.085
173	157.099
173.1	157.114
173.2	157.128
173.3	157.142
173.4	157.157
173.5	157.171
173.6	157.185
173.7	157.199
173.8	157.214
173.9	157.228
174	157.242
174.1	157.257
174.2	157.271
174.3	157.285
174.4	157.299
174.5	157.314
174.6	157.328
174.7	157.342
174.8	157.356
174.9	157.371
175	157.385
175.1	157.399
175.2	157.413
175.3	157.427
175.4	157.442
175.5	157.456
175.6	157.47
175.7	157.484
175.8	157.498
175.9	157.512
176	157.527
176.1	157.541
176.2	157.555
176.3	157.569
176.4	157.583
176.5	157.597
176.6	157.611
176.7	157.625
176.8	157.64
176.9	157.654
177	157.668
177.1	157.682
177.2	157.696
177.3	157.71
177.4	157.724
177.5	157.738
177.6	157.752
177.7	157.766
177.8	157.78
177.9	157.794
178	157.808
178.1	157.822
178.2	157.836
178.3	157.85
178.4	157.864
178.5	157.878
178.6	157.892
178.7	157.906
178.8	157.92
178.9	157.934
179	157.948
179.1	157.962
179.2	157.976
179.3	157.99
179.4	158.004
179.5	158.018
179.6	158.032
179.7	158.046
179.8	158.06
179.9	158.074
180	158.088
180.1	158.101
180.2	158.115
180.3	158.129
180.4	158.143
180.5	158.157
180.6	158.171
180.7	158.185
180.8	158.199
180.9	158.212
181	158.226
181.1	158.24
181.2	158.254
181.3	158.268
181.4	158.282
181.5	158.295
181.6	158.309
181.7	158.323
181.8	158.337
181.9	158.351
182	158.364
182.1	158.378
182.2	158.392
182.3	158.406
182.4	158.419
182.5	158.433
182.6	158.447
182.7	158.461
182.8	158.474
182.9	158.488
183	158.502
183.1	158.516
183.2	158.529
183.3	158.543
183.4	158.557
183.5	158.57
183.6	158.584
183.7	158.598
183.8	158.612
183.9	158.625
184	158.639
184.1	158.653
184.2	158.666
184.3	158.68
184.4	158.693
184.5	158.707
184.6	158.721
184.7	158.734
184.8	158.748
184.9	158.762
185	158.775
185.1	158.789
185.2	158.802
185.3	158.816
185.4	158.83
185.5	158.843
185.6	158.857
185.7	158.87
185.8	158.884
185.9	158.898
186	158.911
186.1	158.925
186.2	158.938
186.3	158.952
186.4	158.965
186.5	158.979
186.6	158.992
186.7	159.006
186.8	159.019
186.9	159.033
187	159.046
187.1	159.06
187.2	159.073
187.3	159.087
187.4	159.1
187.5	159.114
187.6	159.127
187.7	159.141
187.8	159.154
187.9	159.168
188	159.181
188.1	159.194
188.2	159.208
188.3	159.221
188.4	159.235
188.5	159.248
188.6	159.261
188.7	159.275
188.8	159.288
188.9	159.302
189	159.315
189.1	159.328
189.2	159.342
189.3	159.355
189.4	159.369
189.5	159.382
189.6	159.395
189.7	159.409
189.8	159.422
189.9	159.435
190	159.449
190.1	159.462
190.2	159.475
190.3	159.489
190.4	159.502
190.5	159.515
190.6	159.529
190.7	159.542
190.8	159.555
190.9	159.568
191	159.582
191.1	159.595
191.2	159.608
191.3	159.621
191.4	159.635
191.5	159.648
191.6	159.661
191.7	159.674
191.8	159.688
191.9	159.701
192	159.714
192.1	159.727
192.2	159.741
192.3	159.754
192.4	159.767
192.5	159.78
192.6	159.793
192.7	159.807
192.8	159.82
192.9	159.833
193	159.846
193.1	159.859
193.2	159.872
193.3	159.886
193.4	159.899
193.5	159.912
193.6	159.925
193.7	159.938
193.8	159.951
193.9	159.964
194	159.977
194.1	159.991
194.2	160.004
194.3	160.017
194.4	160.03
194.5	160.043
194.6	160.056
194.7	160.069
194.8	160.082
194.9	160.095
195	160.108
195.1	160.121
195.2	160.134
195.3	160.147
195.4	160.161
195.5	160.174
195.6	160.187
195.7	160.2
195.8	160.213
195.9	160.226
196	160.239
196.1	160.252
196.2	160.265
196.3	160.278
196.4	160.291
196.5	160.304
196.6	160.317
196.7	160.33
196.8	160.343
196.9	160.356
197	160.368
197.1	160.381
197.2	160.394
197.3	160.407
197.4	160.42
197.5	160.433
197.6	160.446
197.7	160.459
197.8	160.472
197.9	160.485
198	160.498
198.1	160.511
198.2	160.524
198.3	160.536
198.4	160.549
198.5	160.562
198.6	160.575
198.7	160.588
198.8	160.601
198.9	160.614
199	160.627
199.1	160.639
199.2	160.652
199.3	160.665
199.4	160.678
199.5	160.691
199.6	160.704
199.7	160.716
199.8	160.729
199.9	160.742
200	160.755
200.1	160.768
200.2	160.78
200.3	160.793
200.4	160.806
200.5	160.819
200.6	160.832
200.7	160.844
200.8	160.857
200.9	160.87
201	160.883
201.1	160.895
201.2	160.908
201.3	160.921
201.4	160.934
201.5	160.946
201.6	160.959
201.7	160.972
201.8	160.985
201.9	160.997
202	161.01
202.1	161.023
202.2	161.035
202.3	161.048
202.4	161.061
202.5	161.073
202.6	161.086
202.7	161.099
202.8	161.111
202.9	161.124
203	161.137
203.1	161.149
203.2	161.162
203.3	161.175
203.4	161.187
203.5	161.2
203.6	161.213
203.7	161.225
203.8	161.238
203.9	161.25
204	161.263
204.1	161.276
204.2	161.288
204.3	161.301
204.4	161.313
204.5	161.326
204.6	161.339
204.7	161.351
204.8	161.364
204.9	161.376
205	161.389
205.1	161.401
205.2	161.414
205.3	161.427
205.4	161.439
205.5	161.452
205.6	161.464
205.7	161.477
205.8	161.489
205.9	161.502
206	161.514
206.1	161.527
206.2	161.539
206.3	161.552
206.4	161.564
206.5	161.577
206.6	161.589
206.7	161.602
206.8	161.614
206.9	161.627
207	161.639
207.1	161.652
207.2	161.664
207.3	161.676
207.4	161.689
207.5	161.701
207.6	161.714
207.7	161.726
207.8	161.739
207.9	161.751
208	161.764
208.1	161.776
208.2	161.788
208.3	161.801
208.4	161.813
208.5	161.826
208.6	161.838
208.7	161.85
208.8	161.863
208.9	161.875
209	161.887
209.1	161.9
209.2	161.912
209.3	161.925
209.4	161.937
209.5	161.949
209.6	161.962
209.7	161.974
209.8	161.986
209.9	161.999
210	162.011
210.1	162.023
210.2	162.036
210.3	162.048
210.4	162.06
210.5	162.072
210.6	162.085
210.7	162.097
210.8	162.109
210.9	162.122
211	162.134
211.1	162.146
211.2	162.158
211.3	162.171
211.4	162.183
211.5	162.195
211.6	162.207
211.7	162.22
211.8	162.232
211.9	162.244
212	162.256
212.1	162.269
212.2	162.281
212.3	162.293
212.4	162.305
212.5	162.318
212.6	162.33
212.7	162.342
212.8	162.354
212.9	162.366
213	162.379
213.1	162.391
213.2	162.403
213.3	162.415
213.4	162.427
213.5	162.439
213.6	162.452
213.7	162.464
213.8	162.476
213.9	162.488
214	162.5
214.1	162.512
214.2	162.524
214.3	162.537
214.4	162.549
214.5	162.561
214.6	162.573
214.7	162.585
214.8	162.597
214.9	162.609
215	162.621
215.1	162.633
215.2	162.646
215.3	162.658
215.4	162.67
215.5	162.682
215.6	162.694
215.7	162.706
215.8	162.718
215.9	162.73
216	162.742
216.1	162.754
216.2	162.766
216.3	162.778
216.4	162.79
216.5	162.802
216.6	162.814
216.7	162.826
216.8	162.838
216.9	162.85
217	162.862
217.1	162.874
217.2	162.886
217.3	162.898
217.4	162.91
217.5	162.922
217.6	162.934
217.7	162.946
217.8	162.958
217.9	162.97
218	162.982
218.1	162.994
218.2	163.006
218.3	163.018
218.4	163.03
218.5	163.042
218.6	163.054
218.7	163.066
218.8	163.078
218.9	163.09
219	163.102
219.1	163.114
219.2	163.126
219.3	163.137
219.4	163.149
219.5	163.161
219.6	163.173
219.7	163.185
219.8	163.197
219.9	163.209
220	163.221
220.1	163.233
220.2	163.244
220.3	163.256
220.4	163.268
220.5	163.28
220.6	163.292
220.7	163.304
220.8	163.316
220.9	163.327
221	163.339
221.1	163.351
221.2	163.363
221.3	163.375
221.4	163.387
221.5	163.398
221.6	163.41
221.7	163.422
221.8	163.434
221.9	163.446
222	163.457
222.1	163.469
222.2	163.481
222.3	163.493
222.4	163.505
222.5	163.516
222.6	163.528
222.7	163.54
222.8	163.552
222.9	163.563
223	163.575
223.1	163.587
223.2	163.599
223.3	163.61
223.4	163.622
223.5	163.634
223.6	163.646
223.7	163.657
223.8	163.669
223.9	163.681
224	163.693
224.1	163.704
224.2	163.716
224.3	163.728
224.4	163.739
224.5	163.751
224.6	163.763
224.7	163.774
224.8	163.786
224.9	163.798
225	163.809
225.1	163.821
225.2	163.833
225.3	163.844
225.4	163.856
225.5	163.868
225.6	163.879
225.7	163.891
225.8	163.903
225.9	163.914
226	163.926
226.1	163.938
226.2	163.949
226.3	163.961
226.4	163.972
226.5	163.984
226.6	163.996
226.7	164.007
226.8	164.019
226.9	164.03
227	164.042
227.1	164.054
227.2	164.065
227.3	164.077
227.4	164.088
227.5	164.1
227.6	164.112
227.7	164.123
227.8	164.135
227.9	164.146
228	164.158
228.1	164.169
228.2	164.181
228.3	164.192
228.4	164.204
228.5	164.215
228.6	164.227
228.7	164.239
228.8	164.25
228.9	164.262
229	164.273
229.1	164.285
229.2	164.296
229.3	164.308
229.4	164.319
229.5	164.331
229.6	164.342
229.7	164.354
229.8	164.365
229.9	164.376
230	164.388
230.1	164.399
230.2	164.411
230.3	164.422
230.4	164.434
230.5	164.445
230.6	164.457
230.7	164.468
230.8	164.48
230.9	164.491
231	164.502
231.1	164.514
231.2	164.525
231.3	164.537
231.4	164.548
231.5	164.56
231.6	164.571
231.7	164.582
231.8	164.594
231.9	164.605
232	164.617
232.1	164.628
232.2	164.639
232.3	164.651
232.4	164.662
232.5	164.673
232.6	164.685
232.7	164.696
232.8	164.708
232.9	164.719
233	164.73
233.1	164.742
233.2	164.753
233.3	164.764
233.4	164.776
233.5	164.787
233.6	164.798
233.7	164.81
233.8	164.821
233.9	164.832
234	164.844
234.1	164.855
234.2	164.866
234.3	164.878
234.4	164.889
234.5	164.9
234.6	164.911
234.7	164.923
234.8	164.934
234.9	164.945
235	164.957
235.1	164.968
235.2	164.979
235.3	164.99
235.4	165.002
235.5	165.013
235.6	165.024
235.7	165.035
235.8	165.047
235.9	165.058
236	165.069
236.1	165.08
236.2	165.092
236.3	165.103
236.4	165.114
236.5	165.125
236.6	165.137
236.7	165.148
236.8	165.159
236.9	165.17
237	165.181
237.1	165.193
237.2	165.204
237.3	165.215
237.4	165.226
237.5	165.237
237.6	165.249
237.7	165.26
237.8	165.271
237.9	165.282
238	165.293
238.1	165.304
238.2	165.316
238.3	165.327
238.4	165.338
238.5	165.349
238.6	165.36
238.7	165.371
238.8	165.382
238.9	165.394
239	165.405
239.1	165.416
239.2	165.427
239.3	165.438
239.4	165.449
239.5	165.46
239.6	165.471
239.7	165.482
239.8	165.494
239.9	165.505
240	165.516
240.1	165.527
240.2	165.538
240.3	165.549
240.4	165.56
240.5	165.571
240.6	165.582
240.7	165.593
240.8	165.604
240.9	165.615
241	165.627
241.1	165.638
241.2	165.649
241.3	165.66
241.4	165.671
241.5	165.682
241.6	165.693
241.7	165.704
241.8	165.715
241.9	165.726
242	165.737
242.1	165.748
242.2	165.759
242.3	165.77
242.4	165.781
242.5	165.792
242.6	165.803
242.7	165.814
242.8	165.825
242.9	165.836
243	165.847
243.1	165.858
243.2	165.869
243.3	165.88
243.4	165.891
243.5	165.902
243.6	165.913
243.7	165.924
243.8	165.935
243.9	165.946
244	165.957
244.1	165.967
244.2	165.978
244.3	165.989
244.4	166
244.5	166.011
244.6	166.022
244.7	166.033
244.8	166.044
244.9	166.055
245	166.066
245.1	166.077
245.2	166.088
245.3	166.099
245.4	166.109
245.5	166.12
245.6	166.131
245.7	166.142
245.8	166.153
245.9	166.164
246	166.175
246.1	166.186
246.2	166.196
246.3	166.207
246.4	166.218
246.5	166.229
246.6	166.24
246.7	166.251
246.8	166.262
246.9	166.272
247	166.283
247.1	166.294
247.2	166.305
247.3	166.316
247.4	166.327
247.5	166.337
247.6	166.348
247.7	166.359
247.8	166.37
247.9	166.381
248	166.392
248.1	166.402
248.2	166.413
248.3	166.424
248.4	166.435
248.5	166.446
248.6	166.456
248.7	166.467
248.8	166.478
248.9	166.489
249	166.499
249.1	166.51
249.2	166.521
249.3	166.532
249.4	166.543
249.5	166.553
249.6	166.564
249.7	166.575
249.8	166.586
249.9	166.596
250	166.607
250.1	166.618
250.2	166.628
250.3	166.639
250.4	166.65
250.5	166.661
250.6	166.671
250.7	166.682
250.8	166.693
250.9	166.704
251	166.714
251.1	166.725
251.2	166.736
251.3	166.746
251.4	166.757
251.5	166.768
251.6	166.778
251.7	166.789
251.8	166.8
251.9	166.81
252	166.821
252.1	166.832
252.2	166.842
252.3	166.853
252.4	166.864
252.5	166.874
252.6	166.885
252.7	166.896
252.8	166.906
252.9	166.917
253	166.928
253.1	166.938
253.2	166.949
253.3	166.96
253.4	166.97
253.5	166.981
253.6	166.991
253.7	167.002
253.8	167.013
253.9	167.023
254	167.034
254.1	167.044
254.2	167.055
254.3	167.066
254.4	167.076
254.5	167.087
254.6	167.097
254.7	167.108
254.8	167.119
254.9	167.129
255	167.14
255.1	167.15
255.2	167.161
255.3	167.171
255.4	167.182
255.5	167.192
255.6	167.203
255.7	167.214
255.8	167.224
255.9	167.235
256	167.245
256.1	167.256
256.2	167.266
256.3	167.277
256.4	167.287
256.5	167.298
256.6	167.308
256.7	167.319
256.8	167.329
256.9	167.34
257	167.35
257.1	167.361
257.2	167.371
257.3	167.382
257.4	167.392
257.5	167.403
257.6	167.413
257.7	167.424
257.8	167.434
257.9	167.445
258	167.455
258.1	167.466
258.2	167.476
258.3	167.487
258.4	167.497
258.5	167.508
258.6	167.518
258.7	167.529
258.8	167.539
258.9	167.549
259	167.56
259.1	167.57
259.2	167.581
259.3	167.591
259.4	167.602
259.5	167.612
259.6	167.622
259.7	167.633
259.8	167.643
259.9	167.654
260	167.664
260.1	167.675
260.2	167.685
260.3	167.695
260.4	167.706
260.5	167.716
260.6	167.727
260.7	167.737
260.8	167.747
260.9	167.758
261	167.768
261.1	167.778
261.2	167.789
261.3	167.799
261.4	167.81
261.5	167.82
261.6	167.83
261.7	167.841
261.8	167.851
261.9	167.861
262	167.872
262.1	167.882
262.2	167.892
262.3	167.903
262.4	167.913
262.5	167.923
262.6	167.934
262.7	167.944
262.8	167.954
262.9	167.965
263	167.975
263.1	167.985
263.2	167.996
263.3	168.006
263.4	168.016
263.5	168.027
263.6	168.037
263.7	168.047
263.8	168.057
263.9	168.068
264	168.078
264.1	168.088
264.2	168.099
264.3	168.109
264.4	168.119
264.5	168.129
264.6	168.14
264.7	168.15
264.8	168.16
264.9	168.17
265	168.181
265.1	168.191
265.2	168.201
265.3	168.211
265.4	168.222
265.5	168.232
265.6	168.242
265.7	168.252
265.8	168.263
265.9	168.273
266	168.283
266.1	168.293
266.2	168.303
266.3	168.314
266.4	168.324
266.5	168.334
266.6	168.344
266.7	168.354
266.8	168.365
266.9	168.375
267	168.385
267.1	168.395
267.2	168.405
267.3	168.416
267.4	168.426
267.5	168.436
267.6	168.446
267.7	168.456
267.8	168.467
267.9	168.477
268	168.487
268.1	168.497
268.2	168.507
268.3	168.517
268.4	168.527
268.5	168.538
268.6	168.548
268.7	168.558
268.8	168.568
268.9	168.578
269	168.588
269.1	168.598
269.2	168.609
269.3	168.619
269.4	168.629
269.5	168.639
269.6	168.649
269.7	168.659
269.8	168.669
269.9	168.679
270	168.689
270.1	168.7
270.2	168.71
270.3	168.72
270.4	168.73
270.5	168.74
270.6	168.75
270.7	168.76
270.8	168.77
270.9	168.78
271	168.79
271.1	168.8
271.2	168.81
271.3	168.821
271.4	168.831
271.5	168.841
271.6	168.851
271.7	168.861
271.8	168.871
271.9	168.881
272	168.891
272.1	168.901
272.2	168.911
272.3	168.921
272.4	168.931
272.5	168.941
272.6	168.951
272.7	168.961
272.8	168.971
272.9	168.981
273	168.991
273.1	169.001
273.2	169.011
273.3	169.021
273.4	169.031
273.5	169.041
273.6	169.051
273.7	169.061
273.8	169.071
273.9	169.081
274	169.091
274.1	169.101
274.2	169.111
274.3	169.121
274.4	169.131
274.5	169.141
274.6	169.151
274.7	169.161
274.8	169.171
274.9	169.181
275	169.191
275.1	169.201
275.2	169.211
275.3	169.221
275.4	169.231
275.5	169.241
275.6	169.251
275.7	169.26
275.8	169.27
275.9	169.28
276	169.29
276.1	169.3
276.2	169.31
276.3	169.32
276.4	169.33
276.5	169.34
276.6	169.35
276.7	169.36
276.8	169.37
276.9	169.379
277	169.389
277.1	169.399
277.2	169.409
277.3	169.419
277.4	169.429
277.5	169.439
277.6	169.449
277.7	169.459
277.8	169.468
277.9	169.478
278	169.488
278.1	169.498
278.2	169.508
278.3	169.518
278.4	169.528
278.5	169.538
278.6	169.547
278.7	169.557
278.8	169.567
278.9	169.577
279	169.587
279.1	169.597
279.2	169.606
279.3	169.616
279.4	169.626
279.5	169.636
279.6	169.646
279.7	169.656
279.8	169.665
279.9	169.675
280	169.685
280.1	169.695
280.2	169.705
280.3	169.714
280.4	169.724
280.5	169.734
280.6	169.744
280.7	169.754
280.8	169.763
280.9	169.773
281	169.783
281.1	169.793
281.2	169.803
281.3	169.812
281.4	169.822
281.5	169.832
281.6	169.842
281.7	169.851
281.8	169.861
281.9	169.871
282	169.881
282.1	169.89
282.2	169.9
282.3	169.91
282.4	169.92
282.5	169.929
282.6	169.939
282.7	169.949
282.8	169.959
282.9	169.968
283	169.978
283.1	169.988
283.2	169.998
283.3	170.007
283.4	170.017
283.5	170.027
283.6	170.036
283.7	170.046
283.8	170.056
283.9	170.066
284	170.075
284.1	170.085
284.2	170.095
284.3	170.104
284.4	170.114
284.5	170.124
284.6	170.133
284.7	170.143
284.8	170.153
284.9	170.163
285	170.172
285.1	170.182
285.2	170.192
285.3	170.201
285.4	170.211
285.5	170.221
285.6	170.23
285.7	170.24
285.8	170.25
285.9	170.259
286	170.269
286.1	170.278
286.2	170.288
286.3	170.298
286.4	170.307
286.5	170.317
286.6	170.327
286.7	170.336
286.8	170.346
286.9	170.356
287	170.365
287.1	170.375
287.2	170.384
287.3	170.394
287.4	170.404
287.5	170.413
287.6	170.423
287.7	170.432
287.8	170.442
287.9	170.452
288	170.461
288.1	170.471
288.2	170.48
288.3	170.49
288.4	170.5
288.5	170.509
288.6	170.519
288.7	170.528
288.8	170.538
288.9	170.548
289	170.557
289.1	170.567
289.2	170.576
289.3	170.586
289.4	170.595
289.5	170.605
289.6	170.614
289.7	170.624
289.8	170.634
289.9	170.643
290	170.653
290.1	170.662
290.2	170.672
290.3	170.681
290.4	170.691
290.5	170.7
290.6	170.71
290.7	170.719
290.8	170.729
290.9	170.738
291	170.748
291.1	170.757
291.2	170.767
291.3	170.776
291.4	170.786
291.5	170.795
291.6	170.805
291.7	170.814
291.8	170.824
291.9	170.833
292	170.843
292.1	170.852
292.2	170.862
292.3	170.871
292.4	170.881
292.5	170.89
292.6	170.9
292.7	170.909
292.8	170.919
292.9	170.928
293	170.938
293.1	170.947
293.2	170.957
293.3	170.966
293.4	170.976
293.5	170.985
293.6	170.994
293.7	171.004
293.8	171.013
293.9	171.023
294	171.032
294.1	171.042
294.2	171.051
294.3	171.061
294.4	171.07
294.5	171.079
294.6	171.089
294.7	171.098
294.8	171.108
294.9	171.117
295	171.126
295.1	171.136
295.2	171.145
295.3	171.155
295.4	171.164
295.5	171.174
295.6	171.183
295.7	171.192
295.8	171.202
295.9	171.211
296	171.221
296.1	171.23
296.2	171.239
296.3	171.249
296.4	171.258
296.5	171.267
296.6	171.277
296.7	171.286
296.8	171.296
296.9	171.305
297	171.314
297.1	171.324
297.2	171.333
297.3	171.342
297.4	171.352
297.5	171.361
297.6	171.37
297.7	171.38
297.8	171.389
297.9	171.398
298	171.408
298.1	171.417
298.2	171.426
298.3	171.436
298.4	171.445
298.5	171.454
298.6	171.464
298.7	171.473
298.8	171.482
298.9	171.492
299	171.501
299.1	171.51
299.2	171.52
299.3	171.529
299.4	171.538
299.5	171.548
299.6	171.557
299.7	171.566
299.8	171.575
299.9	171.585
300	171.594
