"F2"	"Q2"	"x"	"F2err"
0.154	0.1	2.43e-06	0.0081652
0.207	0.15	3.31e-06	0.0061104
0.19	0.15	4.14e-06	0.0061149
0.187	0.15	5.02e-06	0.01036
0.247	0.2	4.41e-06	0.007008
0.24	0.2	5.52e-06	0.006439
0.229	0.2	6.69e-06	0.0059247
0.225	0.2	8.49e-06	0.0066304
0.209	0.2	1.1e-05	0.0090064
0.211	0.2	3.98e-05	0.0434027
0.181	0.2	0.000251	0.0278016
0.291	0.25	5.52e-06	0.008601
0.281	0.25	6.9e-06	0.0077556
0.269	0.25	8.36e-06	0.007315
0.262	0.25	1.06e-05	0.0067599
0.251	0.25	1.38e-05	0.006625
0.245	0.25	2.3e-05	0.0101675
0.237	0.25	3.98e-05	0.0113523
0.2	0.25	0.00011	0.0099
0.196	0.25	0.000251	0.0101724
0.195	0.25	0.000394	0.0115635
0.199	0.25	0.00158	0.0252531
0.351	0.35	6.62e-06	0.0108192
0.344	0.35	8.28e-06	0.0102845
0.353	0.35	1e-05	0.009744
0.329	0.35	1.27e-05	0.0088672
0.317	0.35	1.65e-05	0.0081844
0.299	0.35	3.2e-05	0.0125281
0.284	0.35	6.62e-05	0.0098484
0.259	0.35	0.00013	0.0086765
0.242	0.35	0.00022	0.0092202
0.242	0.35	5e-04	0.0091718
0.202	0.35	0.00251	0.0224018
0.365	0.4	8.83e-06	0.0179478
0.378	0.4	1.1e-05	0.013206
0.36	0.4	1.33e-05	0.0116025
0.357	0.4	1.7e-05	0.010153
0.337	0.4	2.2e-05	0.0093744
0.333	0.4	3.68e-05	0.0141764
0.321	0.4	8.83e-05	0.0115881
0.288	0.4	0.000176	0.0105984
0.277	0.4	0.000294	0.0101659
0.261	0.4	0.000631	0.0103095
0.433	0.5	1.58e-05	0.0199485
0.394	0.5	2.12e-05	0.0123872
0.38	0.5	2.76e-05	0.0115595
0.368	0.5	3.98e-05	0.0161113
0.349	0.5	1e-04	0.0098418
0.308	0.5	0.000251	0.0088704
0.301	0.5	0.000368	0.009331
0.288	0.5	8e-04	0.008784
0.183	0.5	0.0032	0.023973
0.472	0.65	1.58e-05	0.0299744
0.52	0.65	1.64e-05	0.0423488
0.476	0.65	3.98e-05	0.01862
0.42	0.65	5.98e-05	0.021462
0.411	0.65	1e-04	0.014022
0.362	0.65	0.000251	0.0114754
0.333	0.65	0.000478	0.0114552
0.319	0.65	8e-04	0.0097614
0.225	0.65	0.0032	0.0152325
0.617	0.85	2e-05	0.0268492
0.625	0.85	2e-05	0.0365348
0.564	0.85	3.98e-05	0.0186813
0.546	0.85	5e-05	0.0320416
0.503	0.85	1e-04	0.0310738
0.399	0.85	0.000251	0.0284968
0.351	0.85	8e-04	0.0194103
0.309	0.85	0.0032	0.0167787
0.699	1.2	2e-05	0.0261579
0.68	1.2	3.2e-05	0.0281474
0.698	1.2	3.2e-05	0.0240112
0.653	1.2	6.31e-05	0.0166005
0.6	1.2	8e-05	0.0186576
0.545	1.2	0.00013	0.0313375
0.534	1.2	0.000158	0.014151
0.495	1.2	0.000398	0.021087
0.374	1.2	0.0013	0.017391
0.299	1.2	0.005	0.0163254
0.847	1.5	3.2e-05	0.054186
0.774	1.5	3.2e-05	0.022801
0.77	1.5	5e-05	0.0202958
0.705	1.5	8e-05	0.020358
0.649	1.5	0.00013	0.021417
0.616	1.5	2e-04	0.0240856
0.58	1.5	0.00032	0.019372
0.55	1.5	5e-04	0.042405
0.493	1.5	8e-04	0.0181917
0.465	1.5	0.001	0.030597
0.412	1.5	0.0032	0.014214
0.863	2	5e-05	0.0251687
0.83	2	5e-05	0.0220275
0.765	2	8e-05	0.0150508
0.727	2	0.00013	0.0147581
0.684	2	2e-04	0.0145008
0.631	2	0.00032	0.0147654
0.578	2	5e-04	0.0157794
0.512	2	0.001	0.011776
0.428	2	0.0032	0.0118128
0.913	2.7	5e-05	0.029949
0.901	2.7	5e-05	0.0216972
0.899	2.7	8e-05	0.0358584
0.892	2.7	8e-05	0.0138216
0.806	2.7	0.00013	0.0109344
0.78	2.7	2e-04	0.015678
0.702	2.7	0.00032	0.0127764
0.647	2.7	5e-04	0.0119048
0.596	2.7	8e-04	0.0132312
0.57	2.7	0.0013	0.011514
0.484	2.7	0.002	0.014762
0.46	2.7	0.005	0.01196
0.997	3.5	8e-05	0.0253561
0.972	3.5	8e-05	0.0217512
0.928	3.5	0.00013	0.0122626
0.86	3.5	2e-04	0.0113256
0.796	3.5	0.00032	0.011448
0.754	3.5	5e-04	0.012441
0.663	3.5	8e-04	0.0106743
0.627	3.5	0.0013	0.0117876
0.571	3.5	0.002	0.007423
0.463	3.5	0.008	0.0077784
1.029	4.5	0.00013	0.022939
1.045	4.5	0.00013	0.0190735
0.972	4.5	2e-04	0.0137314
0.899	4.5	0.00032	0.0129312
0.801	4.5	5e-04	0.01216
0.724	4.5	8e-04	0.0125252
0.669	4.5	0.0013	0.012042
0.618	4.5	0.002	0.0113094
0.575	4.5	0.0032	0.009775
1.227	6.5	0.00013	0.029854
1.167	6.5	0.00013	0.0326502
1.134	6.5	2e-04	0.0231426
1.147	6.5	2e-04	0.0168519
1.01	6.5	0.00032	0.0131786
0.939	6.5	5e-04	0.0149142
0.857	6.5	8e-04	0.0125979
0.761	6.5	0.0013	0.0117194
0.699	6.5	0.002	0.0096462
0.644	6.5	0.0032	0.0104972
0.581	6.5	0.005	0.0091798
1.258	8.5	2e-04	0.0238095
1.213	8.5	2e-04	0.0331018
1.126	8.5	0.00032	0.0157215
1.026	8.5	5e-04	0.0147168
0.937	8.5	8e-04	0.013104
0.845	8.5	0.0013	0.012238
0.773	8.5	0.002	0.0141459
0.664	8.5	0.0032	0.0126824
0.635	8.5	0.005	0.0109855
1.306	10	2e-04	0.0409344
1.169	10	0.00032	0.0277873
1.074	10	5e-04	0.0243732
0.985	10	8e-04	0.0233954
0.899	10	0.0013	0.0234378
0.809	10	0.002	0.0230565
0.633	10	0.005	0.0105078