W	Pred
1.5	152.026
1.6	148.778
1.7	145.915
1.8	143.374
1.9	141.105
2	139.071
2.1	137.236
2.2	135.576
2.3	134.068
2.4	132.692
2.5	131.434
2.6	130.281
2.7	129.22
2.8	128.242
2.9	127.339
3	126.503
3.1	125.728
3.2	125.008
3.3	124.338
3.4	123.713
3.5	123.13
3.6	122.586
3.7	122.077
3.8	121.6
3.9	121.153
4	120.734
4.1	120.34
4.2	119.97
4.3	119.622
4.4	119.295
4.5	118.986
4.6	118.696
4.7	118.422
4.8	118.164
4.9	117.921
5	117.691
5.1	117.474
5.2	117.269
5.3	117.076
5.4	116.893
5.5	116.721
5.6	116.558
5.7	116.404
5.8	116.259
5.9	116.122
6	115.993
6.1	115.87
6.2	115.755
6.3	115.646
6.4	115.544
6.5	115.447
6.6	115.356
6.7	115.27
6.8	115.19
6.9	115.114
7	115.043
7.1	114.977
7.2	114.914
7.3	114.856
7.4	114.801
7.5	114.75
7.6	114.703
7.7	114.659
7.8	114.618
7.9	114.581
8	114.546
8.1	114.514
8.2	114.485
8.3	114.458
8.4	114.434
8.5	114.413
8.6	114.393
8.7	114.376
8.8	114.361
8.9	114.348
9	114.337
9.1	114.328
9.2	114.321
9.3	114.315
9.4	114.311
9.5	114.309
9.6	114.309
9.7	114.309
9.8	114.312
9.9	114.315
10	114.32
10.1	114.327
10.2	114.334
10.3	114.343
10.4	114.353
10.5	114.364
10.6	114.376
10.7	114.39
10.8	114.404
10.9	114.419
11	114.435
11.1	114.452
11.2	114.47
11.3	114.489
11.4	114.508
11.5	114.529
11.6	114.55
11.7	114.572
11.8	114.595
11.9	114.618
12	114.642
12.1	114.666
12.2	114.692
12.3	114.718
12.4	114.744
12.5	114.771
12.6	114.799
12.7	114.827
12.8	114.855
12.9	114.884
13	114.914
13.1	114.944
13.2	114.975
13.3	115.005
13.4	115.037
13.5	115.069
13.6	115.101
13.7	115.133
13.8	115.166
13.9	115.199
14	115.233
14.1	115.267
14.2	115.301
14.3	115.336
14.4	115.371
14.5	115.406
14.6	115.441
14.7	115.477
14.8	115.513
14.9	115.549
15	115.586
15.1	115.623
15.2	115.66
15.3	115.697
15.4	115.734
15.5	115.772
15.6	115.81
15.7	115.848
15.8	115.886
15.9	115.925
16	115.963
16.1	116.002
16.2	116.041
16.3	116.08
16.4	116.119
16.5	116.159
16.6	116.198
16.7	116.238
16.8	116.278
16.9	116.318
17	116.358
17.1	116.398
17.2	116.438
17.3	116.479
17.4	116.519
17.5	116.56
17.6	116.601
17.7	116.642
17.8	116.682
17.9	116.724
18	116.765
18.1	116.806
18.2	116.847
18.3	116.888
18.4	116.93
18.5	116.971
18.6	117.013
18.7	117.054
18.8	117.096
18.9	117.138
19	117.18
19.1	117.221
19.2	117.263
19.3	117.305
19.4	117.347
19.5	117.389
19.6	117.431
19.7	117.473
19.8	117.516
19.9	117.558
20	117.6
20.1	117.642
20.2	117.684
20.3	117.727
20.4	117.769
20.5	117.811
20.6	117.854
20.7	117.896
20.8	117.938
20.9	117.981
21	118.023
21.1	118.065
21.2	118.108
21.3	118.15
21.4	118.193
21.5	118.235
21.6	118.278
21.7	118.32
21.8	118.363
21.9	118.405
22	118.447
22.1	118.49
22.2	118.532
22.3	118.575
22.4	118.617
22.5	118.66
22.6	118.702
22.7	118.745
22.8	118.787
22.9	118.829
23	118.872
23.1	118.914
23.2	118.957
23.3	118.999
23.4	119.041
23.5	119.084
23.6	119.126
23.7	119.168
23.8	119.21
23.9	119.253
24	119.295
24.1	119.337
24.2	119.379
24.3	119.421
24.4	119.464
24.5	119.506
24.6	119.548
24.7	119.59
24.8	119.632
24.9	119.674
25	119.716
25.1	119.758
25.2	119.8
25.3	119.842
25.4	119.884
25.5	119.925
25.6	119.967
25.7	120.009
25.8	120.051
25.9	120.093
26	120.134
26.1	120.176
26.2	120.218
26.3	120.259
26.4	120.301
26.5	120.342
26.6	120.384
26.7	120.425
26.8	120.467
26.9	120.508
27	120.55
27.1	120.591
27.2	120.632
27.3	120.673
27.4	120.715
27.5	120.756
27.6	120.797
27.7	120.838
27.8	120.879
27.9	120.92
28	120.961
28.1	121.002
28.2	121.043
28.3	121.084
28.4	121.125
28.5	121.166
28.6	121.207
28.7	121.247
28.8	121.288
28.9	121.329
29	121.369
29.1	121.41
29.2	121.45
29.3	121.491
29.4	121.531
29.5	121.572
29.6	121.612
29.7	121.653
29.8	121.693
29.9	121.733
30	121.773
30.1	121.814
30.2	121.854
30.3	121.894
30.4	121.934
30.5	121.974
30.6	122.014
30.7	122.054
30.8	122.094
30.9	122.133
31	122.173
31.1	122.213
31.2	122.253
31.3	122.292
31.4	122.332
31.5	122.372
31.6	122.411
31.7	122.451
31.8	122.49
31.9	122.529
32	122.569
32.1	122.608
32.2	122.647
32.3	122.687
32.4	122.726
32.5	122.765
32.6	122.804
32.7	122.843
32.8	122.882
32.9	122.921
33	122.96
33.1	122.999
33.2	123.038
33.3	123.077
33.4	123.115
33.5	123.154
33.6	123.193
33.7	123.231
33.8	123.27
33.9	123.309
34	123.347
34.1	123.386
34.2	123.424
34.3	123.462
34.4	123.501
34.5	123.539
34.6	123.577
34.7	123.615
34.8	123.654
34.9	123.692
35	123.73
35.1	123.768
35.2	123.806
35.3	123.844
35.4	123.882
35.5	123.919
35.6	123.957
35.7	123.995
35.8	124.033
35.9	124.07
36	124.108
36.1	124.146
36.2	124.183
36.3	124.221
36.4	124.258
36.5	124.296
36.6	124.333
36.7	124.37
36.8	124.408
36.9	124.445
37	124.482
37.1	124.519
37.2	124.556
37.3	124.593
37.4	124.63
37.5	124.667
37.6	124.704
37.7	124.741
37.8	124.778
37.9	124.815
38	124.852
38.1	124.888
38.2	124.925
38.3	124.962
38.4	124.998
38.5	125.035
38.6	125.071
38.7	125.108
38.8	125.144
38.9	125.181
39	125.217
39.1	125.253
39.2	125.29
39.3	125.326
39.4	125.362
39.5	125.398
39.6	125.434
39.7	125.47
39.8	125.506
39.9	125.542
40	125.578
40.1	125.614
40.2	125.65
40.3	125.686
40.4	125.722
40.5	125.757
40.6	125.793
40.7	125.829
40.8	125.864
40.9	125.9
41	125.935
41.1	125.971
41.2	126.006
41.3	126.042
41.4	126.077
41.5	126.112
41.6	126.148
41.7	126.183
41.8	126.218
41.9	126.253
42	126.288
42.1	126.323
42.2	126.358
42.3	126.393
42.4	126.428
42.5	126.463
42.6	126.498
42.7	126.533
42.8	126.568
42.9	126.603
43	126.637
43.1	126.672
43.2	126.707
43.3	126.741
43.4	126.776
43.5	126.81
43.6	126.845
43.7	126.879
43.8	126.914
43.9	126.948
44	126.982
44.1	127.017
44.2	127.051
44.3	127.085
44.4	127.119
44.5	127.153
44.6	127.188
44.7	127.222
44.8	127.256
44.9	127.29
45	127.324
45.1	127.357
45.2	127.391
45.3	127.425
45.4	127.459
45.5	127.493
45.6	127.526
45.7	127.56
45.8	127.594
45.9	127.627
46	127.661
46.1	127.694
46.2	127.728
46.3	127.761
46.4	127.795
46.5	127.828
46.6	127.862
46.7	127.895
46.8	127.928
46.9	127.961
47	127.995
47.1	128.028
47.2	128.061
47.3	128.094
47.4	128.127
47.5	128.16
47.6	128.193
47.7	128.226
47.8	128.259
47.9	128.292
48	128.325
48.1	128.357
48.2	128.39
48.3	128.423
48.4	128.456
48.5	128.488
48.6	128.521
48.7	128.553
48.8	128.586
48.9	128.619
49	128.651
49.1	128.683
49.2	128.716
49.3	128.748
49.4	128.781
49.5	128.813
49.6	128.845
49.7	128.877
49.8	128.91
49.9	128.942
50	128.974
50.1	129.006
50.2	129.038
50.3	129.07
50.4	129.102
50.5	129.134
50.6	129.166
50.7	129.198
50.8	129.23
50.9	129.262
51	129.293
51.1	129.325
51.2	129.357
51.3	129.388
51.4	129.42
51.5	129.452
51.6	129.483
51.7	129.515
51.8	129.546
51.9	129.578
52	129.609
52.1	129.641
52.2	129.672
52.3	129.704
52.4	129.735
52.5	129.766
52.6	129.797
52.7	129.829
52.8	129.86
52.9	129.891
53	129.922
53.1	129.953
53.2	129.984
53.3	130.015
53.4	130.046
53.5	130.077
53.6	130.108
53.7	130.139
53.8	130.17
53.9	130.201
54	130.232
54.1	130.262
54.2	130.293
54.3	130.324
54.4	130.354
54.5	130.385
54.6	130.416
54.7	130.446
54.8	130.477
54.9	130.507
55	130.538
55.1	130.568
55.2	130.599
55.3	130.629
55.4	130.66
55.5	130.69
55.6	130.72
55.7	130.75
55.8	130.781
55.9	130.811
56	130.841
56.1	130.871
56.2	130.901
56.3	130.931
56.4	130.962
56.5	130.992
56.6	131.022
56.7	131.052
56.8	131.081
56.9	131.111
57	131.141
57.1	131.171
57.2	131.201
57.3	131.231
57.4	131.26
57.5	131.29
57.6	131.32
57.7	131.35
57.8	131.379
57.9	131.409
58	131.438
58.1	131.468
58.2	131.497
58.3	131.527
58.4	131.556
58.5	131.586
58.6	131.615
58.7	131.645
58.8	131.674
58.9	131.703
59	131.733
59.1	131.762
59.2	131.791
59.3	131.82
59.4	131.85
59.5	131.879
59.6	131.908
59.7	131.937
59.8	131.966
59.9	131.995
60	132.024
60.1	132.053
60.2	132.082
60.3	132.111
60.4	132.14
60.5	132.169
60.6	132.197
60.7	132.226
60.8	132.255
60.9	132.284
61	132.313
61.1	132.341
61.2	132.37
61.3	132.399
61.4	132.427
61.5	132.456
61.6	132.484
61.7	132.513
61.8	132.541
61.9	132.57
62	132.598
62.1	132.627
62.2	132.655
62.3	132.684
62.4	132.712
62.5	132.74
62.6	132.768
62.7	132.797
62.8	132.825
62.9	132.853
63	132.881
63.1	132.91
63.2	132.938
63.3	132.966
63.4	132.994
63.5	133.022
63.6	133.05
63.7	133.078
63.8	133.106
63.9	133.134
64	133.162
64.1	133.19
64.2	133.218
64.3	133.245
64.4	133.273
64.5	133.301
64.6	133.329
64.7	133.357
64.8	133.384
64.9	133.412
65	133.44
65.1	133.467
65.2	133.495
65.3	133.523
65.4	133.55
65.5	133.578
65.6	133.605
65.7	133.633
65.8	133.66
65.9	133.688
66	133.715
66.1	133.742
66.2	133.77
66.3	133.797
66.4	133.824
66.5	133.852
66.6	133.879
66.7	133.906
66.8	133.933
66.9	133.961
67	133.988
67.1	134.015
67.2	134.042
67.3	134.069
67.4	134.096
67.5	134.123
67.6	134.15
67.7	134.177
67.8	134.204
67.9	134.231
68	134.258
68.1	134.285
68.2	134.312
68.3	134.339
68.4	134.366
68.5	134.392
68.6	134.419
68.7	134.446
68.8	134.473
68.9	134.499
69	134.526
69.1	134.553
69.2	134.579
69.3	134.606
69.4	134.633
69.5	134.659
69.6	134.686
69.7	134.712
69.8	134.739
69.9	134.765
70	134.792
70.1	134.818
70.2	134.844
70.3	134.871
70.4	134.897
70.5	134.924
70.6	134.95
70.7	134.976
70.8	135.002
70.9	135.029
71	135.055
71.1	135.081
71.2	135.107
71.3	135.133
71.4	135.16
71.5	135.186
71.6	135.212
71.7	135.238
71.8	135.264
71.9	135.29
72	135.316
72.1	135.342
72.2	135.368
72.3	135.394
72.4	135.42
72.5	135.446
72.6	135.471
72.7	135.497
72.8	135.523
72.9	135.549
73	135.575
73.1	135.6
73.2	135.626
73.3	135.652
73.4	135.678
73.5	135.703
73.6	135.729
73.7	135.754
73.8	135.78
73.9	135.806
74	135.831
74.1	135.857
74.2	135.882
74.3	135.908
74.4	135.933
74.5	135.959
74.6	135.984
74.7	136.01
74.8	136.035
74.9	136.06
75	136.086
75.1	136.111
75.2	136.136
75.3	136.162
75.4	136.187
75.5	136.212
75.6	136.237
75.7	136.262
75.8	136.288
75.9	136.313
76	136.338
76.1	136.363
76.2	136.388
76.3	136.413
76.4	136.438
76.5	136.463
76.6	136.488
76.7	136.513
76.8	136.538
76.9	136.563
77	136.588
77.1	136.613
77.2	136.638
77.3	136.663
77.4	136.688
77.5	136.713
77.6	136.737
77.7	136.762
77.8	136.787
77.9	136.812
78	136.836
78.1	136.861
78.2	136.886
78.3	136.911
78.4	136.935
78.5	136.96
78.6	136.984
78.7	137.009
78.8	137.034
78.9	137.058
79	137.083
79.1	137.107
79.2	137.132
79.3	137.156
79.4	137.181
79.5	137.205
79.6	137.229
79.7	137.254
79.8	137.278
79.9	137.303
80	137.327
80.1	137.351
80.2	137.376
80.3	137.4
80.4	137.424
80.5	137.448
80.6	137.473
80.7	137.497
80.8	137.521
80.9	137.545
81	137.569
81.1	137.593
81.2	137.618
81.3	137.642
81.4	137.666
81.5	137.69
81.6	137.714
81.7	137.738
81.8	137.762
81.9	137.786
82	137.81
82.1	137.834
82.2	137.858
82.3	137.881
82.4	137.905
82.5	137.929
82.6	137.953
82.7	137.977
82.8	138.001
82.9	138.025
83	138.048
83.1	138.072
83.2	138.096
83.3	138.12
83.4	138.143
83.5	138.167
83.6	138.191
83.7	138.214
83.8	138.238
83.9	138.261
84	138.285
84.1	138.309
84.2	138.332
84.3	138.356
84.4	138.379
84.5	138.403
84.6	138.426
84.7	138.45
84.8	138.473
84.9	138.497
85	138.52
85.1	138.543
85.2	138.567
85.3	138.59
85.4	138.614
85.5	138.637
85.6	138.66
85.7	138.683
85.8	138.707
85.9	138.73
86	138.753
86.1	138.776
86.2	138.8
86.3	138.823
86.4	138.846
86.5	138.869
86.6	138.892
86.7	138.915
86.8	138.938
86.9	138.962
87	138.985
87.1	139.008
87.2	139.031
87.3	139.054
87.4	139.077
87.5	139.1
87.6	139.123
87.7	139.146
87.8	139.169
87.9	139.191
88	139.214
88.1	139.237
88.2	139.26
88.3	139.283
88.4	139.306
88.5	139.329
88.6	139.351
88.7	139.374
88.8	139.397
88.9	139.42
89	139.442
89.1	139.465
89.2	139.488
89.3	139.511
89.4	139.533
89.5	139.556
89.6	139.578
89.7	139.601
89.8	139.624
89.9	139.646
90	139.669
90.1	139.691
90.2	139.714
90.3	139.736
90.4	139.759
90.5	139.781
90.6	139.804
90.7	139.826
90.8	139.849
90.9	139.871
91	139.894
91.1	139.916
91.2	139.938
91.3	139.961
91.4	139.983
91.5	140.005
91.6	140.028
91.7	140.05
91.8	140.072
91.9	140.095
92	140.117
92.1	140.139
92.2	140.161
92.3	140.183
92.4	140.206
92.5	140.228
92.6	140.25
92.7	140.272
92.8	140.294
92.9	140.316
93	140.338
93.1	140.36
93.2	140.383
93.3	140.405
93.4	140.427
93.5	140.449
93.6	140.471
93.7	140.493
93.8	140.515
93.9	140.536
94	140.558
94.1	140.58
94.2	140.602
94.3	140.624
94.4	140.646
94.5	140.668
94.6	140.69
94.7	140.712
94.8	140.733
94.9	140.755
95	140.777
95.1	140.799
95.2	140.82
95.3	140.842
95.4	140.864
95.5	140.886
95.6	140.907
95.7	140.929
95.8	140.951
95.9	140.972
96	140.994
96.1	141.016
96.2	141.037
96.3	141.059
96.4	141.08
96.5	141.102
96.6	141.123
96.7	141.145
96.8	141.166
96.9	141.188
97	141.209
97.1	141.231
97.2	141.252
97.3	141.274
97.4	141.295
97.5	141.317
97.6	141.338
97.7	141.359
97.8	141.381
97.9	141.402
98	141.424
98.1	141.445
98.2	141.466
98.3	141.487
98.4	141.509
98.5	141.53
98.6	141.551
98.7	141.573
98.8	141.594
98.9	141.615
99	141.636
99.1	141.657
99.2	141.679
99.3	141.7
99.4	141.721
99.5	141.742
99.6	141.763
99.7	141.784
99.8	141.805
99.9	141.826
100	141.847
100.1	141.868
100.2	141.889
100.3	141.91
100.4	141.931
100.5	141.952
100.6	141.973
100.7	141.994
100.8	142.015
100.9	142.036
101	142.057
101.1	142.078
101.2	142.099
101.3	142.12
101.4	142.141
101.5	142.162
101.6	142.182
101.7	142.203
101.8	142.224
101.9	142.245
102	142.266
102.1	142.286
102.2	142.307
102.3	142.328
102.4	142.349
102.5	142.369
102.6	142.39
102.7	142.411
102.8	142.431
102.9	142.452
103	142.473
103.1	142.493
103.2	142.514
103.3	142.535
103.4	142.555
103.5	142.576
103.6	142.596
103.7	142.617
103.8	142.637
103.9	142.658
104	142.679
104.1	142.699
104.2	142.72
104.3	142.74
104.4	142.76
104.5	142.781
104.6	142.801
104.7	142.822
104.8	142.842
104.9	142.863
105	142.883
105.1	142.903
105.2	142.924
105.3	142.944
105.4	142.964
105.5	142.985
105.6	143.005
105.7	143.025
105.8	143.046
105.9	143.066
106	143.086
106.1	143.106
106.2	143.127
106.3	143.147
106.4	143.167
106.5	143.187
106.6	143.207
106.7	143.228
106.8	143.248
106.9	143.268
107	143.288
107.1	143.308
107.2	143.328
107.3	143.348
107.4	143.368
107.5	143.389
107.6	143.409
107.7	143.429
107.8	143.449
107.9	143.469
108	143.489
108.1	143.509
108.2	143.529
108.3	143.549
108.4	143.569
108.5	143.589
108.6	143.608
108.7	143.628
108.8	143.648
108.9	143.668
109	143.688
109.1	143.708
109.2	143.728
109.3	143.748
109.4	143.767
109.5	143.787
109.6	143.807
109.7	143.827
109.8	143.847
109.9	143.866
110	143.886
110.1	143.906
110.2	143.926
110.3	143.945
110.4	143.965
110.5	143.985
110.6	144.005
110.7	144.024
110.8	144.044
110.9	144.064
111	144.083
111.1	144.103
111.2	144.122
111.3	144.142
111.4	144.162
111.5	144.181
111.6	144.201
111.7	144.22
111.8	144.24
111.9	144.259
112	144.279
112.1	144.298
112.2	144.318
112.3	144.337
112.4	144.357
112.5	144.376
112.6	144.396
112.7	144.415
112.8	144.435
112.9	144.454
113	144.474
113.1	144.493
113.2	144.512
113.3	144.532
113.4	144.551
113.5	144.57
113.6	144.59
113.7	144.609
113.8	144.628
113.9	144.648
114	144.667
114.1	144.686
114.2	144.706
114.3	144.725
114.4	144.744
114.5	144.763
114.6	144.782
114.7	144.802
114.8	144.821
114.9	144.84
115	144.859
115.1	144.878
115.2	144.898
115.3	144.917
115.4	144.936
115.5	144.955
115.6	144.974
115.7	144.993
115.8	145.012
115.9	145.031
116	145.05
116.1	145.07
116.2	145.089
116.3	145.108
116.4	145.127
116.5	145.146
116.6	145.165
116.7	145.184
116.8	145.203
116.9	145.222
117	145.241
117.1	145.259
117.2	145.278
117.3	145.297
117.4	145.316
117.5	145.335
117.6	145.354
117.7	145.373
117.8	145.392
117.9	145.411
118	145.429
118.1	145.448
118.2	145.467
118.3	145.486
118.4	145.505
118.5	145.524
118.6	145.542
118.7	145.561
118.8	145.58
118.9	145.599
119	145.617
119.1	145.636
119.2	145.655
119.3	145.674
119.4	145.692
119.5	145.711
119.6	145.73
119.7	145.748
119.8	145.767
119.9	145.786
120	145.804
120.1	145.823
120.2	145.841
120.3	145.86
120.4	145.879
120.5	145.897
120.6	145.916
120.7	145.934
120.8	145.953
120.9	145.971
121	145.99
121.1	146.008
121.2	146.027
121.3	146.045
121.4	146.064
121.5	146.082
121.6	146.101
121.7	146.119
121.8	146.138
121.9	146.156
122	146.175
122.1	146.193
122.2	146.211
122.3	146.23
122.4	146.248
122.5	146.267
122.6	146.285
122.7	146.303
122.8	146.322
122.9	146.34
123	146.358
123.1	146.377
123.2	146.395
123.3	146.413
123.4	146.432
123.5	146.45
123.6	146.468
123.7	146.486
123.8	146.505
123.9	146.523
124	146.541
124.1	146.559
124.2	146.577
124.3	146.596
124.4	146.614
124.5	146.632
124.6	146.65
124.7	146.668
124.8	146.686
124.9	146.705
125	146.723
125.1	146.741
125.2	146.759
125.3	146.777
125.4	146.795
125.5	146.813
125.6	146.831
125.7	146.849
125.8	146.867
125.9	146.885
126	146.903
126.1	146.921
126.2	146.939
126.3	146.957
126.4	146.975
126.5	146.993
126.6	147.011
126.7	147.029
126.8	147.047
126.9	147.065
127	147.083
127.1	147.101
127.2	147.119
127.3	147.137
127.4	147.155
127.5	147.173
127.6	147.19
127.7	147.208
127.8	147.226
127.9	147.244
128	147.262
128.1	147.28
128.2	147.297
128.3	147.315
128.4	147.333
128.5	147.351
128.6	147.369
128.7	147.386
128.8	147.404
128.9	147.422
129	147.44
129.1	147.457
129.2	147.475
129.3	147.493
129.4	147.51
129.5	147.528
129.6	147.546
129.7	147.563
129.8	147.581
129.9	147.599
130	147.616
130.1	147.634
130.2	147.652
130.3	147.669
130.4	147.687
130.5	147.704
130.6	147.722
130.7	147.74
130.8	147.757
130.9	147.775
131	147.792
131.1	147.81
131.2	147.827
131.3	147.845
131.4	147.862
131.5	147.88
131.6	147.897
131.7	147.915
131.8	147.932
131.9	147.95
132	147.967
132.1	147.985
132.2	148.002
132.3	148.02
132.4	148.037
132.5	148.054
132.6	148.072
132.7	148.089
132.8	148.107
132.9	148.124
133	148.141
133.1	148.159
133.2	148.176
133.3	148.193
133.4	148.211
133.5	148.228
133.6	148.245
133.7	148.263
133.8	148.28
133.9	148.297
134	148.315
134.1	148.332
134.2	148.349
134.3	148.366
134.4	148.384
134.5	148.401
134.6	148.418
134.7	148.435
134.8	148.453
134.9	148.47
135	148.487
135.1	148.504
135.2	148.521
135.3	148.538
135.4	148.556
135.5	148.573
135.6	148.59
135.7	148.607
135.8	148.624
135.9	148.641
136	148.658
136.1	148.675
136.2	148.692
136.3	148.71
136.4	148.727
136.5	148.744
136.6	148.761
136.7	148.778
136.8	148.795
136.9	148.812
137	148.829
137.1	148.846
137.2	148.863
137.3	148.88
137.4	148.897
137.5	148.914
137.6	148.931
137.7	148.948
137.8	148.965
137.9	148.982
138	148.999
138.1	149.015
138.2	149.032
138.3	149.049
138.4	149.066
138.5	149.083
138.6	149.1
138.7	149.117
138.8	149.134
138.9	149.151
139	149.167
139.1	149.184
139.2	149.201
139.3	149.218
139.4	149.235
139.5	149.252
139.6	149.268
139.7	149.285
139.8	149.302
139.9	149.319
140	149.335
140.1	149.352
140.2	149.369
140.3	149.386
140.4	149.402
140.5	149.419
140.6	149.436
140.7	149.453
140.8	149.469
140.9	149.486
141	149.503
141.1	149.519
141.2	149.536
141.3	149.553
141.4	149.569
141.5	149.586
141.6	149.603
141.7	149.619
141.8	149.636
141.9	149.652
142	149.669
142.1	149.686
142.2	149.702
142.3	149.719
142.4	149.735
142.5	149.752
142.6	149.768
142.7	149.785
142.8	149.802
142.9	149.818
143	149.835
143.1	149.851
143.2	149.868
143.3	149.884
143.4	149.901
143.5	149.917
143.6	149.934
143.7	149.95
143.8	149.966
143.9	149.983
144	149.999
144.1	150.016
144.2	150.032
144.3	150.049
144.4	150.065
144.5	150.081
144.6	150.098
144.7	150.114
144.8	150.131
144.9	150.147
145	150.163
145.1	150.18
145.2	150.196
145.3	150.212
145.4	150.229
145.5	150.245
145.6	150.261
145.7	150.278
145.8	150.294
145.9	150.31
146	150.326
146.1	150.343
146.2	150.359
146.3	150.375
146.4	150.392
146.5	150.408
146.6	150.424
146.7	150.44
146.8	150.456
146.9	150.473
147	150.489
147.1	150.505
147.2	150.521
147.3	150.537
147.4	150.554
147.5	150.57
147.6	150.586
147.7	150.602
147.8	150.618
147.9	150.634
148	150.651
148.1	150.667
148.2	150.683
148.3	150.699
148.4	150.715
148.5	150.731
148.6	150.747
148.7	150.763
148.8	150.779
148.9	150.795
149	150.811
149.1	150.827
149.2	150.844
149.3	150.86
149.4	150.876
149.5	150.892
149.6	150.908
149.7	150.924
149.8	150.94
149.9	150.956
150	150.972
150.1	150.988
150.2	151.004
150.3	151.019
150.4	151.035
150.5	151.051
150.6	151.067
150.7	151.083
150.8	151.099
150.9	151.115
151	151.131
151.1	151.147
151.2	151.163
151.3	151.179
151.4	151.195
151.5	151.21
151.6	151.226
151.7	151.242
151.8	151.258
151.9	151.274
152	151.29
152.1	151.305
152.2	151.321
152.3	151.337
152.4	151.353
152.5	151.369
152.6	151.385
152.7	151.4
152.8	151.416
152.9	151.432
153	151.448
153.1	151.463
153.2	151.479
153.3	151.495
153.4	151.511
153.5	151.526
153.6	151.542
153.7	151.558
153.8	151.573
153.9	151.589
154	151.605
154.1	151.621
154.2	151.636
154.3	151.652
154.4	151.668
154.5	151.683
154.6	151.699
154.7	151.714
154.8	151.73
154.9	151.746
155	151.761
155.1	151.777
155.2	151.793
155.3	151.808
155.4	151.824
155.5	151.839
155.6	151.855
155.7	151.87
155.8	151.886
155.9	151.902
156	151.917
156.1	151.933
156.2	151.948
156.3	151.964
156.4	151.979
156.5	151.995
156.6	152.01
156.7	152.026
156.8	152.041
156.9	152.057
157	152.072
157.1	152.088
157.2	152.103
157.3	152.119
157.4	152.134
157.5	152.15
157.6	152.165
157.7	152.18
157.8	152.196
157.9	152.211
158	152.227
158.1	152.242
158.2	152.257
158.3	152.273
158.4	152.288
158.5	152.304
158.6	152.319
158.7	152.334
158.8	152.35
158.9	152.365
159	152.38
159.1	152.396
159.2	152.411
159.3	152.426
159.4	152.442
159.5	152.457
159.6	152.472
159.7	152.488
159.8	152.503
159.9	152.518
160	152.534
160.1	152.549
160.2	152.564
160.3	152.579
160.4	152.595
160.5	152.61
160.6	152.625
160.7	152.64
160.8	152.655
160.9	152.671
161	152.686
161.1	152.701
161.2	152.716
161.3	152.732
161.4	152.747
161.5	152.762
161.6	152.777
161.7	152.792
161.8	152.807
161.9	152.823
162	152.838
162.1	152.853
162.2	152.868
162.3	152.883
162.4	152.898
162.5	152.913
162.6	152.928
162.7	152.943
162.8	152.959
162.9	152.974
163	152.989
163.1	153.004
163.2	153.019
163.3	153.034
163.4	153.049
163.5	153.064
163.6	153.079
163.7	153.094
163.8	153.109
163.9	153.124
164	153.139
164.1	153.154
164.2	153.169
164.3	153.184
164.4	153.199
164.5	153.214
164.6	153.229
164.7	153.244
164.8	153.259
164.9	153.274
165	153.289
165.1	153.304
165.2	153.319
165.3	153.334
165.4	153.349
165.5	153.364
165.6	153.379
165.7	153.393
165.8	153.408
165.9	153.423
166	153.438
166.1	153.453
166.2	153.468
166.3	153.483
166.4	153.498
166.5	153.512
166.6	153.527
166.7	153.542
166.8	153.557
166.9	153.572
167	153.587
167.1	153.601
167.2	153.616
167.3	153.631
167.4	153.646
167.5	153.661
167.6	153.675
167.7	153.69
167.8	153.705
167.9	153.72
168	153.735
168.1	153.749
168.2	153.764
168.3	153.779
168.4	153.794
168.5	153.808
168.6	153.823
168.7	153.838
168.8	153.852
168.9	153.867
169	153.882
169.1	153.897
169.2	153.911
169.3	153.926
169.4	153.941
169.5	153.955
169.6	153.97
169.7	153.985
169.8	153.999
169.9	154.014
170	154.029
170.1	154.043
170.2	154.058
170.3	154.072
170.4	154.087
170.5	154.102
170.6	154.116
170.7	154.131
170.8	154.145
170.9	154.16
171	154.175
171.1	154.189
171.2	154.204
171.3	154.218
171.4	154.233
171.5	154.247
171.6	154.262
171.7	154.277
171.8	154.291
171.9	154.306
172	154.32
172.1	154.335
172.2	154.349
172.3	154.364
172.4	154.378
172.5	154.393
172.6	154.407
172.7	154.422
172.8	154.436
172.9	154.451
173	154.465
173.1	154.479
173.2	154.494
173.3	154.508
173.4	154.523
173.5	154.537
173.6	154.552
173.7	154.566
173.8	154.58
173.9	154.595
174	154.609
174.1	154.624
174.2	154.638
174.3	154.652
174.4	154.667
174.5	154.681
174.6	154.696
174.7	154.71
174.8	154.724
174.9	154.739
175	154.753
175.1	154.767
175.2	154.782
175.3	154.796
175.4	154.81
175.5	154.825
175.6	154.839
175.7	154.853
175.8	154.868
175.9	154.882
176	154.896
176.1	154.91
176.2	154.925
176.3	154.939
176.4	154.953
176.5	154.967
176.6	154.982
176.7	154.996
176.8	155.01
176.9	155.024
177	155.039
177.1	155.053
177.2	155.067
177.3	155.081
177.4	155.096
177.5	155.11
177.6	155.124
177.7	155.138
177.8	155.152
177.9	155.166
178	155.181
178.1	155.195
178.2	155.209
178.3	155.223
178.4	155.237
178.5	155.251
178.6	155.266
178.7	155.28
178.8	155.294
178.9	155.308
179	155.322
179.1	155.336
179.2	155.35
179.3	155.364
179.4	155.379
179.5	155.393
179.6	155.407
179.7	155.421
179.8	155.435
179.9	155.449
180	155.463
180.1	155.477
180.2	155.491
180.3	155.505
180.4	155.519
180.5	155.533
180.6	155.547
180.7	155.561
180.8	155.575
180.9	155.589
181	155.603
181.1	155.617
181.2	155.631
181.3	155.645
181.4	155.659
181.5	155.673
181.6	155.687
181.7	155.701
181.8	155.715
181.9	155.729
182	155.743
182.1	155.757
182.2	155.771
182.3	155.785
182.4	155.799
182.5	155.813
182.6	155.827
182.7	155.841
182.8	155.855
182.9	155.868
183	155.882
183.1	155.896
183.2	155.91
183.3	155.924
183.4	155.938
183.5	155.952
183.6	155.966
183.7	155.979
183.8	155.993
183.9	156.007
184	156.021
184.1	156.035
184.2	156.049
184.3	156.063
184.4	156.076
184.5	156.09
184.6	156.104
184.7	156.118
184.8	156.132
184.9	156.145
185	156.159
185.1	156.173
185.2	156.187
185.3	156.201
185.4	156.214
185.5	156.228
185.6	156.242
185.7	156.256
185.8	156.269
185.9	156.283
186	156.297
186.1	156.311
186.2	156.324
186.3	156.338
186.4	156.352
186.5	156.365
186.6	156.379
186.7	156.393
186.8	156.407
186.9	156.42
187	156.434
187.1	156.448
187.2	156.461
187.3	156.475
187.4	156.489
187.5	156.502
187.6	156.516
187.7	156.53
187.8	156.543
187.9	156.557
188	156.571
188.1	156.584
188.2	156.598
188.3	156.611
188.4	156.625
188.5	156.639
188.6	156.652
188.7	156.666
188.8	156.679
188.9	156.693
189	156.707
189.1	156.72
189.2	156.734
189.3	156.747
189.4	156.761
189.5	156.774
189.6	156.788
189.7	156.802
189.8	156.815
189.9	156.829
190	156.842
190.1	156.856
190.2	156.869
190.3	156.883
190.4	156.896
190.5	156.91
190.6	156.923
190.7	156.937
190.8	156.95
190.9	156.964
191	156.977
191.1	156.991
191.2	157.004
191.3	157.018
191.4	157.031
191.5	157.045
191.6	157.058
191.7	157.072
191.8	157.085
191.9	157.098
192	157.112
192.1	157.125
192.2	157.139
192.3	157.152
192.4	157.166
192.5	157.179
192.6	157.192
192.7	157.206
192.8	157.219
192.9	157.233
193	157.246
193.1	157.259
193.2	157.273
193.3	157.286
193.4	157.299
193.5	157.313
193.6	157.326
193.7	157.339
193.8	157.353
193.9	157.366
194	157.379
194.1	157.393
194.2	157.406
194.3	157.419
194.4	157.433
194.5	157.446
194.6	157.459
194.7	157.473
194.8	157.486
194.9	157.499
195	157.513
195.1	157.526
195.2	157.539
195.3	157.552
195.4	157.566
195.5	157.579
195.6	157.592
195.7	157.605
195.8	157.619
195.9	157.632
196	157.645
196.1	157.658
196.2	157.672
196.3	157.685
196.4	157.698
196.5	157.711
196.6	157.725
196.7	157.738
196.8	157.751
196.9	157.764
197	157.777
197.1	157.791
197.2	157.804
197.3	157.817
197.4	157.83
197.5	157.843
197.6	157.856
197.7	157.87
197.8	157.883
197.9	157.896
198	157.909
198.1	157.922
198.2	157.935
198.3	157.948
198.4	157.962
198.5	157.975
198.6	157.988
198.7	158.001
198.8	158.014
198.9	158.027
199	158.04
199.1	158.053
199.2	158.066
199.3	158.079
199.4	158.093
199.5	158.106
199.6	158.119
199.7	158.132
199.8	158.145
199.9	158.158
200	158.171
200.1	158.184
200.2	158.197
200.3	158.21
200.4	158.223
200.5	158.236
200.6	158.249
200.7	158.262
200.8	158.275
200.9	158.288
201	158.301
201.1	158.314
201.2	158.327
201.3	158.34
201.4	158.353
201.5	158.366
201.6	158.379
201.7	158.392
201.8	158.405
201.9	158.418
202	158.431
202.1	158.444
202.2	158.457
202.3	158.47
202.4	158.483
202.5	158.496
202.6	158.509
202.7	158.522
202.8	158.534
202.9	158.547
203	158.56
203.1	158.573
203.2	158.586
203.3	158.599
203.4	158.612
203.5	158.625
203.6	158.638
203.7	158.651
203.8	158.663
203.9	158.676
204	158.689
204.1	158.702
204.2	158.715
204.3	158.728
204.4	158.741
204.5	158.753
204.6	158.766
204.7	158.779
204.8	158.792
204.9	158.805
205	158.818
205.1	158.83
205.2	158.843
205.3	158.856
205.4	158.869
205.5	158.882
205.6	158.894
205.7	158.907
205.8	158.92
205.9	158.933
206	158.946
206.1	158.958
206.2	158.971
206.3	158.984
206.4	158.997
206.5	159.009
206.6	159.022
206.7	159.035
206.8	159.048
206.9	159.06
207	159.073
207.1	159.086
207.2	159.099
207.3	159.111
207.4	159.124
207.5	159.137
207.6	159.149
207.7	159.162
207.8	159.175
207.9	159.188
208	159.2
208.1	159.213
208.2	159.226
208.3	159.238
208.4	159.251
208.5	159.264
208.6	159.276
208.7	159.289
208.8	159.302
208.9	159.314
209	159.327
209.1	159.34
209.2	159.352
209.3	159.365
209.4	159.377
209.5	159.39
209.6	159.403
209.7	159.415
209.8	159.428
209.9	159.441
210	159.453
210.1	159.466
210.2	159.478
210.3	159.491
210.4	159.504
210.5	159.516
210.6	159.529
210.7	159.541
210.8	159.554
210.9	159.566
211	159.579
211.1	159.592
211.2	159.604
211.3	159.617
211.4	159.629
211.5	159.642
211.6	159.654
211.7	159.667
211.8	159.679
211.9	159.692
212	159.704
212.1	159.717
212.2	159.729
212.3	159.742
212.4	159.754
212.5	159.767
212.6	159.779
212.7	159.792
212.8	159.804
212.9	159.817
213	159.829
213.1	159.842
213.2	159.854
213.3	159.867
213.4	159.879
213.5	159.892
213.6	159.904
213.7	159.917
213.8	159.929
213.9	159.941
214	159.954
214.1	159.966
214.2	159.979
214.3	159.991
214.4	160.004
214.5	160.016
214.6	160.028
214.7	160.041
214.8	160.053
214.9	160.066
215	160.078
215.1	160.09
215.2	160.103
215.3	160.115
215.4	160.128
215.5	160.14
215.6	160.152
215.7	160.165
215.8	160.177
215.9	160.189
216	160.202
216.1	160.214
216.2	160.226
216.3	160.239
216.4	160.251
216.5	160.263
216.6	160.276
216.7	160.288
216.8	160.3
216.9	160.313
217	160.325
217.1	160.337
217.2	160.35
217.3	160.362
217.4	160.374
217.5	160.387
217.6	160.399
217.7	160.411
217.8	160.423
217.9	160.436
218	160.448
218.1	160.46
218.2	160.473
218.3	160.485
218.4	160.497
218.5	160.509
218.6	160.522
218.7	160.534
218.8	160.546
218.9	160.558
219	160.57
219.1	160.583
219.2	160.595
219.3	160.607
219.4	160.619
219.5	160.632
219.6	160.644
219.7	160.656
219.8	160.668
219.9	160.68
220	160.693
220.1	160.705
220.2	160.717
220.3	160.729
220.4	160.741
220.5	160.754
220.6	160.766
220.7	160.778
220.8	160.79
220.9	160.802
221	160.814
221.1	160.826
221.2	160.839
221.3	160.851
221.4	160.863
221.5	160.875
221.6	160.887
221.7	160.899
221.8	160.911
221.9	160.924
222	160.936
222.1	160.948
222.2	160.96
222.3	160.972
222.4	160.984
222.5	160.996
222.6	161.008
222.7	161.02
222.8	161.032
222.9	161.045
223	161.057
223.1	161.069
223.2	161.081
223.3	161.093
223.4	161.105
223.5	161.117
223.6	161.129
223.7	161.141
223.8	161.153
223.9	161.165
224	161.177
224.1	161.189
224.2	161.201
224.3	161.213
224.4	161.225
224.5	161.237
224.6	161.249
224.7	161.261
224.8	161.273
224.9	161.285
225	161.297
225.1	161.309
225.2	161.321
225.3	161.333
225.4	161.345
225.5	161.357
225.6	161.369
225.7	161.381
225.8	161.393
225.9	161.405
226	161.417
226.1	161.429
226.2	161.441
226.3	161.453
226.4	161.465
226.5	161.477
226.6	161.489
226.7	161.501
226.8	161.513
226.9	161.525
227	161.536
227.1	161.548
227.2	161.56
227.3	161.572
227.4	161.584
227.5	161.596
227.6	161.608
227.7	161.62
227.8	161.632
227.9	161.644
228	161.655
228.1	161.667
228.2	161.679
228.3	161.691
228.4	161.703
228.5	161.715
228.6	161.727
228.7	161.739
228.8	161.75
228.9	161.762
229	161.774
229.1	161.786
229.2	161.798
229.3	161.81
229.4	161.821
229.5	161.833
229.6	161.845
229.7	161.857
229.8	161.869
229.9	161.881
230	161.892
230.1	161.904
230.2	161.916
230.3	161.928
230.4	161.94
230.5	161.951
230.6	161.963
230.7	161.975
230.8	161.987
230.9	161.999
231	162.01
231.1	162.022
231.2	162.034
231.3	162.046
231.4	162.057
231.5	162.069
231.6	162.081
231.7	162.093
231.8	162.104
231.9	162.116
232	162.128
232.1	162.14
232.2	162.151
232.3	162.163
232.4	162.175
232.5	162.187
232.6	162.198
232.7	162.21
232.8	162.222
232.9	162.233
233	162.245
233.1	162.257
233.2	162.268
233.3	162.28
233.4	162.292
233.5	162.304
233.6	162.315
233.7	162.327
233.8	162.339
233.9	162.35
234	162.362
234.1	162.374
234.2	162.385
234.3	162.397
234.4	162.409
234.5	162.42
234.6	162.432
234.7	162.443
234.8	162.455
234.9	162.467
235	162.478
235.1	162.49
235.2	162.502
235.3	162.513
235.4	162.525
235.5	162.536
235.6	162.548
235.7	162.56
235.8	162.571
235.9	162.583
236	162.594
236.1	162.606
236.2	162.618
236.3	162.629
236.4	162.641
236.5	162.652
236.6	162.664
236.7	162.676
236.8	162.687
236.9	162.699
237	162.71
237.1	162.722
237.2	162.733
237.3	162.745
237.4	162.756
237.5	162.768
237.6	162.78
237.7	162.791
237.8	162.803
237.9	162.814
238	162.826
238.1	162.837
238.2	162.849
238.3	162.86
238.4	162.872
238.5	162.883
238.6	162.895
238.7	162.906
238.8	162.918
238.9	162.929
239	162.941
239.1	162.952
239.2	162.964
239.3	162.975
239.4	162.987
239.5	162.998
239.6	163.01
239.7	163.021
239.8	163.033
239.9	163.044
240	163.055
240.1	163.067
240.2	163.078
240.3	163.09
240.4	163.101
240.5	163.113
240.6	163.124
240.7	163.136
240.8	163.147
240.9	163.158
241	163.17
241.1	163.181
241.2	163.193
241.3	163.204
241.4	163.215
241.5	163.227
241.6	163.238
241.7	163.25
241.8	163.261
241.9	163.272
242	163.284
242.1	163.295
242.2	163.307
242.3	163.318
242.4	163.329
242.5	163.341
242.6	163.352
242.7	163.363
242.8	163.375
242.9	163.386
243	163.398
243.1	163.409
243.2	163.42
243.3	163.432
243.4	163.443
243.5	163.454
243.6	163.466
243.7	163.477
243.8	163.488
243.9	163.5
244	163.511
244.1	163.522
244.2	163.534
244.3	163.545
244.4	163.556
244.5	163.567
244.6	163.579
244.7	163.59
244.8	163.601
244.9	163.613
245	163.624
245.1	163.635
245.2	163.646
245.3	163.658
245.4	163.669
245.5	163.68
245.6	163.692
245.7	163.703
245.8	163.714
245.9	163.725
246	163.737
246.1	163.748
246.2	163.759
246.3	163.77
246.4	163.782
246.5	163.793
246.6	163.804
246.7	163.815
246.8	163.827
246.9	163.838
247	163.849
247.1	163.86
247.2	163.871
247.3	163.883
247.4	163.894
247.5	163.905
247.6	163.916
247.7	163.927
247.8	163.939
247.9	163.95
248	163.961
248.1	163.972
248.2	163.983
248.3	163.995
248.4	164.006
248.5	164.017
248.6	164.028
248.7	164.039
248.8	164.05
248.9	164.062
249	164.073
249.1	164.084
249.2	164.095
249.3	164.106
249.4	164.117
249.5	164.128
249.6	164.14
249.7	164.151
249.8	164.162
249.9	164.173
250	164.184
250.1	164.195
250.2	164.206
250.3	164.217
250.4	164.229
250.5	164.24
250.6	164.251
250.7	164.262
250.8	164.273
250.9	164.284
251	164.295
251.1	164.306
251.2	164.317
251.3	164.328
251.4	164.34
251.5	164.351
251.6	164.362
251.7	164.373
251.8	164.384
251.9	164.395
252	164.406
252.1	164.417
252.2	164.428
252.3	164.439
252.4	164.45
252.5	164.461
252.6	164.472
252.7	164.483
252.8	164.494
252.9	164.505
253	164.516
253.1	164.527
253.2	164.538
253.3	164.549
253.4	164.561
253.5	164.572
253.6	164.583
253.7	164.594
253.8	164.605
253.9	164.616
254	164.627
254.1	164.638
254.2	164.649
254.3	164.66
254.4	164.671
254.5	164.681
254.6	164.692
254.7	164.703
254.8	164.714
254.9	164.725
255	164.736
255.1	164.747
255.2	164.758
255.3	164.769
255.4	164.78
255.5	164.791
255.6	164.802
255.7	164.813
255.8	164.824
255.9	164.835
256	164.846
256.1	164.857
256.2	164.868
256.3	164.879
256.4	164.89
256.5	164.901
256.6	164.911
256.7	164.922
256.8	164.933
256.9	164.944
257	164.955
257.1	164.966
257.2	164.977
257.3	164.988
257.4	164.999
257.5	165.01
257.6	165.02
257.7	165.031
257.8	165.042
257.9	165.053
258	165.064
258.1	165.075
258.2	165.086
258.3	165.097
258.4	165.107
258.5	165.118
258.6	165.129
258.7	165.14
258.8	165.151
258.9	165.162
259	165.173
259.1	165.183
259.2	165.194
259.3	165.205
259.4	165.216
259.5	165.227
259.6	165.238
259.7	165.248
259.8	165.259
259.9	165.27
260	165.281
260.1	165.292
260.2	165.302
260.3	165.313
260.4	165.324
260.5	165.335
260.6	165.346
260.7	165.356
260.8	165.367
260.9	165.378
261	165.389
261.1	165.4
261.2	165.41
261.3	165.421
261.4	165.432
261.5	165.443
261.6	165.453
261.7	165.464
261.8	165.475
261.9	165.486
262	165.497
262.1	165.507
262.2	165.518
262.3	165.529
262.4	165.54
262.5	165.55
262.6	165.561
262.7	165.572
262.8	165.582
262.9	165.593
263	165.604
263.1	165.615
263.2	165.625
263.3	165.636
263.4	165.647
263.5	165.658
263.6	165.668
263.7	165.679
263.8	165.69
263.9	165.7
264	165.711
264.1	165.722
264.2	165.732
264.3	165.743
264.4	165.754
264.5	165.764
264.6	165.775
264.7	165.786
264.8	165.796
264.9	165.807
265	165.818
265.1	165.828
265.2	165.839
265.3	165.85
265.4	165.86
265.5	165.871
265.6	165.882
265.7	165.892
265.8	165.903
265.9	165.914
266	165.924
266.1	165.935
266.2	165.946
266.3	165.956
266.4	165.967
266.5	165.978
266.6	165.988
266.7	165.999
266.8	166.009
266.9	166.02
267	166.031
267.1	166.041
267.2	166.052
267.3	166.062
267.4	166.073
267.5	166.084
267.6	166.094
267.7	166.105
267.8	166.115
267.9	166.126
268	166.137
268.1	166.147
268.2	166.158
268.3	166.168
268.4	166.179
268.5	166.189
268.6	166.2
268.7	166.211
268.8	166.221
268.9	166.232
269	166.242
269.1	166.253
269.2	166.263
269.3	166.274
269.4	166.284
269.5	166.295
269.6	166.305
269.7	166.316
269.8	166.327
269.9	166.337
270	166.348
270.1	166.358
270.2	166.369
270.3	166.379
270.4	166.39
270.5	166.4
270.6	166.411
270.7	166.421
270.8	166.432
270.9	166.442
271	166.453
271.1	166.463
271.2	166.474
271.3	166.484
271.4	166.495
271.5	166.505
271.6	166.516
271.7	166.526
271.8	166.537
271.9	166.547
272	166.557
272.1	166.568
272.2	166.578
272.3	166.589
272.4	166.599
272.5	166.61
272.6	166.62
272.7	166.631
272.8	166.641
272.9	166.652
273	166.662
273.1	166.672
273.2	166.683
273.3	166.693
273.4	166.704
273.5	166.714
273.6	166.725
273.7	166.735
273.8	166.745
273.9	166.756
274	166.766
274.1	166.777
274.2	166.787
274.3	166.798
274.4	166.808
274.5	166.818
274.6	166.829
274.7	166.839
274.8	166.849
274.9	166.86
275	166.87
275.1	166.881
275.2	166.891
275.3	166.901
275.4	166.912
275.5	166.922
275.6	166.933
275.7	166.943
275.8	166.953
275.9	166.964
276	166.974
276.1	166.984
276.2	166.995
276.3	167.005
276.4	167.015
276.5	167.026
276.6	167.036
276.7	167.046
276.8	167.057
276.9	167.067
277	167.077
277.1	167.088
277.2	167.098
277.3	167.108
277.4	167.119
277.5	167.129
277.6	167.139
277.7	167.15
277.8	167.16
277.9	167.17
278	167.181
278.1	167.191
278.2	167.201
278.3	167.212
278.4	167.222
278.5	167.232
278.6	167.242
278.7	167.253
278.8	167.263
278.9	167.273
279	167.284
279.1	167.294
279.2	167.304
279.3	167.314
279.4	167.325
279.5	167.335
279.6	167.345
279.7	167.355
279.8	167.366
279.9	167.376
280	167.386
280.1	167.396
280.2	167.407
280.3	167.417
280.4	167.427
280.5	167.437
280.6	167.448
280.7	167.458
280.8	167.468
280.9	167.478
281	167.489
281.1	167.499
281.2	167.509
281.3	167.519
281.4	167.529
281.5	167.54
281.6	167.55
281.7	167.56
281.8	167.57
281.9	167.58
282	167.591
282.1	167.601
282.2	167.611
282.3	167.621
282.4	167.631
282.5	167.642
282.6	167.652
282.7	167.662
282.8	167.672
282.9	167.682
283	167.693
283.1	167.703
283.2	167.713
283.3	167.723
283.4	167.733
283.5	167.743
283.6	167.753
283.7	167.764
283.8	167.774
283.9	167.784
284	167.794
284.1	167.804
284.2	167.814
284.3	167.825
284.4	167.835
284.5	167.845
284.6	167.855
284.7	167.865
284.8	167.875
284.9	167.885
285	167.895
285.1	167.906
285.2	167.916
285.3	167.926
285.4	167.936
285.5	167.946
285.6	167.956
285.7	167.966
285.8	167.976
285.9	167.986
286	167.997
286.1	168.007
286.2	168.017
286.3	168.027
286.4	168.037
286.5	168.047
286.6	168.057
286.7	168.067
286.8	168.077
286.9	168.087
287	168.097
287.1	168.107
287.2	168.117
287.3	168.128
287.4	168.138
287.5	168.148
287.6	168.158
287.7	168.168
287.8	168.178
287.9	168.188
288	168.198
288.1	168.208
288.2	168.218
288.3	168.228
288.4	168.238
288.5	168.248
288.6	168.258
288.7	168.268
288.8	168.278
288.9	168.288
289	168.298
289.1	168.308
289.2	168.318
289.3	168.328
289.4	168.338
289.5	168.348
289.6	168.358
289.7	168.368
289.8	168.378
289.9	168.388
290	168.398
290.1	168.408
290.2	168.418
290.3	168.428
290.4	168.438
290.5	168.448
290.6	168.458
290.7	168.468
290.8	168.478
290.9	168.488
291	168.498
291.1	168.508
291.2	168.518
291.3	168.528
291.4	168.538
291.5	168.548
291.6	168.558
291.7	168.568
291.8	168.578
291.9	168.588
292	168.598
292.1	168.608
292.2	168.618
292.3	168.628
292.4	168.637
292.5	168.647
292.6	168.657
292.7	168.667
292.8	168.677
292.9	168.687
293	168.697
293.1	168.707
293.2	168.717
293.3	168.727
293.4	168.737
293.5	168.747
293.6	168.756
293.7	168.766
293.8	168.776
293.9	168.786
294	168.796
294.1	168.806
294.2	168.816
294.3	168.826
294.4	168.836
294.5	168.846
294.6	168.855
294.7	168.865
294.8	168.875
294.9	168.885
295	168.895
295.1	168.905
295.2	168.915
295.3	168.925
295.4	168.934
295.5	168.944
295.6	168.954
295.7	168.964
295.8	168.974
295.9	168.984
296	168.994
296.1	169.003
296.2	169.013
296.3	169.023
296.4	169.033
296.5	169.043
296.6	169.053
296.7	169.062
296.8	169.072
296.9	169.082
297	169.092
297.1	169.102
297.2	169.112
297.3	169.121
297.4	169.131
297.5	169.141
297.6	169.151
297.7	169.161
297.8	169.17
297.9	169.18
298	169.19
298.1	169.2
298.2	169.21
298.3	169.219
298.4	169.229
298.5	169.239
298.6	169.249
298.7	169.259
298.8	169.268
298.9	169.278
299	169.288
299.1	169.298
299.2	169.307
299.3	169.317
299.4	169.327
299.5	169.337
299.6	169.346
299.7	169.356
299.8	169.366
299.9	169.376
300	169.385
