W	Pred
1.5	166.902
1.6	162.174
1.7	158.025
1.8	154.358
1.9	151.098
2	148.184
2.1	145.567
2.2	143.207
2.3	141.069
2.4	139.126
2.5	137.354
2.6	135.734
2.7	134.249
2.8	132.884
2.9	131.626
3	130.464
3.1	129.39
3.2	128.394
3.3	127.47
3.4	126.611
3.5	125.811
3.6	125.065
3.7	124.369
3.8	123.719
3.9	123.11
4	122.541
4.1	122.007
4.2	121.507
4.3	121.037
4.4	120.596
4.5	120.181
4.6	119.792
4.7	119.425
4.8	119.08
4.9	118.755
5	118.449
5.1	118.161
5.2	117.89
5.3	117.634
5.4	117.393
5.5	117.165
5.6	116.951
5.7	116.749
5.8	116.559
5.9	116.379
6	116.211
6.1	116.052
6.2	115.902
6.3	115.761
6.4	115.628
6.5	115.504
6.6	115.387
6.7	115.277
6.8	115.174
6.9	115.078
7	114.987
7.1	114.903
7.2	114.824
7.3	114.751
7.4	114.683
7.5	114.619
7.6	114.561
7.7	114.506
7.8	114.456
7.9	114.411
8	114.369
8.1	114.33
8.2	114.296
8.3	114.264
8.4	114.236
8.5	114.211
8.6	114.19
8.7	114.171
8.8	114.155
8.9	114.141
9	114.13
9.1	114.122
9.2	114.116
9.3	114.112
9.4	114.11
9.5	114.111
9.6	114.113
9.7	114.118
9.8	114.124
9.9	114.132
10	114.142
10.1	114.153
10.2	114.167
10.3	114.181
10.4	114.197
10.5	114.215
10.6	114.234
10.7	114.254
10.8	114.276
10.9	114.299
11	114.323
11.1	114.348
11.2	114.374
11.3	114.402
11.4	114.43
11.5	114.46
11.6	114.49
11.7	114.521
11.8	114.554
11.9	114.587
12	114.621
12.1	114.655
12.2	114.691
12.3	114.727
12.4	114.764
12.5	114.802
12.6	114.841
12.7	114.88
12.8	114.919
12.9	114.96
13	115.001
13.1	115.042
13.2	115.084
13.3	115.127
13.4	115.17
13.5	115.214
13.6	115.258
13.7	115.302
13.8	115.347
13.9	115.393
14	115.439
14.1	115.485
14.2	115.532
14.3	115.579
14.4	115.626
14.5	115.674
14.6	115.722
14.7	115.771
14.8	115.819
14.9	115.868
15	115.918
15.1	115.968
15.2	116.018
15.3	116.068
15.4	116.118
15.5	116.169
15.6	116.22
15.7	116.271
15.8	116.323
15.9	116.374
16	116.426
16.1	116.478
16.2	116.53
16.3	116.583
16.4	116.636
16.5	116.688
16.6	116.741
16.7	116.794
16.8	116.848
16.9	116.901
17	116.955
17.1	117.008
17.2	117.062
17.3	117.116
17.4	117.17
17.5	117.225
17.6	117.279
17.7	117.333
17.8	117.388
17.9	117.442
18	117.497
18.1	117.552
18.2	117.607
18.3	117.662
18.4	117.717
18.5	117.772
18.6	117.827
18.7	117.882
18.8	117.937
18.9	117.993
19	118.048
19.1	118.104
19.2	118.159
19.3	118.215
19.4	118.27
19.5	118.326
19.6	118.382
19.7	118.437
19.8	118.493
19.9	118.549
20	118.605
20.1	118.66
20.2	118.716
20.3	118.772
20.4	118.828
20.5	118.884
20.6	118.94
20.7	118.996
20.8	119.052
20.9	119.108
21	119.163
21.1	119.219
21.2	119.275
21.3	119.331
21.4	119.387
21.5	119.443
21.6	119.499
21.7	119.555
21.8	119.611
21.9	119.667
22	119.723
22.1	119.779
22.2	119.834
22.3	119.89
22.4	119.946
22.5	120.002
22.6	120.058
22.7	120.113
22.8	120.169
22.9	120.225
23	120.281
23.1	120.336
23.2	120.392
23.3	120.447
23.4	120.503
23.5	120.559
23.6	120.614
23.7	120.67
23.8	120.725
23.9	120.78
24	120.836
24.1	120.891
24.2	120.947
24.3	121.002
24.4	121.057
24.5	121.112
24.6	121.167
24.7	121.223
24.8	121.278
24.9	121.333
25	121.388
25.1	121.443
25.2	121.498
25.3	121.553
25.4	121.607
25.5	121.662
25.6	121.717
25.7	121.772
25.8	121.826
25.9	121.881
26	121.936
26.1	121.99
26.2	122.045
26.3	122.099
26.4	122.153
26.5	122.208
26.6	122.262
26.7	122.316
26.8	122.37
26.9	122.424
27	122.479
27.1	122.533
27.2	122.587
27.3	122.64
27.4	122.694
27.5	122.748
27.6	122.802
27.7	122.856
27.8	122.909
27.9	122.963
28	123.016
28.1	123.07
28.2	123.123
28.3	123.177
28.4	123.23
28.5	123.283
28.6	123.337
28.7	123.39
28.8	123.443
28.9	123.496
29	123.549
29.1	123.602
29.2	123.655
29.3	123.708
29.4	123.76
29.5	123.813
29.6	123.866
29.7	123.918
29.8	123.971
29.9	124.023
30	124.076
30.1	124.128
30.2	124.181
30.3	124.233
30.4	124.285
30.5	124.337
30.6	124.389
30.7	124.441
30.8	124.493
30.9	124.545
31	124.597
31.1	124.649
31.2	124.701
31.3	124.752
31.4	124.804
31.5	124.856
31.6	124.907
31.7	124.959
31.8	125.01
31.9	125.061
32	125.113
32.1	125.164
32.2	125.215
32.3	125.266
32.4	125.317
32.5	125.368
32.6	125.419
32.7	125.47
32.8	125.521
32.9	125.571
33	125.622
33.1	125.673
33.2	125.723
33.3	125.774
33.4	125.824
33.5	125.875
33.6	125.925
33.7	125.975
33.8	126.026
33.9	126.076
34	126.126
34.1	126.176
34.2	126.226
34.3	126.276
34.4	126.326
34.5	126.375
34.6	126.425
34.7	126.475
34.8	126.525
34.9	126.574
35	126.624
35.1	126.673
35.2	126.723
35.3	126.772
35.4	126.821
35.5	126.87
35.6	126.92
35.7	126.969
35.8	127.018
35.9	127.067
36	127.116
36.1	127.165
36.2	127.213
36.3	127.262
36.4	127.311
36.5	127.36
36.6	127.408
36.7	127.457
36.8	127.505
36.9	127.554
37	127.602
37.1	127.65
37.2	127.699
37.3	127.747
37.4	127.795
37.5	127.843
37.6	127.891
37.7	127.939
37.8	127.987
37.9	128.035
38	128.083
38.1	128.131
38.2	128.178
38.3	128.226
38.4	128.273
38.5	128.321
38.6	128.369
38.7	128.416
38.8	128.463
38.9	128.511
39	128.558
39.1	128.605
39.2	128.652
39.3	128.699
39.4	128.746
39.5	128.793
39.6	128.84
39.7	128.887
39.8	128.934
39.9	128.981
40	129.028
40.1	129.074
40.2	129.121
40.3	129.167
40.4	129.214
40.5	129.26
40.6	129.307
40.7	129.353
40.8	129.399
40.9	129.446
41	129.492
41.1	129.538
41.2	129.584
41.3	129.63
41.4	129.676
41.5	129.722
41.6	129.768
41.7	129.814
41.8	129.859
41.9	129.905
42	129.951
42.1	129.996
42.2	130.042
42.3	130.087
42.4	130.133
42.5	130.178
42.6	130.224
42.7	130.269
42.8	130.314
42.9	130.359
43	130.404
43.1	130.449
43.2	130.495
43.3	130.54
43.4	130.584
43.5	130.629
43.6	130.674
43.7	130.719
43.8	130.764
43.9	130.808
44	130.853
44.1	130.898
44.2	130.942
44.3	130.987
44.4	131.031
44.5	131.075
44.6	131.12
44.7	131.164
44.8	131.208
44.9	131.253
45	131.297
45.1	131.341
45.2	131.385
45.3	131.429
45.4	131.473
45.5	131.517
45.6	131.56
45.7	131.604
45.8	131.648
45.9	131.692
46	131.735
46.1	131.779
46.2	131.823
46.3	131.866
46.4	131.91
46.5	131.953
46.6	131.996
46.7	132.04
46.8	132.083
46.9	132.126
47	132.169
47.1	132.212
47.2	132.256
47.3	132.299
47.4	132.342
47.5	132.385
47.6	132.427
47.7	132.47
47.8	132.513
47.9	132.556
48	132.599
48.1	132.641
48.2	132.684
48.3	132.726
48.4	132.769
48.5	132.812
48.6	132.854
48.7	132.896
48.8	132.939
48.9	132.981
49	133.023
49.1	133.066
49.2	133.108
49.3	133.15
49.4	133.192
49.5	133.234
49.6	133.276
49.7	133.318
49.8	133.36
49.9	133.402
50	133.443
50.1	133.485
50.2	133.527
50.3	133.569
50.4	133.61
50.5	133.652
50.6	133.693
50.7	133.735
50.8	133.776
50.9	133.818
51	133.859
51.1	133.901
51.2	133.942
51.3	133.983
51.4	134.024
51.5	134.066
51.6	134.107
51.7	134.148
51.8	134.189
51.9	134.23
52	134.271
52.1	134.312
52.2	134.353
52.3	134.393
52.4	134.434
52.5	134.475
52.6	134.516
52.7	134.556
52.8	134.597
52.9	134.638
53	134.678
53.1	134.719
53.2	134.759
53.3	134.799
53.4	134.84
53.5	134.88
53.6	134.92
53.7	134.961
53.8	135.001
53.9	135.041
54	135.081
54.1	135.121
54.2	135.161
54.3	135.201
54.4	135.241
54.5	135.281
54.6	135.321
54.7	135.361
54.8	135.401
54.9	135.441
55	135.48
55.1	135.52
55.2	135.56
55.3	135.599
55.4	135.639
55.5	135.678
55.6	135.718
55.7	135.757
55.8	135.797
55.9	135.836
56	135.876
56.1	135.915
56.2	135.954
56.3	135.993
56.4	136.033
56.5	136.072
56.6	136.111
56.7	136.15
56.8	136.189
56.9	136.228
57	136.267
57.1	136.306
57.2	136.345
57.3	136.384
57.4	136.422
57.5	136.461
57.6	136.5
57.7	136.539
57.8	136.577
57.9	136.616
58	136.655
58.1	136.693
58.2	136.732
58.3	136.77
58.4	136.809
58.5	136.847
58.6	136.885
58.7	136.924
58.8	136.962
58.9	137
59	137.038
59.1	137.077
59.2	137.115
59.3	137.153
59.4	137.191
59.5	137.229
59.6	137.267
59.7	137.305
59.8	137.343
59.9	137.381
60	137.419
60.1	137.457
60.2	137.494
60.3	137.532
60.4	137.57
60.5	137.608
60.6	137.645
60.7	137.683
60.8	137.72
60.9	137.758
61	137.796
61.1	137.833
61.2	137.87
61.3	137.908
61.4	137.945
61.5	137.983
61.6	138.02
61.7	138.057
61.8	138.094
61.9	138.132
62	138.169
62.1	138.206
62.2	138.243
62.3	138.28
62.4	138.317
62.5	138.354
62.6	138.391
62.7	138.428
62.8	138.465
62.9	138.502
63	138.539
63.1	138.576
63.2	138.612
63.3	138.649
63.4	138.686
63.5	138.722
63.6	138.759
63.7	138.796
63.8	138.832
63.9	138.869
64	138.905
64.1	138.942
64.2	138.978
64.3	139.015
64.4	139.051
64.5	139.087
64.6	139.124
64.7	139.16
64.8	139.196
64.9	139.233
65	139.269
65.1	139.305
65.2	139.341
65.3	139.377
65.4	139.413
65.5	139.449
65.6	139.485
65.7	139.521
65.8	139.557
65.9	139.593
66	139.629
66.1	139.665
66.2	139.701
66.3	139.736
66.4	139.772
66.5	139.808
66.6	139.843
66.7	139.879
66.8	139.915
66.9	139.95
67	139.986
67.1	140.021
67.2	140.057
67.3	140.092
67.4	140.128
67.5	140.163
67.6	140.199
67.7	140.234
67.8	140.269
67.9	140.305
68	140.34
68.1	140.375
68.2	140.41
68.3	140.446
68.4	140.481
68.5	140.516
68.6	140.551
68.7	140.586
68.8	140.621
68.9	140.656
69	140.691
69.1	140.726
69.2	140.761
69.3	140.796
69.4	140.83
69.5	140.865
69.6	140.9
69.7	140.935
69.8	140.97
69.9	141.004
70	141.039
70.1	141.074
70.2	141.108
70.3	141.143
70.4	141.177
70.5	141.212
70.6	141.246
70.7	141.281
70.8	141.315
70.9	141.35
71	141.384
71.1	141.419
71.2	141.453
71.3	141.487
71.4	141.521
71.5	141.556
71.6	141.59
71.7	141.624
71.8	141.658
71.9	141.692
72	141.727
72.1	141.761
72.2	141.795
72.3	141.829
72.4	141.863
72.5	141.897
72.6	141.931
72.7	141.965
72.8	141.998
72.9	142.032
73	142.066
73.1	142.1
73.2	142.134
73.3	142.167
73.4	142.201
73.5	142.235
73.6	142.269
73.7	142.302
73.8	142.336
73.9	142.369
74	142.403
74.1	142.437
74.2	142.47
74.3	142.504
74.4	142.537
74.5	142.57
74.6	142.604
74.7	142.637
74.8	142.671
74.9	142.704
75	142.737
75.1	142.77
75.2	142.804
75.3	142.837
75.4	142.87
75.5	142.903
75.6	142.936
75.7	142.97
75.8	143.003
75.9	143.036
76	143.069
76.1	143.102
76.2	143.135
76.3	143.168
76.4	143.201
76.5	143.234
76.6	143.267
76.7	143.299
76.8	143.332
76.9	143.365
77	143.398
77.1	143.431
77.2	143.463
77.3	143.496
77.4	143.529
77.5	143.561
77.6	143.594
77.7	143.627
77.8	143.659
77.9	143.692
78	143.724
78.1	143.757
78.2	143.789
78.3	143.822
78.4	143.854
78.5	143.887
78.6	143.919
78.7	143.951
78.8	143.984
78.9	144.016
79	144.048
79.1	144.081
79.2	144.113
79.3	144.145
79.4	144.177
79.5	144.21
79.6	144.242
79.7	144.274
79.8	144.306
79.9	144.338
80	144.37
80.1	144.402
80.2	144.434
80.3	144.466
80.4	144.498
80.5	144.53
80.6	144.562
80.7	144.594
80.8	144.626
80.9	144.657
81	144.689
81.1	144.721
81.2	144.753
81.3	144.785
81.4	144.816
81.5	144.848
81.6	144.88
81.7	144.911
81.8	144.943
81.9	144.975
82	145.006
82.1	145.038
82.2	145.069
82.3	145.101
82.4	145.132
82.5	145.164
82.6	145.195
82.7	145.227
82.8	145.258
82.9	145.289
83	145.321
83.1	145.352
83.2	145.383
83.3	145.415
83.4	145.446
83.5	145.477
83.6	145.509
83.7	145.54
83.8	145.571
83.9	145.602
84	145.633
84.1	145.664
84.2	145.695
84.3	145.726
84.4	145.757
84.5	145.789
84.6	145.82
84.7	145.851
84.8	145.881
84.9	145.912
85	145.943
85.1	145.974
85.2	146.005
85.3	146.036
85.4	146.067
85.5	146.098
85.6	146.128
85.7	146.159
85.8	146.19
85.9	146.221
86	146.251
86.1	146.282
86.2	146.313
86.3	146.343
86.4	146.374
86.5	146.404
86.6	146.435
86.7	146.466
86.8	146.496
86.9	146.527
87	146.557
87.1	146.588
87.2	146.618
87.3	146.648
87.4	146.679
87.5	146.709
87.6	146.74
87.7	146.77
87.8	146.8
87.9	146.831
88	146.861
88.1	146.891
88.2	146.921
88.3	146.952
88.4	146.982
88.5	147.012
88.6	147.042
88.7	147.072
88.8	147.102
88.9	147.132
89	147.162
89.1	147.193
89.2	147.223
89.3	147.253
89.4	147.283
89.5	147.313
89.6	147.342
89.7	147.372
89.8	147.402
89.9	147.432
90	147.462
90.1	147.492
90.2	147.522
90.3	147.552
90.4	147.581
90.5	147.611
90.6	147.641
90.7	147.671
90.8	147.7
90.9	147.73
91	147.76
91.1	147.789
91.2	147.819
91.3	147.849
91.4	147.878
91.5	147.908
91.6	147.937
91.7	147.967
91.8	147.996
91.9	148.026
92	148.055
92.1	148.085
92.2	148.114
92.3	148.144
92.4	148.173
92.5	148.202
92.6	148.232
92.7	148.261
92.8	148.29
92.9	148.32
93	148.349
93.1	148.378
93.2	148.408
93.3	148.437
93.4	148.466
93.5	148.495
93.6	148.524
93.7	148.553
93.8	148.583
93.9	148.612
94	148.641
94.1	148.67
94.2	148.699
94.3	148.728
94.4	148.757
94.5	148.786
94.6	148.815
94.7	148.844
94.8	148.873
94.9	148.902
95	148.931
95.1	148.96
95.2	148.988
95.3	149.017
95.4	149.046
95.5	149.075
95.6	149.104
95.7	149.133
95.8	149.161
95.9	149.19
96	149.219
96.1	149.248
96.2	149.276
96.3	149.305
96.4	149.334
96.5	149.362
96.6	149.391
96.7	149.419
96.8	149.448
96.9	149.477
97	149.505
97.1	149.534
97.2	149.562
97.3	149.591
97.4	149.619
97.5	149.648
97.6	149.676
97.7	149.704
97.8	149.733
97.9	149.761
98	149.79
98.1	149.818
98.2	149.846
98.3	149.875
98.4	149.903
98.5	149.931
98.6	149.959
98.7	149.988
98.8	150.016
98.9	150.044
99	150.072
99.1	150.1
99.2	150.129
99.3	150.157
99.4	150.185
99.5	150.213
99.6	150.241
99.7	150.269
99.8	150.297
99.9	150.325
100	150.353
100.1	150.381
100.2	150.409
100.3	150.437
100.4	150.465
100.5	150.493
100.6	150.521
100.7	150.549
100.8	150.577
100.9	150.605
101	150.633
101.1	150.66
101.2	150.688
101.3	150.716
101.4	150.744
101.5	150.772
101.6	150.799
101.7	150.827
101.8	150.855
101.9	150.882
102	150.91
102.1	150.938
102.2	150.965
102.3	150.993
102.4	151.021
102.5	151.048
102.6	151.076
102.7	151.103
102.8	151.131
102.9	151.159
103	151.186
103.1	151.214
103.2	151.241
103.3	151.269
103.4	151.296
103.5	151.323
103.6	151.351
103.7	151.378
103.8	151.406
103.9	151.433
104	151.46
104.1	151.488
104.2	151.515
104.3	151.542
104.4	151.57
104.5	151.597
104.6	151.624
104.7	151.651
104.8	151.679
104.9	151.706
105	151.733
105.1	151.76
105.2	151.787
105.3	151.815
105.4	151.842
105.5	151.869
105.6	151.896
105.7	151.923
105.8	151.95
105.9	151.977
106	152.004
106.1	152.031
106.2	152.058
106.3	152.085
106.4	152.112
106.5	152.139
106.6	152.166
106.7	152.193
106.8	152.22
106.9	152.247
107	152.274
107.1	152.301
107.2	152.328
107.3	152.354
107.4	152.381
107.5	152.408
107.6	152.435
107.7	152.462
107.8	152.488
107.9	152.515
108	152.542
108.1	152.569
108.2	152.595
108.3	152.622
108.4	152.649
108.5	152.675
108.6	152.702
108.7	152.729
108.8	152.755
108.9	152.782
109	152.808
109.1	152.835
109.2	152.862
109.3	152.888
109.4	152.915
109.5	152.941
109.6	152.968
109.7	152.994
109.8	153.021
109.9	153.047
110	153.073
110.1	153.1
110.2	153.126
110.3	153.153
110.4	153.179
110.5	153.205
110.6	153.232
110.7	153.258
110.8	153.284
110.9	153.311
111	153.337
111.1	153.363
111.2	153.39
111.3	153.416
111.4	153.442
111.5	153.468
111.6	153.494
111.7	153.521
111.8	153.547
111.9	153.573
112	153.599
112.1	153.625
112.2	153.651
112.3	153.677
112.4	153.704
112.5	153.73
112.6	153.756
112.7	153.782
112.8	153.808
112.9	153.834
113	153.86
113.1	153.886
113.2	153.912
113.3	153.938
113.4	153.964
113.5	153.99
113.6	154.015
113.7	154.041
113.8	154.067
113.9	154.093
114	154.119
114.1	154.145
114.2	154.171
114.3	154.197
114.4	154.222
114.5	154.248
114.6	154.274
114.7	154.3
114.8	154.325
114.9	154.351
115	154.377
115.1	154.403
115.2	154.428
115.3	154.454
115.4	154.48
115.5	154.505
115.6	154.531
115.7	154.557
115.8	154.582
115.9	154.608
116	154.633
116.1	154.659
116.2	154.685
116.3	154.71
116.4	154.736
116.5	154.761
116.6	154.787
116.7	154.812
116.8	154.838
116.9	154.863
117	154.889
117.1	154.914
117.2	154.939
117.3	154.965
117.4	154.99
117.5	155.016
117.6	155.041
117.7	155.066
117.8	155.092
117.9	155.117
118	155.142
118.1	155.168
118.2	155.193
118.3	155.218
118.4	155.244
118.5	155.269
118.6	155.294
118.7	155.319
118.8	155.344
118.9	155.37
119	155.395
119.1	155.42
119.2	155.445
119.3	155.47
119.4	155.495
119.5	155.521
119.6	155.546
119.7	155.571
119.8	155.596
119.9	155.621
120	155.646
120.1	155.671
120.2	155.696
120.3	155.721
120.4	155.746
120.5	155.771
120.6	155.796
120.7	155.821
120.8	155.846
120.9	155.871
121	155.896
121.1	155.921
121.2	155.946
121.3	155.971
121.4	155.996
121.5	156.02
121.6	156.045
121.7	156.07
121.8	156.095
121.9	156.12
122	156.145
122.1	156.169
122.2	156.194
122.3	156.219
122.4	156.244
122.5	156.268
122.6	156.293
122.7	156.318
122.8	156.343
122.9	156.367
123	156.392
123.1	156.417
123.2	156.441
123.3	156.466
123.4	156.491
123.5	156.515
123.6	156.54
123.7	156.564
123.8	156.589
123.9	156.614
124	156.638
124.1	156.663
124.2	156.687
124.3	156.712
124.4	156.736
124.5	156.761
124.6	156.785
124.7	156.81
124.8	156.834
124.9	156.859
125	156.883
125.1	156.908
125.2	156.932
125.3	156.956
125.4	156.981
125.5	157.005
125.6	157.029
125.7	157.054
125.8	157.078
125.9	157.103
126	157.127
126.1	157.151
126.2	157.175
126.3	157.2
126.4	157.224
126.5	157.248
126.6	157.273
126.7	157.297
126.8	157.321
126.9	157.345
127	157.369
127.1	157.394
127.2	157.418
127.3	157.442
127.4	157.466
127.5	157.49
127.6	157.514
127.7	157.538
127.8	157.563
127.9	157.587
128	157.611
128.1	157.635
128.2	157.659
128.3	157.683
128.4	157.707
128.5	157.731
128.6	157.755
128.7	157.779
128.8	157.803
128.9	157.827
129	157.851
129.1	157.875
129.2	157.899
129.3	157.923
129.4	157.947
129.5	157.971
129.6	157.995
129.7	158.018
129.8	158.042
129.9	158.066
130	158.09
130.1	158.114
130.2	158.138
130.3	158.162
130.4	158.185
130.5	158.209
130.6	158.233
130.7	158.257
130.8	158.281
130.9	158.304
131	158.328
131.1	158.352
131.2	158.375
131.3	158.399
131.4	158.423
131.5	158.447
131.6	158.47
131.7	158.494
131.8	158.518
131.9	158.541
132	158.565
132.1	158.588
132.2	158.612
132.3	158.636
132.4	158.659
132.5	158.683
132.6	158.706
132.7	158.73
132.8	158.754
132.9	158.777
133	158.801
133.1	158.824
133.2	158.848
133.3	158.871
133.4	158.895
133.5	158.918
133.6	158.941
133.7	158.965
133.8	158.988
133.9	159.012
134	159.035
134.1	159.059
134.2	159.082
134.3	159.105
134.4	159.129
134.5	159.152
134.6	159.175
134.7	159.199
134.8	159.222
134.9	159.245
135	159.269
135.1	159.292
135.2	159.315
135.3	159.339
135.4	159.362
135.5	159.385
135.6	159.408
135.7	159.432
135.8	159.455
135.9	159.478
136	159.501
136.1	159.524
136.2	159.548
136.3	159.571
136.4	159.594
136.5	159.617
136.6	159.64
136.7	159.663
136.8	159.687
136.9	159.71
137	159.733
137.1	159.756
137.2	159.779
137.3	159.802
137.4	159.825
137.5	159.848
137.6	159.871
137.7	159.894
137.8	159.917
137.9	159.94
138	159.963
138.1	159.986
138.2	160.009
138.3	160.032
138.4	160.055
138.5	160.078
138.6	160.101
138.7	160.124
138.8	160.147
138.9	160.17
139	160.192
139.1	160.215
139.2	160.238
139.3	160.261
139.4	160.284
139.5	160.307
139.6	160.33
139.7	160.352
139.8	160.375
139.9	160.398
140	160.421
140.1	160.444
140.2	160.466
140.3	160.489
140.4	160.512
140.5	160.535
140.6	160.557
140.7	160.58
140.8	160.603
140.9	160.626
141	160.648
141.1	160.671
141.2	160.694
141.3	160.716
141.4	160.739
141.5	160.762
141.6	160.784
141.7	160.807
141.8	160.829
141.9	160.852
142	160.875
142.1	160.897
142.2	160.92
142.3	160.942
142.4	160.965
142.5	160.987
142.6	161.01
142.7	161.032
142.8	161.055
142.9	161.077
143	161.1
143.1	161.122
143.2	161.145
143.3	161.167
143.4	161.19
143.5	161.212
143.6	161.235
143.7	161.257
143.8	161.28
143.9	161.302
144	161.324
144.1	161.347
144.2	161.369
144.3	161.392
144.4	161.414
144.5	161.436
144.6	161.459
144.7	161.481
144.8	161.503
144.9	161.526
145	161.548
145.1	161.57
145.2	161.592
145.3	161.615
145.4	161.637
145.5	161.659
145.6	161.681
145.7	161.704
145.8	161.726
145.9	161.748
146	161.77
146.1	161.793
146.2	161.815
146.3	161.837
146.4	161.859
146.5	161.881
146.6	161.903
146.7	161.926
146.8	161.948
146.9	161.97
147	161.992
147.1	162.014
147.2	162.036
147.3	162.058
147.4	162.08
147.5	162.102
147.6	162.124
147.7	162.147
147.8	162.169
147.9	162.191
148	162.213
148.1	162.235
148.2	162.257
148.3	162.279
148.4	162.301
148.5	162.323
148.6	162.345
148.7	162.367
148.8	162.388
148.9	162.41
149	162.432
149.1	162.454
149.2	162.476
149.3	162.498
149.4	162.52
149.5	162.542
149.6	162.564
149.7	162.586
149.8	162.607
149.9	162.629
150	162.651
150.1	162.673
150.2	162.695
150.3	162.717
150.4	162.738
150.5	162.76
150.6	162.782
150.7	162.804
150.8	162.826
150.9	162.847
151	162.869
151.1	162.891
151.2	162.913
151.3	162.934
151.4	162.956
151.5	162.978
151.6	162.999
151.7	163.021
151.8	163.043
151.9	163.064
152	163.086
152.1	163.108
152.2	163.129
152.3	163.151
152.4	163.173
152.5	163.194
152.6	163.216
152.7	163.238
152.8	163.259
152.9	163.281
153	163.302
153.1	163.324
153.2	163.345
153.3	163.367
153.4	163.389
153.5	163.41
153.6	163.432
153.7	163.453
153.8	163.475
153.9	163.496
154	163.518
154.1	163.539
154.2	163.561
154.3	163.582
154.4	163.603
154.5	163.625
154.6	163.646
154.7	163.668
154.8	163.689
154.9	163.711
155	163.732
155.1	163.753
155.2	163.775
155.3	163.796
155.4	163.818
155.5	163.839
155.6	163.86
155.7	163.882
155.8	163.903
155.9	163.924
156	163.946
156.1	163.967
156.2	163.988
156.3	164.009
156.4	164.031
156.5	164.052
156.6	164.073
156.7	164.095
156.8	164.116
156.9	164.137
157	164.158
157.1	164.18
157.2	164.201
157.3	164.222
157.4	164.243
157.5	164.264
157.6	164.286
157.7	164.307
157.8	164.328
157.9	164.349
158	164.37
158.1	164.391
158.2	164.413
158.3	164.434
158.4	164.455
158.5	164.476
158.6	164.497
158.7	164.518
158.8	164.539
158.9	164.56
159	164.581
159.1	164.602
159.2	164.623
159.3	164.644
159.4	164.666
159.5	164.687
159.6	164.708
159.7	164.729
159.8	164.75
159.9	164.771
160	164.792
160.1	164.813
160.2	164.834
160.3	164.855
160.4	164.875
160.5	164.896
160.6	164.917
160.7	164.938
160.8	164.959
160.9	164.98
161	165.001
161.1	165.022
161.2	165.043
161.3	165.064
161.4	165.085
161.5	165.105
161.6	165.126
161.7	165.147
161.8	165.168
161.9	165.189
162	165.21
162.1	165.231
162.2	165.251
162.3	165.272
162.4	165.293
162.5	165.314
162.6	165.335
162.7	165.355
162.8	165.376
162.9	165.397
163	165.418
163.1	165.438
163.2	165.459
163.3	165.48
163.4	165.5
163.5	165.521
163.6	165.542
163.7	165.563
163.8	165.583
163.9	165.604
164	165.625
164.1	165.645
164.2	165.666
164.3	165.687
164.4	165.707
164.5	165.728
164.6	165.749
164.7	165.769
164.8	165.79
164.9	165.81
165	165.831
165.1	165.852
165.2	165.872
165.3	165.893
165.4	165.913
165.5	165.934
165.6	165.954
165.7	165.975
165.8	165.995
165.9	166.016
166	166.036
166.1	166.057
166.2	166.077
166.3	166.098
166.4	166.118
166.5	166.139
166.6	166.159
166.7	166.18
166.8	166.2
166.9	166.221
167	166.241
167.1	166.262
167.2	166.282
167.3	166.303
167.4	166.323
167.5	166.343
167.6	166.364
167.7	166.384
167.8	166.405
167.9	166.425
168	166.445
168.1	166.466
168.2	166.486
168.3	166.506
168.4	166.527
168.5	166.547
168.6	166.567
168.7	166.588
168.8	166.608
168.9	166.628
169	166.649
169.1	166.669
169.2	166.689
169.3	166.709
169.4	166.73
169.5	166.75
169.6	166.77
169.7	166.79
169.8	166.811
169.9	166.831
170	166.851
170.1	166.871
170.2	166.892
170.3	166.912
170.4	166.932
170.5	166.952
170.6	166.972
170.7	166.992
170.8	167.013
170.9	167.033
171	167.053
171.1	167.073
171.2	167.093
171.3	167.113
171.4	167.133
171.5	167.154
171.6	167.174
171.7	167.194
171.8	167.214
171.9	167.234
172	167.254
172.1	167.274
172.2	167.294
172.3	167.314
172.4	167.334
172.5	167.354
172.6	167.374
172.7	167.394
172.8	167.414
172.9	167.434
173	167.454
173.1	167.474
173.2	167.494
173.3	167.514
173.4	167.534
173.5	167.554
173.6	167.574
173.7	167.594
173.8	167.614
173.9	167.634
174	167.654
174.1	167.674
174.2	167.694
174.3	167.714
174.4	167.734
174.5	167.754
174.6	167.773
174.7	167.793
174.8	167.813
174.9	167.833
175	167.853
175.1	167.873
175.2	167.893
175.3	167.912
175.4	167.932
175.5	167.952
175.6	167.972
175.7	167.992
175.8	168.012
175.9	168.031
176	168.051
176.1	168.071
176.2	168.091
176.3	168.111
176.4	168.13
176.5	168.15
176.6	168.17
176.7	168.19
176.8	168.209
176.9	168.229
177	168.249
177.1	168.268
177.2	168.288
177.3	168.308
177.4	168.328
177.5	168.347
177.6	168.367
177.7	168.387
177.8	168.406
177.9	168.426
178	168.446
178.1	168.465
178.2	168.485
178.3	168.505
178.4	168.524
178.5	168.544
178.6	168.563
178.7	168.583
178.8	168.603
178.9	168.622
179	168.642
179.1	168.661
179.2	168.681
179.3	168.701
179.4	168.72
179.5	168.74
179.6	168.759
179.7	168.779
179.8	168.798
179.9	168.818
180	168.837
180.1	168.857
180.2	168.876
180.3	168.896
180.4	168.915
180.5	168.935
180.6	168.954
180.7	168.974
180.8	168.993
180.9	169.013
181	169.032
181.1	169.052
181.2	169.071
181.3	169.091
181.4	169.11
181.5	169.129
181.6	169.149
181.7	169.168
181.8	169.188
181.9	169.207
182	169.226
182.1	169.246
182.2	169.265
182.3	169.285
182.4	169.304
182.5	169.323
182.6	169.343
182.7	169.362
182.8	169.381
182.9	169.401
183	169.42
183.1	169.439
183.2	169.459
183.3	169.478
183.4	169.497
183.5	169.516
183.6	169.536
183.7	169.555
183.8	169.574
183.9	169.594
184	169.613
184.1	169.632
184.2	169.651
184.3	169.671
184.4	169.69
184.5	169.709
184.6	169.728
184.7	169.747
184.8	169.767
184.9	169.786
185	169.805
185.1	169.824
185.2	169.843
185.3	169.863
185.4	169.882
185.5	169.901
185.6	169.92
185.7	169.939
185.8	169.958
185.9	169.978
186	169.997
186.1	170.016
186.2	170.035
186.3	170.054
186.4	170.073
186.5	170.092
186.6	170.111
186.7	170.13
186.8	170.15
186.9	170.169
187	170.188
187.1	170.207
187.2	170.226
187.3	170.245
187.4	170.264
187.5	170.283
187.6	170.302
187.7	170.321
187.8	170.34
187.9	170.359
188	170.378
188.1	170.397
188.2	170.416
188.3	170.435
188.4	170.454
188.5	170.473
188.6	170.492
188.7	170.511
188.8	170.53
188.9	170.549
189	170.568
189.1	170.587
189.2	170.606
189.3	170.625
189.4	170.643
189.5	170.662
189.6	170.681
189.7	170.7
189.8	170.719
189.9	170.738
190	170.757
190.1	170.776
190.2	170.795
190.3	170.814
190.4	170.832
190.5	170.851
190.6	170.87
190.7	170.889
190.8	170.908
190.9	170.927
191	170.945
191.1	170.964
191.2	170.983
191.3	171.002
191.4	171.021
191.5	171.039
191.6	171.058
191.7	171.077
191.8	171.096
191.9	171.115
192	171.133
192.1	171.152
192.2	171.171
192.3	171.19
192.4	171.208
192.5	171.227
192.6	171.246
192.7	171.264
192.8	171.283
192.9	171.302
193	171.321
193.1	171.339
193.2	171.358
193.3	171.377
193.4	171.395
193.5	171.414
193.6	171.433
193.7	171.451
193.8	171.47
193.9	171.489
194	171.507
194.1	171.526
194.2	171.545
194.3	171.563
194.4	171.582
194.5	171.6
194.6	171.619
194.7	171.638
194.8	171.656
194.9	171.675
195	171.693
195.1	171.712
195.2	171.731
195.3	171.749
195.4	171.768
195.5	171.786
195.6	171.805
195.7	171.823
195.8	171.842
195.9	171.86
196	171.879
196.1	171.898
196.2	171.916
196.3	171.935
196.4	171.953
196.5	171.972
196.6	171.99
196.7	172.009
196.8	172.027
196.9	172.046
197	172.064
197.1	172.082
197.2	172.101
197.3	172.119
197.4	172.138
197.5	172.156
197.6	172.175
197.7	172.193
197.8	172.212
197.9	172.23
198	172.248
198.1	172.267
198.2	172.285
198.3	172.304
198.4	172.322
198.5	172.34
198.6	172.359
198.7	172.377
198.8	172.395
198.9	172.414
199	172.432
199.1	172.451
199.2	172.469
199.3	172.487
199.4	172.506
199.5	172.524
199.6	172.542
199.7	172.561
199.8	172.579
199.9	172.597
200	172.615
200.1	172.634
200.2	172.652
200.3	172.67
200.4	172.689
200.5	172.707
200.6	172.725
200.7	172.743
200.8	172.762
200.9	172.78
201	172.798
201.1	172.816
201.2	172.835
201.3	172.853
201.4	172.871
201.5	172.889
201.6	172.907
201.7	172.926
201.8	172.944
201.9	172.962
202	172.98
202.1	172.998
202.2	173.017
202.3	173.035
202.4	173.053
202.5	173.071
202.6	173.089
202.7	173.107
202.8	173.126
202.9	173.144
203	173.162
203.1	173.18
203.2	173.198
203.3	173.216
203.4	173.234
203.5	173.252
203.6	173.271
203.7	173.289
203.8	173.307
203.9	173.325
204	173.343
204.1	173.361
204.2	173.379
204.3	173.397
204.4	173.415
204.5	173.433
204.6	173.451
204.7	173.469
204.8	173.487
204.9	173.505
205	173.523
205.1	173.541
205.2	173.559
205.3	173.577
205.4	173.595
205.5	173.613
205.6	173.631
205.7	173.649
205.8	173.667
205.9	173.685
206	173.703
206.1	173.721
206.2	173.739
206.3	173.757
206.4	173.775
206.5	173.793
206.6	173.811
206.7	173.829
206.8	173.847
206.9	173.865
207	173.883
207.1	173.901
207.2	173.919
207.3	173.937
207.4	173.954
207.5	173.972
207.6	173.99
207.7	174.008
207.8	174.026
207.9	174.044
208	174.062
208.1	174.08
208.2	174.097
208.3	174.115
208.4	174.133
208.5	174.151
208.6	174.169
208.7	174.187
208.8	174.204
208.9	174.222
209	174.24
209.1	174.258
209.2	174.276
209.3	174.294
209.4	174.311
209.5	174.329
209.6	174.347
209.7	174.365
209.8	174.382
209.9	174.4
210	174.418
210.1	174.436
210.2	174.453
210.3	174.471
210.4	174.489
210.5	174.507
210.6	174.524
210.7	174.542
210.8	174.56
210.9	174.578
211	174.595
211.1	174.613
211.2	174.631
211.3	174.648
211.4	174.666
211.5	174.684
211.6	174.701
211.7	174.719
211.8	174.737
211.9	174.754
212	174.772
212.1	174.79
212.2	174.807
212.3	174.825
212.4	174.843
212.5	174.86
212.6	174.878
212.7	174.896
212.8	174.913
212.9	174.931
213	174.948
213.1	174.966
213.2	174.984
213.3	175.001
213.4	175.019
213.5	175.036
213.6	175.054
213.7	175.072
213.8	175.089
213.9	175.107
214	175.124
214.1	175.142
214.2	175.159
214.3	175.177
214.4	175.194
214.5	175.212
214.6	175.23
214.7	175.247
214.8	175.265
214.9	175.282
215	175.3
215.1	175.317
215.2	175.335
215.3	175.352
215.4	175.37
215.5	175.387
215.6	175.405
215.7	175.422
215.8	175.439
215.9	175.457
216	175.474
216.1	175.492
216.2	175.509
216.3	175.527
216.4	175.544
216.5	175.562
216.6	175.579
216.7	175.596
216.8	175.614
216.9	175.631
217	175.649
217.1	175.666
217.2	175.684
217.3	175.701
217.4	175.718
217.5	175.736
217.6	175.753
217.7	175.77
217.8	175.788
217.9	175.805
218	175.823
218.1	175.84
218.2	175.857
218.3	175.875
218.4	175.892
218.5	175.909
218.6	175.927
218.7	175.944
218.8	175.961
218.9	175.979
219	175.996
219.1	176.013
219.2	176.031
219.3	176.048
219.4	176.065
219.5	176.082
219.6	176.1
219.7	176.117
219.8	176.134
219.9	176.152
220	176.169
220.1	176.186
220.2	176.203
220.3	176.221
220.4	176.238
220.5	176.255
220.6	176.272
220.7	176.289
220.8	176.307
220.9	176.324
221	176.341
221.1	176.358
221.2	176.376
221.3	176.393
221.4	176.41
221.5	176.427
221.6	176.444
221.7	176.462
221.8	176.479
221.9	176.496
222	176.513
222.1	176.53
222.2	176.547
222.3	176.565
222.4	176.582
222.5	176.599
222.6	176.616
222.7	176.633
222.8	176.65
222.9	176.667
223	176.685
223.1	176.702
223.2	176.719
223.3	176.736
223.4	176.753
223.5	176.77
223.6	176.787
223.7	176.804
223.8	176.821
223.9	176.838
224	176.856
224.1	176.873
224.2	176.89
224.3	176.907
224.4	176.924
224.5	176.941
224.6	176.958
224.7	176.975
224.8	176.992
224.9	177.009
225	177.026
225.1	177.043
225.2	177.06
225.3	177.077
225.4	177.094
225.5	177.111
225.6	177.128
225.7	177.145
225.8	177.162
225.9	177.179
226	177.196
226.1	177.213
226.2	177.23
226.3	177.247
226.4	177.264
226.5	177.281
226.6	177.298
226.7	177.315
226.8	177.332
226.9	177.349
227	177.366
227.1	177.383
227.2	177.4
227.3	177.416
227.4	177.433
227.5	177.45
227.6	177.467
227.7	177.484
227.8	177.501
227.9	177.518
228	177.535
228.1	177.552
228.2	177.569
228.3	177.585
228.4	177.602
228.5	177.619
228.6	177.636
228.7	177.653
228.8	177.67
228.9	177.687
229	177.704
229.1	177.72
229.2	177.737
229.3	177.754
229.4	177.771
229.5	177.788
229.6	177.805
229.7	177.821
229.8	177.838
229.9	177.855
230	177.872
230.1	177.889
230.2	177.905
230.3	177.922
230.4	177.939
230.5	177.956
230.6	177.972
230.7	177.989
230.8	178.006
230.9	178.023
231	178.04
231.1	178.056
231.2	178.073
231.3	178.09
231.4	178.107
231.5	178.123
231.6	178.14
231.7	178.157
231.8	178.173
231.9	178.19
232	178.207
232.1	178.224
232.2	178.24
232.3	178.257
232.4	178.274
232.5	178.29
232.6	178.307
232.7	178.324
232.8	178.34
232.9	178.357
233	178.374
233.1	178.391
233.2	178.407
233.3	178.424
233.4	178.44
233.5	178.457
233.6	178.474
233.7	178.49
233.8	178.507
233.9	178.524
234	178.54
234.1	178.557
234.2	178.574
234.3	178.59
234.4	178.607
234.5	178.623
234.6	178.64
234.7	178.657
234.8	178.673
234.9	178.69
235	178.706
235.1	178.723
235.2	178.74
235.3	178.756
235.4	178.773
235.5	178.789
235.6	178.806
235.7	178.822
235.8	178.839
235.9	178.855
236	178.872
236.1	178.889
236.2	178.905
236.3	178.922
236.4	178.938
236.5	178.955
236.6	178.971
236.7	178.988
236.8	179.004
236.9	179.021
237	179.037
237.1	179.054
237.2	179.07
237.3	179.087
237.4	179.103
237.5	179.12
237.6	179.136
237.7	179.153
237.8	179.169
237.9	179.186
238	179.202
238.1	179.218
238.2	179.235
238.3	179.251
238.4	179.268
238.5	179.284
238.6	179.301
238.7	179.317
238.8	179.334
238.9	179.35
239	179.366
239.1	179.383
239.2	179.399
239.3	179.416
239.4	179.432
239.5	179.448
239.6	179.465
239.7	179.481
239.8	179.498
239.9	179.514
240	179.53
240.1	179.547
240.2	179.563
240.3	179.579
240.4	179.596
240.5	179.612
240.6	179.628
240.7	179.645
240.8	179.661
240.9	179.678
241	179.694
241.1	179.71
241.2	179.726
241.3	179.743
241.4	179.759
241.5	179.775
241.6	179.792
241.7	179.808
241.8	179.824
241.9	179.841
242	179.857
242.1	179.873
242.2	179.89
242.3	179.906
242.4	179.922
242.5	179.938
242.6	179.955
242.7	179.971
242.8	179.987
242.9	180.003
243	180.02
243.1	180.036
243.2	180.052
243.3	180.068
243.4	180.085
243.5	180.101
243.6	180.117
243.7	180.133
243.8	180.15
243.9	180.166
244	180.182
244.1	180.198
244.2	180.214
244.3	180.231
244.4	180.247
244.5	180.263
244.6	180.279
244.7	180.295
244.8	180.312
244.9	180.328
245	180.344
245.1	180.36
245.2	180.376
245.3	180.392
245.4	180.409
245.5	180.425
245.6	180.441
245.7	180.457
245.8	180.473
245.9	180.489
246	180.505
246.1	180.522
246.2	180.538
246.3	180.554
246.4	180.57
246.5	180.586
246.6	180.602
246.7	180.618
246.8	180.634
246.9	180.65
247	180.667
247.1	180.683
247.2	180.699
247.3	180.715
247.4	180.731
247.5	180.747
247.6	180.763
247.7	180.779
247.8	180.795
247.9	180.811
248	180.827
248.1	180.843
248.2	180.859
248.3	180.875
248.4	180.891
248.5	180.907
248.6	180.923
248.7	180.939
248.8	180.956
248.9	180.972
249	180.988
249.1	181.004
249.2	181.02
249.3	181.036
249.4	181.052
249.5	181.068
249.6	181.084
249.7	181.1
249.8	181.116
249.9	181.131
250	181.147
250.1	181.163
250.2	181.179
250.3	181.195
250.4	181.211
250.5	181.227
250.6	181.243
250.7	181.259
250.8	181.275
250.9	181.291
251	181.307
251.1	181.323
251.2	181.339
251.3	181.355
251.4	181.371
251.5	181.387
251.6	181.403
251.7	181.418
251.8	181.434
251.9	181.45
252	181.466
252.1	181.482
252.2	181.498
252.3	181.514
252.4	181.53
252.5	181.546
252.6	181.562
252.7	181.577
252.8	181.593
252.9	181.609
253	181.625
253.1	181.641
253.2	181.657
253.3	181.673
253.4	181.688
253.5	181.704
253.6	181.72
253.7	181.736
253.8	181.752
253.9	181.768
254	181.783
254.1	181.799
254.2	181.815
254.3	181.831
254.4	181.847
254.5	181.862
254.6	181.878
254.7	181.894
254.8	181.91
254.9	181.926
255	181.941
255.1	181.957
255.2	181.973
255.3	181.989
255.4	182.005
255.5	182.02
255.6	182.036
255.7	182.052
255.8	182.068
255.9	182.083
256	182.099
256.1	182.115
256.2	182.131
256.3	182.146
256.4	182.162
256.5	182.178
256.6	182.193
256.7	182.209
256.8	182.225
256.9	182.241
257	182.256
257.1	182.272
257.2	182.288
257.3	182.303
257.4	182.319
257.5	182.335
257.6	182.351
257.7	182.366
257.8	182.382
257.9	182.398
258	182.413
258.1	182.429
258.2	182.445
258.3	182.46
258.4	182.476
258.5	182.492
258.6	182.507
258.7	182.523
258.8	182.539
258.9	182.554
259	182.57
259.1	182.585
259.2	182.601
259.3	182.617
259.4	182.632
259.5	182.648
259.6	182.664
259.7	182.679
259.8	182.695
259.9	182.71
260	182.726
260.1	182.742
260.2	182.757
260.3	182.773
260.4	182.788
260.5	182.804
260.6	182.82
260.7	182.835
260.8	182.851
260.9	182.866
261	182.882
261.1	182.897
261.2	182.913
261.3	182.928
261.4	182.944
261.5	182.96
261.6	182.975
261.7	182.991
261.8	183.006
261.9	183.022
262	183.037
262.1	183.053
262.2	183.068
262.3	183.084
262.4	183.099
262.5	183.115
262.6	183.13
262.7	183.146
262.8	183.161
262.9	183.177
263	183.192
263.1	183.208
263.2	183.223
263.3	183.239
263.4	183.254
263.5	183.27
263.6	183.285
263.7	183.301
263.8	183.316
263.9	183.332
264	183.347
264.1	183.363
264.2	183.378
264.3	183.393
264.4	183.409
264.5	183.424
264.6	183.44
264.7	183.455
264.8	183.471
264.9	183.486
265	183.502
265.1	183.517
265.2	183.532
265.3	183.548
265.4	183.563
265.5	183.579
265.6	183.594
265.7	183.609
265.8	183.625
265.9	183.64
266	183.656
266.1	183.671
266.2	183.686
266.3	183.702
266.4	183.717
266.5	183.732
266.6	183.748
266.7	183.763
266.8	183.779
266.9	183.794
267	183.809
267.1	183.825
267.2	183.84
267.3	183.855
267.4	183.871
267.5	183.886
267.6	183.901
267.7	183.917
267.8	183.932
267.9	183.947
268	183.963
268.1	183.978
268.2	183.993
268.3	184.009
268.4	184.024
268.5	184.039
268.6	184.054
268.7	184.07
268.8	184.085
268.9	184.1
269	184.116
269.1	184.131
269.2	184.146
269.3	184.161
269.4	184.177
269.5	184.192
269.6	184.207
269.7	184.223
269.8	184.238
269.9	184.253
270	184.268
270.1	184.284
270.2	184.299
270.3	184.314
270.4	184.329
270.5	184.344
270.6	184.36
270.7	184.375
270.8	184.39
270.9	184.405
271	184.421
271.1	184.436
271.2	184.451
271.3	184.466
271.4	184.481
271.5	184.497
271.6	184.512
271.7	184.527
271.8	184.542
271.9	184.557
272	184.573
272.1	184.588
272.2	184.603
272.3	184.618
272.4	184.633
272.5	184.648
272.6	184.664
272.7	184.679
272.8	184.694
272.9	184.709
273	184.724
273.1	184.739
273.2	184.755
273.3	184.77
273.4	184.785
273.5	184.8
273.6	184.815
273.7	184.83
273.8	184.845
273.9	184.86
274	184.876
274.1	184.891
274.2	184.906
274.3	184.921
274.4	184.936
274.5	184.951
274.6	184.966
274.7	184.981
274.8	184.996
274.9	185.011
275	185.027
275.1	185.042
275.2	185.057
275.3	185.072
275.4	185.087
275.5	185.102
275.6	185.117
275.7	185.132
275.8	185.147
275.9	185.162
276	185.177
276.1	185.192
276.2	185.207
276.3	185.222
276.4	185.237
276.5	185.252
276.6	185.267
276.7	185.282
276.8	185.298
276.9	185.313
277	185.328
277.1	185.343
277.2	185.358
277.3	185.373
277.4	185.388
277.5	185.403
277.6	185.418
277.7	185.433
277.8	185.448
277.9	185.463
278	185.478
278.1	185.493
278.2	185.508
278.3	185.523
278.4	185.537
278.5	185.552
278.6	185.567
278.7	185.582
278.8	185.597
278.9	185.612
279	185.627
279.1	185.642
279.2	185.657
279.3	185.672
279.4	185.687
279.5	185.702
279.6	185.717
279.7	185.732
279.8	185.747
279.9	185.762
280	185.777
280.1	185.792
280.2	185.806
280.3	185.821
280.4	185.836
280.5	185.851
280.6	185.866
280.7	185.881
280.8	185.896
280.9	185.911
281	185.926
281.1	185.941
281.2	185.955
281.3	185.97
281.4	185.985
281.5	186
281.6	186.015
281.7	186.03
281.8	186.045
281.9	186.06
282	186.074
282.1	186.089
282.2	186.104
282.3	186.119
282.4	186.134
282.5	186.149
282.6	186.163
282.7	186.178
282.8	186.193
282.9	186.208
283	186.223
283.1	186.238
283.2	186.252
283.3	186.267
283.4	186.282
283.5	186.297
283.6	186.312
283.7	186.326
283.8	186.341
283.9	186.356
284	186.371
284.1	186.386
284.2	186.4
284.3	186.415
284.4	186.43
284.5	186.445
284.6	186.46
284.7	186.474
284.8	186.489
284.9	186.504
285	186.519
285.1	186.533
285.2	186.548
285.3	186.563
285.4	186.578
285.5	186.592
285.6	186.607
285.7	186.622
285.8	186.637
285.9	186.651
286	186.666
286.1	186.681
286.2	186.696
286.3	186.71
286.4	186.725
286.5	186.74
286.6	186.754
286.7	186.769
286.8	186.784
286.9	186.799
287	186.813
287.1	186.828
287.2	186.843
287.3	186.857
287.4	186.872
287.5	186.887
287.6	186.901
287.7	186.916
287.8	186.931
287.9	186.945
288	186.96
288.1	186.975
288.2	186.989
288.3	187.004
288.4	187.019
288.5	187.033
288.6	187.048
288.7	187.063
288.8	187.077
288.9	187.092
289	187.107
289.1	187.121
289.2	187.136
289.3	187.151
289.4	187.165
289.5	187.18
289.6	187.194
289.7	187.209
289.8	187.224
289.9	187.238
290	187.253
290.1	187.268
290.2	187.282
290.3	187.297
290.4	187.311
290.5	187.326
290.6	187.341
290.7	187.355
290.8	187.37
290.9	187.384
291	187.399
291.1	187.413
291.2	187.428
291.3	187.443
291.4	187.457
291.5	187.472
291.6	187.486
291.7	187.501
291.8	187.515
291.9	187.53
292	187.545
292.1	187.559
292.2	187.574
292.3	187.588
292.4	187.603
292.5	187.617
292.6	187.632
292.7	187.646
292.8	187.661
292.9	187.675
293	187.69
293.1	187.704
293.2	187.719
293.3	187.733
293.4	187.748
293.5	187.762
293.6	187.777
293.7	187.791
293.8	187.806
293.9	187.82
294	187.835
294.1	187.849
294.2	187.864
294.3	187.878
294.4	187.893
294.5	187.907
294.6	187.922
294.7	187.936
294.8	187.951
294.9	187.965
295	187.98
295.1	187.994
295.2	188.009
295.3	188.023
295.4	188.038
295.5	188.052
295.6	188.066
295.7	188.081
295.8	188.095
295.9	188.11
296	188.124
296.1	188.139
296.2	188.153
296.3	188.167
296.4	188.182
296.5	188.196
296.6	188.211
296.7	188.225
296.8	188.24
296.9	188.254
297	188.268
297.1	188.283
297.2	188.297
297.3	188.312
297.4	188.326
297.5	188.34
297.6	188.355
297.7	188.369
297.8	188.383
297.9	188.398
298	188.412
298.1	188.427
298.2	188.441
298.3	188.455
298.4	188.47
298.5	188.484
298.6	188.498
298.7	188.513
298.8	188.527
298.9	188.541
299	188.556
299.1	188.57
299.2	188.585
299.3	188.599
299.4	188.613
299.5	188.628
299.6	188.642
299.7	188.656
299.8	188.67
299.9	188.685
300	188.699
