W	Pred
1.5	148.862
1.6	145.975
1.7	143.419
1.8	141.143
1.9	139.105
2	137.27
2.1	135.611
2.2	134.105
2.3	132.733
2.4	131.479
2.5	130.33
2.6	129.274
2.7	128.3
2.8	127.401
2.9	126.569
3	125.797
3.1	125.08
3.2	124.413
3.3	123.791
3.4	123.211
3.5	122.668
3.6	122.161
3.7	121.686
3.8	121.24
3.9	120.822
4	120.429
4.1	120.06
4.2	119.712
4.3	119.385
4.4	119.077
4.5	118.786
4.6	118.513
4.7	118.254
4.8	118.01
4.9	117.78
5	117.562
5.1	117.357
5.2	117.163
5.3	116.979
5.4	116.806
5.5	116.642
5.6	116.487
5.7	116.341
5.8	116.202
5.9	116.072
6	115.948
6.1	115.831
6.2	115.721
6.3	115.617
6.4	115.519
6.5	115.427
6.6	115.34
6.7	115.258
6.8	115.18
6.9	115.108
7	115.04
7.1	114.976
7.2	114.916
7.3	114.859
7.4	114.807
7.5	114.758
7.6	114.712
7.7	114.67
7.8	114.631
7.9	114.594
8	114.561
8.1	114.53
8.2	114.502
8.3	114.476
8.4	114.453
8.5	114.432
8.6	114.414
8.7	114.397
8.8	114.382
8.9	114.37
9	114.359
9.1	114.35
9.2	114.343
9.3	114.338
9.4	114.334
9.5	114.332
9.6	114.331
9.7	114.332
9.8	114.334
9.9	114.338
10	114.343
10.1	114.349
10.2	114.356
10.3	114.365
10.4	114.375
10.5	114.385
10.6	114.397
10.7	114.41
10.8	114.424
10.9	114.439
11	114.454
11.1	114.471
11.2	114.488
11.3	114.507
11.4	114.526
11.5	114.546
11.6	114.566
11.7	114.588
11.8	114.61
11.9	114.633
12	114.656
12.1	114.68
12.2	114.705
12.3	114.73
12.4	114.756
12.5	114.782
12.6	114.809
12.7	114.837
12.8	114.865
12.9	114.893
13	114.922
13.1	114.951
13.2	114.981
13.3	115.012
13.4	115.042
13.5	115.073
13.6	115.105
13.7	115.137
13.8	115.169
13.9	115.202
14	115.235
14.1	115.268
14.2	115.302
14.3	115.336
14.4	115.37
14.5	115.404
14.6	115.439
14.7	115.474
14.8	115.51
14.9	115.545
15	115.581
15.1	115.617
15.2	115.654
15.3	115.69
15.4	115.727
15.5	115.764
15.6	115.801
15.7	115.839
15.8	115.876
15.9	115.914
16	115.952
16.1	115.99
16.2	116.028
16.3	116.067
16.4	116.106
16.5	116.144
16.6	116.183
16.7	116.222
16.8	116.262
16.9	116.301
17	116.34
17.1	116.38
17.2	116.42
17.3	116.46
17.4	116.5
17.5	116.54
17.6	116.58
17.7	116.62
17.8	116.66
17.9	116.701
18	116.741
18.1	116.782
18.2	116.823
18.3	116.863
18.4	116.904
18.5	116.945
18.6	116.986
18.7	117.027
18.8	117.068
18.9	117.11
19	117.151
19.1	117.192
19.2	117.234
19.3	117.275
19.4	117.316
19.5	117.358
19.6	117.4
19.7	117.441
19.8	117.483
19.9	117.524
20	117.566
20.1	117.608
20.2	117.65
20.3	117.691
20.4	117.733
20.5	117.775
20.6	117.817
20.7	117.859
20.8	117.901
20.9	117.943
21	117.985
21.1	118.027
21.2	118.069
21.3	118.111
21.4	118.153
21.5	118.195
21.6	118.237
21.7	118.279
21.8	118.321
21.9	118.363
22	118.405
22.1	118.447
22.2	118.489
22.3	118.531
22.4	118.573
22.5	118.615
22.6	118.657
22.7	118.699
22.8	118.741
22.9	118.783
23	118.825
23.1	118.867
23.2	118.909
23.3	118.951
23.4	118.993
23.5	119.035
23.6	119.077
23.7	119.119
23.8	119.161
23.9	119.203
24	119.245
24.1	119.286
24.2	119.328
24.3	119.37
24.4	119.412
24.5	119.454
24.6	119.495
24.7	119.537
24.8	119.579
24.9	119.621
25	119.662
25.1	119.704
25.2	119.746
25.3	119.787
25.4	119.829
25.5	119.87
25.6	119.912
25.7	119.953
25.8	119.995
25.9	120.036
26	120.078
26.1	120.119
26.2	120.16
26.3	120.202
26.4	120.243
26.5	120.284
26.6	120.325
26.7	120.367
26.8	120.408
26.9	120.449
27	120.49
27.1	120.531
27.2	120.572
27.3	120.613
27.4	120.654
27.5	120.695
27.6	120.736
27.7	120.777
27.8	120.818
27.9	120.859
28	120.899
28.1	120.94
28.2	120.981
28.3	121.021
28.4	121.062
28.5	121.103
28.6	121.143
28.7	121.184
28.8	121.224
28.9	121.265
29	121.305
29.1	121.345
29.2	121.386
29.3	121.426
29.4	121.466
29.5	121.507
29.6	121.547
29.7	121.587
29.8	121.627
29.9	121.667
30	121.707
30.1	121.747
30.2	121.787
30.3	121.827
30.4	121.867
30.5	121.907
30.6	121.946
30.7	121.986
30.8	122.026
30.9	122.065
31	122.105
31.1	122.145
31.2	122.184
31.3	122.224
31.4	122.263
31.5	122.303
31.6	122.342
31.7	122.381
31.8	122.421
31.9	122.46
32	122.499
32.1	122.538
32.2	122.577
32.3	122.616
32.4	122.655
32.5	122.694
32.6	122.733
32.7	122.772
32.8	122.811
32.9	122.85
33	122.889
33.1	122.928
33.2	122.966
33.3	123.005
33.4	123.044
33.5	123.082
33.6	123.121
33.7	123.159
33.8	123.198
33.9	123.236
34	123.274
34.1	123.313
34.2	123.351
34.3	123.389
34.4	123.428
34.5	123.466
34.6	123.504
34.7	123.542
34.8	123.58
34.9	123.618
35	123.656
35.1	123.694
35.2	123.732
35.3	123.77
35.4	123.807
35.5	123.845
35.6	123.883
35.7	123.92
35.8	123.958
35.9	123.996
36	124.033
36.1	124.071
36.2	124.108
36.3	124.145
36.4	124.183
36.5	124.22
36.6	124.257
36.7	124.295
36.8	124.332
36.9	124.369
37	124.406
37.1	124.443
37.2	124.48
37.3	124.517
37.4	124.554
37.5	124.591
37.6	124.628
37.7	124.665
37.8	124.702
37.9	124.738
38	124.775
38.1	124.812
38.2	124.848
38.3	124.885
38.4	124.921
38.5	124.958
38.6	124.994
38.7	125.031
38.8	125.067
38.9	125.103
39	125.14
39.1	125.176
39.2	125.212
39.3	125.248
39.4	125.285
39.5	125.321
39.6	125.357
39.7	125.393
39.8	125.429
39.9	125.465
40	125.5
40.1	125.536
40.2	125.572
40.3	125.608
40.4	125.644
40.5	125.679
40.6	125.715
40.7	125.75
40.8	125.786
40.9	125.822
41	125.857
41.1	125.892
41.2	125.928
41.3	125.963
41.4	125.999
41.5	126.034
41.6	126.069
41.7	126.104
41.8	126.139
41.9	126.175
42	126.21
42.1	126.245
42.2	126.28
42.3	126.315
42.4	126.35
42.5	126.384
42.6	126.419
42.7	126.454
42.8	126.489
42.9	126.524
43	126.558
43.1	126.593
43.2	126.628
43.3	126.662
43.4	126.697
43.5	126.731
43.6	126.766
43.7	126.8
43.8	126.834
43.9	126.869
44	126.903
44.1	126.937
44.2	126.972
44.3	127.006
44.4	127.04
44.5	127.074
44.6	127.108
44.7	127.142
44.8	127.176
44.9	127.21
45	127.244
45.1	127.278
45.2	127.312
45.3	127.346
45.4	127.38
45.5	127.413
45.6	127.447
45.7	127.481
45.8	127.514
45.9	127.548
46	127.581
46.1	127.615
46.2	127.648
46.3	127.682
46.4	127.715
46.5	127.749
46.6	127.782
46.7	127.815
46.8	127.849
46.9	127.882
47	127.915
47.1	127.948
47.2	127.981
47.3	128.014
47.4	128.047
47.5	128.081
47.6	128.113
47.7	128.146
47.8	128.179
47.9	128.212
48	128.245
48.1	128.278
48.2	128.311
48.3	128.343
48.4	128.376
48.5	128.409
48.6	128.441
48.7	128.474
48.8	128.507
48.9	128.539
49	128.572
49.1	128.604
49.2	128.636
49.3	128.669
49.4	128.701
49.5	128.733
49.6	128.766
49.7	128.798
49.8	128.83
49.9	128.862
50	128.895
50.1	128.927
50.2	128.959
50.3	128.991
50.4	129.023
50.5	129.055
50.6	129.087
50.7	129.119
50.8	129.151
50.9	129.182
51	129.214
51.1	129.246
51.2	129.278
51.3	129.309
51.4	129.341
51.5	129.373
51.6	129.404
51.7	129.436
51.8	129.467
51.9	129.499
52	129.53
52.1	129.562
52.2	129.593
52.3	129.625
52.4	129.656
52.5	129.687
52.6	129.719
52.7	129.75
52.8	129.781
52.9	129.812
53	129.843
53.1	129.875
53.2	129.906
53.3	129.937
53.4	129.968
53.5	129.999
53.6	130.03
53.7	130.061
53.8	130.092
53.9	130.122
54	130.153
54.1	130.184
54.2	130.215
54.3	130.246
54.4	130.276
54.5	130.307
54.6	130.338
54.7	130.368
54.8	130.399
54.9	130.429
55	130.46
55.1	130.49
55.2	130.521
55.3	130.551
55.4	130.582
55.5	130.612
55.6	130.642
55.7	130.673
55.8	130.703
55.9	130.733
56	130.763
56.1	130.794
56.2	130.824
56.3	130.854
56.4	130.884
56.5	130.914
56.6	130.944
56.7	130.974
56.8	131.004
56.9	131.034
57	131.064
57.1	131.094
57.2	131.124
57.3	131.154
57.4	131.183
57.5	131.213
57.6	131.243
57.7	131.273
57.8	131.302
57.9	131.332
58	131.362
58.1	131.391
58.2	131.421
58.3	131.45
58.4	131.48
58.5	131.509
58.6	131.539
58.7	131.568
58.8	131.598
58.9	131.627
59	131.656
59.1	131.686
59.2	131.715
59.3	131.744
59.4	131.773
59.5	131.803
59.6	131.832
59.7	131.861
59.8	131.89
59.9	131.919
60	131.948
60.1	131.977
60.2	132.006
60.3	132.035
60.4	132.064
60.5	132.093
60.6	132.122
60.7	132.151
60.8	132.18
60.9	132.208
61	132.237
61.1	132.266
61.2	132.295
61.3	132.323
61.4	132.352
61.5	132.381
61.6	132.409
61.7	132.438
61.8	132.466
61.9	132.495
62	132.523
62.1	132.552
62.2	132.58
62.3	132.609
62.4	132.637
62.5	132.666
62.6	132.694
62.7	132.722
62.8	132.751
62.9	132.779
63	132.807
63.1	132.835
63.2	132.864
63.3	132.892
63.4	132.92
63.5	132.948
63.6	132.976
63.7	133.004
63.8	133.032
63.9	133.06
64	133.088
64.1	133.116
64.2	133.144
64.3	133.172
64.4	133.2
64.5	133.228
64.6	133.255
64.7	133.283
64.8	133.311
64.9	133.339
65	133.366
65.1	133.394
65.2	133.422
65.3	133.45
65.4	133.477
65.5	133.505
65.6	133.532
65.7	133.56
65.8	133.587
65.9	133.615
66	133.642
66.1	133.67
66.2	133.697
66.3	133.725
66.4	133.752
66.5	133.779
66.6	133.807
66.7	133.834
66.8	133.861
66.9	133.889
67	133.916
67.1	133.943
67.2	133.97
67.3	133.997
67.4	134.024
67.5	134.052
67.6	134.079
67.7	134.106
67.8	134.133
67.9	134.16
68	134.187
68.1	134.214
68.2	134.241
68.3	134.268
68.4	134.294
68.5	134.321
68.6	134.348
68.7	134.375
68.8	134.402
68.9	134.429
69	134.455
69.1	134.482
69.2	134.509
69.3	134.535
69.4	134.562
69.5	134.589
69.6	134.615
69.7	134.642
69.8	134.668
69.9	134.695
70	134.722
70.1	134.748
70.2	134.774
70.3	134.801
70.4	134.827
70.5	134.854
70.6	134.88
70.7	134.906
70.8	134.933
70.9	134.959
71	134.985
71.1	135.012
71.2	135.038
71.3	135.064
71.4	135.09
71.5	135.117
71.6	135.143
71.7	135.169
71.8	135.195
71.9	135.221
72	135.247
72.1	135.273
72.2	135.299
72.3	135.325
72.4	135.351
72.5	135.377
72.6	135.403
72.7	135.429
72.8	135.455
72.9	135.481
73	135.507
73.1	135.532
73.2	135.558
73.3	135.584
73.4	135.61
73.5	135.635
73.6	135.661
73.7	135.687
73.8	135.712
73.9	135.738
74	135.764
74.1	135.789
74.2	135.815
74.3	135.841
74.4	135.866
74.5	135.892
74.6	135.917
74.7	135.943
74.8	135.968
74.9	135.993
75	136.019
75.1	136.044
75.2	136.07
75.3	136.095
75.4	136.12
75.5	136.146
75.6	136.171
75.7	136.196
75.8	136.221
75.9	136.247
76	136.272
76.1	136.297
76.2	136.322
76.3	136.347
76.4	136.373
76.5	136.398
76.6	136.423
76.7	136.448
76.8	136.473
76.9	136.498
77	136.523
77.1	136.548
77.2	136.573
77.3	136.598
77.4	136.623
77.5	136.648
77.6	136.672
77.7	136.697
77.8	136.722
77.9	136.747
78	136.772
78.1	136.797
78.2	136.821
78.3	136.846
78.4	136.871
78.5	136.895
78.6	136.92
78.7	136.945
78.8	136.969
78.9	136.994
79	137.019
79.1	137.043
79.2	137.068
79.3	137.092
79.4	137.117
79.5	137.141
79.6	137.166
79.7	137.19
79.8	137.215
79.9	137.239
80	137.264
80.1	137.288
80.2	137.312
80.3	137.337
80.4	137.361
80.5	137.385
80.6	137.41
80.7	137.434
80.8	137.458
80.9	137.483
81	137.507
81.1	137.531
81.2	137.555
81.3	137.579
81.4	137.603
81.5	137.628
81.6	137.652
81.7	137.676
81.8	137.7
81.9	137.724
82	137.748
82.1	137.772
82.2	137.796
82.3	137.82
82.4	137.844
82.5	137.868
82.6	137.892
82.7	137.916
82.8	137.939
82.9	137.963
83	137.987
83.1	138.011
83.2	138.035
83.3	138.059
83.4	138.082
83.5	138.106
83.6	138.13
83.7	138.154
83.8	138.177
83.9	138.201
84	138.225
84.1	138.248
84.2	138.272
84.3	138.296
84.4	138.319
84.5	138.343
84.6	138.366
84.7	138.39
84.8	138.413
84.9	138.437
85	138.46
85.1	138.484
85.2	138.507
85.3	138.531
85.4	138.554
85.5	138.578
85.6	138.601
85.7	138.624
85.8	138.648
85.9	138.671
86	138.694
86.1	138.718
86.2	138.741
86.3	138.764
86.4	138.787
86.5	138.811
86.6	138.834
86.7	138.857
86.8	138.88
86.9	138.903
87	138.926
87.1	138.95
87.2	138.973
87.3	138.996
87.4	139.019
87.5	139.042
87.6	139.065
87.7	139.088
87.8	139.111
87.9	139.134
88	139.157
88.1	139.18
88.2	139.203
88.3	139.226
88.4	139.249
88.5	139.271
88.6	139.294
88.7	139.317
88.8	139.34
88.9	139.363
89	139.386
89.1	139.408
89.2	139.431
89.3	139.454
89.4	139.477
89.5	139.499
89.6	139.522
89.7	139.545
89.8	139.568
89.9	139.59
90	139.613
90.1	139.635
90.2	139.658
90.3	139.681
90.4	139.703
90.5	139.726
90.6	139.748
90.7	139.771
90.8	139.793
90.9	139.816
91	139.838
91.1	139.861
91.2	139.883
91.3	139.906
91.4	139.928
91.5	139.95
91.6	139.973
91.7	139.995
91.8	140.018
91.9	140.04
92	140.062
92.1	140.085
92.2	140.107
92.3	140.129
92.4	140.151
92.5	140.174
92.6	140.196
92.7	140.218
92.8	140.24
92.9	140.262
93	140.285
93.1	140.307
93.2	140.329
93.3	140.351
93.4	140.373
93.5	140.395
93.6	140.417
93.7	140.439
93.8	140.461
93.9	140.483
94	140.505
94.1	140.527
94.2	140.549
94.3	140.571
94.4	140.593
94.5	140.615
94.6	140.637
94.7	140.659
94.8	140.681
94.9	140.703
95	140.725
95.1	140.746
95.2	140.768
95.3	140.79
95.4	140.812
95.5	140.834
95.6	140.855
95.7	140.877
95.8	140.899
95.9	140.921
96	140.942
96.1	140.964
96.2	140.986
96.3	141.007
96.4	141.029
96.5	141.051
96.6	141.072
96.7	141.094
96.8	141.115
96.9	141.137
97	141.159
97.1	141.18
97.2	141.202
97.3	141.223
97.4	141.245
97.5	141.266
97.6	141.288
97.7	141.309
97.8	141.33
97.9	141.352
98	141.373
98.1	141.395
98.2	141.416
98.3	141.437
98.4	141.459
98.5	141.48
98.6	141.501
98.7	141.523
98.8	141.544
98.9	141.565
99	141.587
99.1	141.608
99.2	141.629
99.3	141.65
99.4	141.672
99.5	141.693
99.6	141.714
99.7	141.735
99.8	141.756
99.9	141.777
100	141.799
100.1	141.82
100.2	141.841
100.3	141.862
100.4	141.883
100.5	141.904
100.6	141.925
100.7	141.946
100.8	141.967
100.9	141.988
101	142.009
101.1	142.03
101.2	142.051
101.3	142.072
101.4	142.093
101.5	142.114
101.6	142.135
101.7	142.156
101.8	142.177
101.9	142.197
102	142.218
102.1	142.239
102.2	142.26
102.3	142.281
102.4	142.302
102.5	142.322
102.6	142.343
102.7	142.364
102.8	142.385
102.9	142.405
103	142.426
103.1	142.447
103.2	142.467
103.3	142.488
103.4	142.509
103.5	142.529
103.6	142.55
103.7	142.571
103.8	142.591
103.9	142.612
104	142.633
104.1	142.653
104.2	142.674
104.3	142.694
104.4	142.715
104.5	142.735
104.6	142.756
104.7	142.776
104.8	142.797
104.9	142.817
105	142.838
105.1	142.858
105.2	142.879
105.3	142.899
105.4	142.919
105.5	142.94
105.6	142.96
105.7	142.981
105.8	143.001
105.9	143.021
106	143.042
106.1	143.062
106.2	143.082
106.3	143.103
106.4	143.123
106.5	143.143
106.6	143.163
106.7	143.184
106.8	143.204
106.9	143.224
107	143.244
107.1	143.264
107.2	143.285
107.3	143.305
107.4	143.325
107.5	143.345
107.6	143.365
107.7	143.385
107.8	143.405
107.9	143.425
108	143.445
108.1	143.466
108.2	143.486
108.3	143.506
108.4	143.526
108.5	143.546
108.6	143.566
108.7	143.586
108.8	143.606
108.9	143.626
109	143.646
109.1	143.666
109.2	143.685
109.3	143.705
109.4	143.725
109.5	143.745
109.6	143.765
109.7	143.785
109.8	143.805
109.9	143.825
110	143.844
110.1	143.864
110.2	143.884
110.3	143.904
110.4	143.924
110.5	143.943
110.6	143.963
110.7	143.983
110.8	144.003
110.9	144.022
111	144.042
111.1	144.062
111.2	144.081
111.3	144.101
111.4	144.121
111.5	144.14
111.6	144.16
111.7	144.18
111.8	144.199
111.9	144.219
112	144.239
112.1	144.258
112.2	144.278
112.3	144.297
112.4	144.317
112.5	144.336
112.6	144.356
112.7	144.375
112.8	144.395
112.9	144.414
113	144.434
113.1	144.453
113.2	144.473
113.3	144.492
113.4	144.512
113.5	144.531
113.6	144.55
113.7	144.57
113.8	144.589
113.9	144.609
114	144.628
114.1	144.647
114.2	144.667
114.3	144.686
114.4	144.705
114.5	144.725
114.6	144.744
114.7	144.763
114.8	144.782
114.9	144.802
115	144.821
115.1	144.84
115.2	144.859
115.3	144.879
115.4	144.898
115.5	144.917
115.6	144.936
115.7	144.955
115.8	144.974
115.9	144.994
116	145.013
116.1	145.032
116.2	145.051
116.3	145.07
116.4	145.089
116.5	145.108
116.6	145.127
116.7	145.146
116.8	145.165
116.9	145.184
117	145.203
117.1	145.222
117.2	145.241
117.3	145.26
117.4	145.279
117.5	145.298
117.6	145.317
117.7	145.336
117.8	145.355
117.9	145.374
118	145.393
118.1	145.412
118.2	145.431
118.3	145.45
118.4	145.469
118.5	145.487
118.6	145.506
118.7	145.525
118.8	145.544
118.9	145.563
119	145.582
119.1	145.6
119.2	145.619
119.3	145.638
119.4	145.657
119.5	145.675
119.6	145.694
119.7	145.713
119.8	145.732
119.9	145.75
120	145.769
120.1	145.788
120.2	145.806
120.3	145.825
120.4	145.844
120.5	145.862
120.6	145.881
120.7	145.9
120.8	145.918
120.9	145.937
121	145.955
121.1	145.974
121.2	145.993
121.3	146.011
121.4	146.03
121.5	146.048
121.6	146.067
121.7	146.085
121.8	146.104
121.9	146.122
122	146.141
122.1	146.159
122.2	146.178
122.3	146.196
122.4	146.215
122.5	146.233
122.6	146.252
122.7	146.27
122.8	146.288
122.9	146.307
123	146.325
123.1	146.344
123.2	146.362
123.3	146.38
123.4	146.399
123.5	146.417
123.6	146.435
123.7	146.454
123.8	146.472
123.9	146.49
124	146.508
124.1	146.527
124.2	146.545
124.3	146.563
124.4	146.582
124.5	146.6
124.6	146.618
124.7	146.636
124.8	146.654
124.9	146.673
125	146.691
125.1	146.709
125.2	146.727
125.3	146.745
125.4	146.763
125.5	146.782
125.6	146.8
125.7	146.818
125.8	146.836
125.9	146.854
126	146.872
126.1	146.89
126.2	146.908
126.3	146.926
126.4	146.944
126.5	146.962
126.6	146.98
126.7	146.998
126.8	147.016
126.9	147.034
127	147.052
127.1	147.07
127.2	147.088
127.3	147.106
127.4	147.124
127.5	147.142
127.6	147.16
127.7	147.178
127.8	147.196
127.9	147.214
128	147.232
128.1	147.25
128.2	147.268
128.3	147.285
128.4	147.303
128.5	147.321
128.6	147.339
128.7	147.357
128.8	147.375
128.9	147.392
129	147.41
129.1	147.428
129.2	147.446
129.3	147.464
129.4	147.481
129.5	147.499
129.6	147.517
129.7	147.534
129.8	147.552
129.9	147.57
130	147.588
130.1	147.605
130.2	147.623
130.3	147.641
130.4	147.658
130.5	147.676
130.6	147.694
130.7	147.711
130.8	147.729
130.9	147.747
131	147.764
131.1	147.782
131.2	147.799
131.3	147.817
131.4	147.835
131.5	147.852
131.6	147.87
131.7	147.887
131.8	147.905
131.9	147.922
132	147.94
132.1	147.957
132.2	147.975
132.3	147.992
132.4	148.01
132.5	148.027
132.6	148.045
132.7	148.062
132.8	148.08
132.9	148.097
133	148.114
133.1	148.132
133.2	148.149
133.3	148.167
133.4	148.184
133.5	148.201
133.6	148.219
133.7	148.236
133.8	148.254
133.9	148.271
134	148.288
134.1	148.306
134.2	148.323
134.3	148.34
134.4	148.357
134.5	148.375
134.6	148.392
134.7	148.409
134.8	148.427
134.9	148.444
135	148.461
135.1	148.478
135.2	148.496
135.3	148.513
135.4	148.53
135.5	148.547
135.6	148.564
135.7	148.582
135.8	148.599
135.9	148.616
136	148.633
136.1	148.65
136.2	148.667
136.3	148.685
136.4	148.702
136.5	148.719
136.6	148.736
136.7	148.753
136.8	148.77
136.9	148.787
137	148.804
137.1	148.821
137.2	148.838
137.3	148.855
137.4	148.873
137.5	148.89
137.6	148.907
137.7	148.924
137.8	148.941
137.9	148.958
138	148.975
138.1	148.992
138.2	149.009
138.3	149.025
138.4	149.042
138.5	149.059
138.6	149.076
138.7	149.093
138.8	149.11
138.9	149.127
139	149.144
139.1	149.161
139.2	149.178
139.3	149.195
139.4	149.212
139.5	149.228
139.6	149.245
139.7	149.262
139.8	149.279
139.9	149.296
140	149.313
140.1	149.329
140.2	149.346
140.3	149.363
140.4	149.38
140.5	149.397
140.6	149.413
140.7	149.43
140.8	149.447
140.9	149.464
141	149.48
141.1	149.497
141.2	149.514
141.3	149.531
141.4	149.547
141.5	149.564
141.6	149.581
141.7	149.597
141.8	149.614
141.9	149.631
142	149.647
142.1	149.664
142.2	149.681
142.3	149.697
142.4	149.714
142.5	149.73
142.6	149.747
142.7	149.764
142.8	149.78
142.9	149.797
143	149.813
143.1	149.83
143.2	149.847
143.3	149.863
143.4	149.88
143.5	149.896
143.6	149.913
143.7	149.929
143.8	149.946
143.9	149.962
144	149.979
144.1	149.995
144.2	150.012
144.3	150.028
144.4	150.045
144.5	150.061
144.6	150.078
144.7	150.094
144.8	150.11
144.9	150.127
145	150.143
145.1	150.16
145.2	150.176
145.3	150.192
145.4	150.209
145.5	150.225
145.6	150.242
145.7	150.258
145.8	150.274
145.9	150.291
146	150.307
146.1	150.323
146.2	150.34
146.3	150.356
146.4	150.372
146.5	150.389
146.6	150.405
146.7	150.421
146.8	150.437
146.9	150.454
147	150.47
147.1	150.486
147.2	150.502
147.3	150.519
147.4	150.535
147.5	150.551
147.6	150.567
147.7	150.584
147.8	150.6
147.9	150.616
148	150.632
148.1	150.648
148.2	150.664
148.3	150.681
148.4	150.697
148.5	150.713
148.6	150.729
148.7	150.745
148.8	150.761
148.9	150.777
149	150.794
149.1	150.81
149.2	150.826
149.3	150.842
149.4	150.858
149.5	150.874
149.6	150.89
149.7	150.906
149.8	150.922
149.9	150.938
150	150.954
150.1	150.97
150.2	150.986
150.3	151.002
150.4	151.018
150.5	151.034
150.6	151.05
150.7	151.066
150.8	151.082
150.9	151.098
151	151.114
151.1	151.13
151.2	151.146
151.3	151.162
151.4	151.178
151.5	151.194
151.6	151.21
151.7	151.226
151.8	151.242
151.9	151.257
152	151.273
152.1	151.289
152.2	151.305
152.3	151.321
152.4	151.337
152.5	151.353
152.6	151.369
152.7	151.384
152.8	151.4
152.9	151.416
153	151.432
153.1	151.448
153.2	151.463
153.3	151.479
153.4	151.495
153.5	151.511
153.6	151.527
153.7	151.542
153.8	151.558
153.9	151.574
154	151.59
154.1	151.605
154.2	151.621
154.3	151.637
154.4	151.652
154.5	151.668
154.6	151.684
154.7	151.7
154.8	151.715
154.9	151.731
155	151.747
155.1	151.762
155.2	151.778
155.3	151.794
155.4	151.809
155.5	151.825
155.6	151.84
155.7	151.856
155.8	151.872
155.9	151.887
156	151.903
156.1	151.919
156.2	151.934
156.3	151.95
156.4	151.965
156.5	151.981
156.6	151.996
156.7	152.012
156.8	152.027
156.9	152.043
157	152.059
157.1	152.074
157.2	152.09
157.3	152.105
157.4	152.121
157.5	152.136
157.6	152.152
157.7	152.167
157.8	152.183
157.9	152.198
158	152.213
158.1	152.229
158.2	152.244
158.3	152.26
158.4	152.275
158.5	152.291
158.6	152.306
158.7	152.322
158.8	152.337
158.9	152.352
159	152.368
159.1	152.383
159.2	152.398
159.3	152.414
159.4	152.429
159.5	152.445
159.6	152.46
159.7	152.475
159.8	152.491
159.9	152.506
160	152.521
160.1	152.537
160.2	152.552
160.3	152.567
160.4	152.583
160.5	152.598
160.6	152.613
160.7	152.628
160.8	152.644
160.9	152.659
161	152.674
161.1	152.689
161.2	152.705
161.3	152.72
161.4	152.735
161.5	152.75
161.6	152.766
161.7	152.781
161.8	152.796
161.9	152.811
162	152.826
162.1	152.842
162.2	152.857
162.3	152.872
162.4	152.887
162.5	152.902
162.6	152.917
162.7	152.933
162.8	152.948
162.9	152.963
163	152.978
163.1	152.993
163.2	153.008
163.3	153.023
163.4	153.038
163.5	153.054
163.6	153.069
163.7	153.084
163.8	153.099
163.9	153.114
164	153.129
164.1	153.144
164.2	153.159
164.3	153.174
164.4	153.189
164.5	153.204
164.6	153.219
164.7	153.234
164.8	153.249
164.9	153.264
165	153.279
165.1	153.294
165.2	153.309
165.3	153.324
165.4	153.339
165.5	153.354
165.6	153.369
165.7	153.384
165.8	153.399
165.9	153.414
166	153.429
166.1	153.444
166.2	153.459
166.3	153.474
166.4	153.488
166.5	153.503
166.6	153.518
166.7	153.533
166.8	153.548
166.9	153.563
167	153.578
167.1	153.593
167.2	153.608
167.3	153.622
167.4	153.637
167.5	153.652
167.6	153.667
167.7	153.682
167.8	153.697
167.9	153.711
168	153.726
168.1	153.741
168.2	153.756
168.3	153.771
168.4	153.785
168.5	153.8
168.6	153.815
168.7	153.83
168.8	153.844
168.9	153.859
169	153.874
169.1	153.889
169.2	153.903
169.3	153.918
169.4	153.933
169.5	153.948
169.6	153.962
169.7	153.977
169.8	153.992
169.9	154.006
170	154.021
170.1	154.036
170.2	154.05
170.3	154.065
170.4	154.08
170.5	154.094
170.6	154.109
170.7	154.124
170.8	154.138
170.9	154.153
171	154.168
171.1	154.182
171.2	154.197
171.3	154.211
171.4	154.226
171.5	154.241
171.6	154.255
171.7	154.27
171.8	154.284
171.9	154.299
172	154.314
172.1	154.328
172.2	154.343
172.3	154.357
172.4	154.372
172.5	154.386
172.6	154.401
172.7	154.415
172.8	154.43
172.9	154.444
173	154.459
173.1	154.473
173.2	154.488
173.3	154.502
173.4	154.517
173.5	154.531
173.6	154.546
173.7	154.56
173.8	154.575
173.9	154.589
174	154.604
174.1	154.618
174.2	154.632
174.3	154.647
174.4	154.661
174.5	154.676
174.6	154.69
174.7	154.705
174.8	154.719
174.9	154.733
175	154.748
175.1	154.762
175.2	154.776
175.3	154.791
175.4	154.805
175.5	154.82
175.6	154.834
175.7	154.848
175.8	154.863
175.9	154.877
176	154.891
176.1	154.906
176.2	154.92
176.3	154.934
176.4	154.949
176.5	154.963
176.6	154.977
176.7	154.991
176.8	155.006
176.9	155.02
177	155.034
177.1	155.049
177.2	155.063
177.3	155.077
177.4	155.091
177.5	155.106
177.6	155.12
177.7	155.134
177.8	155.148
177.9	155.162
178	155.177
178.1	155.191
178.2	155.205
178.3	155.219
178.4	155.233
178.5	155.248
178.6	155.262
178.7	155.276
178.8	155.29
178.9	155.304
179	155.319
179.1	155.333
179.2	155.347
179.3	155.361
179.4	155.375
179.5	155.389
179.6	155.403
179.7	155.418
179.8	155.432
179.9	155.446
180	155.46
180.1	155.474
180.2	155.488
180.3	155.502
180.4	155.516
180.5	155.53
180.6	155.544
180.7	155.558
180.8	155.572
180.9	155.587
181	155.601
181.1	155.615
181.2	155.629
181.3	155.643
181.4	155.657
181.5	155.671
181.6	155.685
181.7	155.699
181.8	155.713
181.9	155.727
182	155.741
182.1	155.755
182.2	155.769
182.3	155.783
182.4	155.797
182.5	155.811
182.6	155.825
182.7	155.839
182.8	155.853
182.9	155.866
183	155.88
183.1	155.894
183.2	155.908
183.3	155.922
183.4	155.936
183.5	155.95
183.6	155.964
183.7	155.978
183.8	155.992
183.9	156.006
184	156.02
184.1	156.033
184.2	156.047
184.3	156.061
184.4	156.075
184.5	156.089
184.6	156.103
184.7	156.117
184.8	156.13
184.9	156.144
185	156.158
185.1	156.172
185.2	156.186
185.3	156.2
185.4	156.213
185.5	156.227
185.6	156.241
185.7	156.255
185.8	156.269
185.9	156.282
186	156.296
186.1	156.31
186.2	156.324
186.3	156.337
186.4	156.351
186.5	156.365
186.6	156.379
186.7	156.392
186.8	156.406
186.9	156.42
187	156.434
187.1	156.447
187.2	156.461
187.3	156.475
187.4	156.488
187.5	156.502
187.6	156.516
187.7	156.53
187.8	156.543
187.9	156.557
188	156.571
188.1	156.584
188.2	156.598
188.3	156.612
188.4	156.625
188.5	156.639
188.6	156.653
188.7	156.666
188.8	156.68
188.9	156.693
189	156.707
189.1	156.721
189.2	156.734
189.3	156.748
189.4	156.762
189.5	156.775
189.6	156.789
189.7	156.802
189.8	156.816
189.9	156.829
190	156.843
190.1	156.857
190.2	156.87
190.3	156.884
190.4	156.897
190.5	156.911
190.6	156.924
190.7	156.938
190.8	156.951
190.9	156.965
191	156.978
191.1	156.992
191.2	157.006
191.3	157.019
191.4	157.033
191.5	157.046
191.6	157.06
191.7	157.073
191.8	157.086
191.9	157.1
192	157.113
192.1	157.127
192.2	157.14
192.3	157.154
192.4	157.167
192.5	157.181
192.6	157.194
192.7	157.208
192.8	157.221
192.9	157.234
193	157.248
193.1	157.261
193.2	157.275
193.3	157.288
193.4	157.302
193.5	157.315
193.6	157.328
193.7	157.342
193.8	157.355
193.9	157.368
194	157.382
194.1	157.395
194.2	157.409
194.3	157.422
194.4	157.435
194.5	157.449
194.6	157.462
194.7	157.475
194.8	157.489
194.9	157.502
195	157.515
195.1	157.529
195.2	157.542
195.3	157.555
195.4	157.569
195.5	157.582
195.6	157.595
195.7	157.608
195.8	157.622
195.9	157.635
196	157.648
196.1	157.662
196.2	157.675
196.3	157.688
196.4	157.701
196.5	157.715
196.6	157.728
196.7	157.741
196.8	157.754
196.9	157.768
197	157.781
197.1	157.794
197.2	157.807
197.3	157.82
197.4	157.834
197.5	157.847
197.6	157.86
197.7	157.873
197.8	157.886
197.9	157.9
198	157.913
198.1	157.926
198.2	157.939
198.3	157.952
198.4	157.965
198.5	157.979
198.6	157.992
198.7	158.005
198.8	158.018
198.9	158.031
199	158.044
199.1	158.057
199.2	158.071
199.3	158.084
199.4	158.097
199.5	158.11
199.6	158.123
199.7	158.136
199.8	158.149
199.9	158.162
200	158.175
200.1	158.188
200.2	158.202
200.3	158.215
200.4	158.228
200.5	158.241
200.6	158.254
200.7	158.267
200.8	158.28
200.9	158.293
201	158.306
201.1	158.319
201.2	158.332
201.3	158.345
201.4	158.358
201.5	158.371
201.6	158.384
201.7	158.397
201.8	158.41
201.9	158.423
202	158.436
202.1	158.449
202.2	158.462
202.3	158.475
202.4	158.488
202.5	158.501
202.6	158.514
202.7	158.527
202.8	158.54
202.9	158.553
203	158.566
203.1	158.579
203.2	158.592
203.3	158.605
203.4	158.618
203.5	158.63
203.6	158.643
203.7	158.656
203.8	158.669
203.9	158.682
204	158.695
204.1	158.708
204.2	158.721
204.3	158.734
204.4	158.747
204.5	158.759
204.6	158.772
204.7	158.785
204.8	158.798
204.9	158.811
205	158.824
205.1	158.837
205.2	158.85
205.3	158.862
205.4	158.875
205.5	158.888
205.6	158.901
205.7	158.914
205.8	158.927
205.9	158.939
206	158.952
206.1	158.965
206.2	158.978
206.3	158.991
206.4	159.003
206.5	159.016
206.6	159.029
206.7	159.042
206.8	159.054
206.9	159.067
207	159.08
207.1	159.093
207.2	159.106
207.3	159.118
207.4	159.131
207.5	159.144
207.6	159.157
207.7	159.169
207.8	159.182
207.9	159.195
208	159.207
208.1	159.22
208.2	159.233
208.3	159.246
208.4	159.258
208.5	159.271
208.6	159.284
208.7	159.296
208.8	159.309
208.9	159.322
209	159.334
209.1	159.347
209.2	159.36
209.3	159.372
209.4	159.385
209.5	159.398
209.6	159.41
209.7	159.423
209.8	159.436
209.9	159.448
210	159.461
210.1	159.474
210.2	159.486
210.3	159.499
210.4	159.512
210.5	159.524
210.6	159.537
210.7	159.549
210.8	159.562
210.9	159.575
211	159.587
211.1	159.6
211.2	159.612
211.3	159.625
211.4	159.637
211.5	159.65
211.6	159.663
211.7	159.675
211.8	159.688
211.9	159.7
212	159.713
212.1	159.725
212.2	159.738
212.3	159.75
212.4	159.763
212.5	159.776
212.6	159.788
212.7	159.801
212.8	159.813
212.9	159.826
213	159.838
213.1	159.851
213.2	159.863
213.3	159.876
213.4	159.888
213.5	159.901
213.6	159.913
213.7	159.926
213.8	159.938
213.9	159.951
214	159.963
214.1	159.975
214.2	159.988
214.3	160
214.4	160.013
214.5	160.025
214.6	160.038
214.7	160.05
214.8	160.063
214.9	160.075
215	160.087
215.1	160.1
215.2	160.112
215.3	160.125
215.4	160.137
215.5	160.15
215.6	160.162
215.7	160.174
215.8	160.187
215.9	160.199
216	160.211
216.1	160.224
216.2	160.236
216.3	160.249
216.4	160.261
216.5	160.273
216.6	160.286
216.7	160.298
216.8	160.31
216.9	160.323
217	160.335
217.1	160.347
217.2	160.36
217.3	160.372
217.4	160.384
217.5	160.397
217.6	160.409
217.7	160.421
217.8	160.434
217.9	160.446
218	160.458
218.1	160.471
218.2	160.483
218.3	160.495
218.4	160.507
218.5	160.52
218.6	160.532
218.7	160.544
218.8	160.557
218.9	160.569
219	160.581
219.1	160.593
219.2	160.606
219.3	160.618
219.4	160.63
219.5	160.642
219.6	160.655
219.7	160.667
219.8	160.679
219.9	160.691
220	160.704
220.1	160.716
220.2	160.728
220.3	160.74
220.4	160.752
220.5	160.765
220.6	160.777
220.7	160.789
220.8	160.801
220.9	160.813
221	160.826
221.1	160.838
221.2	160.85
221.3	160.862
221.4	160.874
221.5	160.886
221.6	160.899
221.7	160.911
221.8	160.923
221.9	160.935
222	160.947
222.1	160.959
222.2	160.971
222.3	160.984
222.4	160.996
222.5	161.008
222.6	161.02
222.7	161.032
222.8	161.044
222.9	161.056
223	161.068
223.1	161.08
223.2	161.093
223.3	161.105
223.4	161.117
223.5	161.129
223.6	161.141
223.7	161.153
223.8	161.165
223.9	161.177
224	161.189
224.1	161.201
224.2	161.213
224.3	161.225
224.4	161.237
224.5	161.249
224.6	161.261
224.7	161.274
224.8	161.286
224.9	161.298
225	161.31
225.1	161.322
225.2	161.334
225.3	161.346
225.4	161.358
225.5	161.37
225.6	161.382
225.7	161.394
225.8	161.406
225.9	161.418
226	161.43
226.1	161.442
226.2	161.454
226.3	161.466
226.4	161.478
226.5	161.49
226.6	161.501
226.7	161.513
226.8	161.525
226.9	161.537
227	161.549
227.1	161.561
227.2	161.573
227.3	161.585
227.4	161.597
227.5	161.609
227.6	161.621
227.7	161.633
227.8	161.645
227.9	161.657
228	161.669
228.1	161.681
228.2	161.692
228.3	161.704
228.4	161.716
228.5	161.728
228.6	161.74
228.7	161.752
228.8	161.764
228.9	161.776
229	161.788
229.1	161.799
229.2	161.811
229.3	161.823
229.4	161.835
229.5	161.847
229.6	161.859
229.7	161.871
229.8	161.882
229.9	161.894
230	161.906
230.1	161.918
230.2	161.93
230.3	161.942
230.4	161.953
230.5	161.965
230.6	161.977
230.7	161.989
230.8	162.001
230.9	162.012
231	162.024
231.1	162.036
231.2	162.048
231.3	162.06
231.4	162.071
231.5	162.083
231.6	162.095
231.7	162.107
231.8	162.119
231.9	162.13
232	162.142
232.1	162.154
232.2	162.166
232.3	162.177
232.4	162.189
232.5	162.201
232.6	162.213
232.7	162.224
232.8	162.236
232.9	162.248
233	162.259
233.1	162.271
233.2	162.283
233.3	162.295
233.4	162.306
233.5	162.318
233.6	162.33
233.7	162.341
233.8	162.353
233.9	162.365
234	162.377
234.1	162.388
234.2	162.4
234.3	162.412
234.4	162.423
234.5	162.435
234.6	162.447
234.7	162.458
234.8	162.47
234.9	162.482
235	162.493
235.1	162.505
235.2	162.517
235.3	162.528
235.4	162.54
235.5	162.552
235.6	162.563
235.7	162.575
235.8	162.586
235.9	162.598
236	162.61
236.1	162.621
236.2	162.633
236.3	162.644
236.4	162.656
236.5	162.668
236.6	162.679
236.7	162.691
236.8	162.702
236.9	162.714
237	162.726
237.1	162.737
237.2	162.749
237.3	162.76
237.4	162.772
237.5	162.784
237.6	162.795
237.7	162.807
237.8	162.818
237.9	162.83
238	162.841
238.1	162.853
238.2	162.864
238.3	162.876
238.4	162.887
238.5	162.899
238.6	162.911
238.7	162.922
238.8	162.934
238.9	162.945
239	162.957
239.1	162.968
239.2	162.98
239.3	162.991
239.4	163.003
239.5	163.014
239.6	163.026
239.7	163.037
239.8	163.049
239.9	163.06
240	163.072
240.1	163.083
240.2	163.095
240.3	163.106
240.4	163.117
240.5	163.129
240.6	163.14
240.7	163.152
240.8	163.163
240.9	163.175
241	163.186
241.1	163.198
241.2	163.209
241.3	163.22
241.4	163.232
241.5	163.243
241.6	163.255
241.7	163.266
241.8	163.278
241.9	163.289
242	163.3
242.1	163.312
242.2	163.323
242.3	163.335
242.4	163.346
242.5	163.357
242.6	163.369
242.7	163.38
242.8	163.392
242.9	163.403
243	163.414
243.1	163.426
243.2	163.437
243.3	163.448
243.4	163.46
243.5	163.471
243.6	163.483
243.7	163.494
243.8	163.505
243.9	163.517
244	163.528
244.1	163.539
244.2	163.551
244.3	163.562
244.4	163.573
244.5	163.585
244.6	163.596
244.7	163.607
244.8	163.619
244.9	163.63
245	163.641
245.1	163.653
245.2	163.664
245.3	163.675
245.4	163.686
245.5	163.698
245.6	163.709
245.7	163.72
245.8	163.732
245.9	163.743
246	163.754
246.1	163.765
246.2	163.777
246.3	163.788
246.4	163.799
246.5	163.81
246.6	163.822
246.7	163.833
246.8	163.844
246.9	163.855
247	163.867
247.1	163.878
247.2	163.889
247.3	163.9
247.4	163.912
247.5	163.923
247.6	163.934
247.7	163.945
247.8	163.957
247.9	163.968
248	163.979
248.1	163.99
248.2	164.001
248.3	164.013
248.4	164.024
248.5	164.035
248.6	164.046
248.7	164.057
248.8	164.069
248.9	164.08
249	164.091
249.1	164.102
249.2	164.113
249.3	164.124
249.4	164.136
249.5	164.147
249.6	164.158
249.7	164.169
249.8	164.18
249.9	164.191
250	164.203
250.1	164.214
250.2	164.225
250.3	164.236
250.4	164.247
250.5	164.258
250.6	164.269
250.7	164.28
250.8	164.292
250.9	164.303
251	164.314
251.1	164.325
251.2	164.336
251.3	164.347
251.4	164.358
251.5	164.369
251.6	164.38
251.7	164.392
251.8	164.403
251.9	164.414
252	164.425
252.1	164.436
252.2	164.447
252.3	164.458
252.4	164.469
252.5	164.48
252.6	164.491
252.7	164.502
252.8	164.513
252.9	164.524
253	164.535
253.1	164.546
253.2	164.558
253.3	164.569
253.4	164.58
253.5	164.591
253.6	164.602
253.7	164.613
253.8	164.624
253.9	164.635
254	164.646
254.1	164.657
254.2	164.668
254.3	164.679
254.4	164.69
254.5	164.701
254.6	164.712
254.7	164.723
254.8	164.734
254.9	164.745
255	164.756
255.1	164.767
255.2	164.778
255.3	164.789
255.4	164.8
255.5	164.811
255.6	164.822
255.7	164.833
255.8	164.844
255.9	164.855
256	164.865
256.1	164.876
256.2	164.887
256.3	164.898
256.4	164.909
256.5	164.92
256.6	164.931
256.7	164.942
256.8	164.953
256.9	164.964
257	164.975
257.1	164.986
257.2	164.997
257.3	165.008
257.4	165.019
257.5	165.029
257.6	165.04
257.7	165.051
257.8	165.062
257.9	165.073
258	165.084
258.1	165.095
258.2	165.106
258.3	165.117
258.4	165.128
258.5	165.138
258.6	165.149
258.7	165.16
258.8	165.171
258.9	165.182
259	165.193
259.1	165.204
259.2	165.214
259.3	165.225
259.4	165.236
259.5	165.247
259.6	165.258
259.7	165.269
259.8	165.28
259.9	165.29
260	165.301
260.1	165.312
260.2	165.323
260.3	165.334
260.4	165.345
260.5	165.355
260.6	165.366
260.7	165.377
260.8	165.388
260.9	165.399
261	165.409
261.1	165.42
261.2	165.431
261.3	165.442
261.4	165.453
261.5	165.463
261.6	165.474
261.7	165.485
261.8	165.496
261.9	165.507
262	165.517
262.1	165.528
262.2	165.539
262.3	165.55
262.4	165.56
262.5	165.571
262.6	165.582
262.7	165.593
262.8	165.603
262.9	165.614
263	165.625
263.1	165.636
263.2	165.646
263.3	165.657
263.4	165.668
263.5	165.679
263.6	165.689
263.7	165.7
263.8	165.711
263.9	165.721
264	165.732
264.1	165.743
264.2	165.754
264.3	165.764
264.4	165.775
264.5	165.786
264.6	165.796
264.7	165.807
264.8	165.818
264.9	165.828
265	165.839
265.1	165.85
265.2	165.86
265.3	165.871
265.4	165.882
265.5	165.893
265.6	165.903
265.7	165.914
265.8	165.925
265.9	165.935
266	165.946
266.1	165.956
266.2	165.967
266.3	165.978
266.4	165.988
266.5	165.999
266.6	166.01
266.7	166.02
266.8	166.031
266.9	166.042
267	166.052
267.1	166.063
267.2	166.073
267.3	166.084
267.4	166.095
267.5	166.105
267.6	166.116
267.7	166.127
267.8	166.137
267.9	166.148
268	166.158
268.1	166.169
268.2	166.18
268.3	166.19
268.4	166.201
268.5	166.211
268.6	166.222
268.7	166.232
268.8	166.243
268.9	166.254
269	166.264
269.1	166.275
269.2	166.285
269.3	166.296
269.4	166.306
269.5	166.317
269.6	166.328
269.7	166.338
269.8	166.349
269.9	166.359
270	166.37
270.1	166.38
270.2	166.391
270.3	166.401
270.4	166.412
270.5	166.422
270.6	166.433
270.7	166.443
270.8	166.454
270.9	166.464
271	166.475
271.1	166.486
271.2	166.496
271.3	166.507
271.4	166.517
271.5	166.528
271.6	166.538
271.7	166.549
271.8	166.559
271.9	166.569
272	166.58
272.1	166.59
272.2	166.601
272.3	166.611
272.4	166.622
272.5	166.632
272.6	166.643
272.7	166.653
272.8	166.664
272.9	166.674
273	166.685
273.1	166.695
273.2	166.706
273.3	166.716
273.4	166.726
273.5	166.737
273.6	166.747
273.7	166.758
273.8	166.768
273.9	166.779
274	166.789
274.1	166.8
274.2	166.81
274.3	166.82
274.4	166.831
274.5	166.841
274.6	166.852
274.7	166.862
274.8	166.872
274.9	166.883
275	166.893
275.1	166.904
275.2	166.914
275.3	166.924
275.4	166.935
275.5	166.945
275.6	166.956
275.7	166.966
275.8	166.976
275.9	166.987
276	166.997
276.1	167.007
276.2	167.018
276.3	167.028
276.4	167.039
276.5	167.049
276.6	167.059
276.7	167.07
276.8	167.08
276.9	167.09
277	167.101
277.1	167.111
277.2	167.121
277.3	167.132
277.4	167.142
277.5	167.152
277.6	167.163
277.7	167.173
277.8	167.183
277.9	167.194
278	167.204
278.1	167.214
278.2	167.225
278.3	167.235
278.4	167.245
278.5	167.256
278.6	167.266
278.7	167.276
278.8	167.287
278.9	167.297
279	167.307
279.1	167.317
279.2	167.328
279.3	167.338
279.4	167.348
279.5	167.359
279.6	167.369
279.7	167.379
279.8	167.389
279.9	167.4
280	167.41
280.1	167.42
280.2	167.43
280.3	167.441
280.4	167.451
280.5	167.461
280.6	167.471
280.7	167.482
280.8	167.492
280.9	167.502
281	167.512
281.1	167.523
281.2	167.533
281.3	167.543
281.4	167.553
281.5	167.564
281.6	167.574
281.7	167.584
281.8	167.594
281.9	167.604
282	167.615
282.1	167.625
282.2	167.635
282.3	167.645
282.4	167.656
282.5	167.666
282.6	167.676
282.7	167.686
282.8	167.696
282.9	167.706
283	167.717
283.1	167.727
283.2	167.737
283.3	167.747
283.4	167.757
283.5	167.768
283.6	167.778
283.7	167.788
283.8	167.798
283.9	167.808
284	167.818
284.1	167.829
284.2	167.839
284.3	167.849
284.4	167.859
284.5	167.869
284.6	167.879
284.7	167.889
284.8	167.9
284.9	167.91
285	167.92
285.1	167.93
285.2	167.94
285.3	167.95
285.4	167.96
285.5	167.971
285.6	167.981
285.7	167.991
285.8	168.001
285.9	168.011
286	168.021
286.1	168.031
286.2	168.041
286.3	168.051
286.4	168.062
286.5	168.072
286.6	168.082
286.7	168.092
286.8	168.102
286.9	168.112
287	168.122
287.1	168.132
287.2	168.142
287.3	168.152
287.4	168.162
287.5	168.172
287.6	168.182
287.7	168.193
287.8	168.203
287.9	168.213
288	168.223
288.1	168.233
288.2	168.243
288.3	168.253
288.4	168.263
288.5	168.273
288.6	168.283
288.7	168.293
288.8	168.303
288.9	168.313
289	168.323
289.1	168.333
289.2	168.343
289.3	168.353
289.4	168.363
289.5	168.373
289.6	168.383
289.7	168.393
289.8	168.403
289.9	168.413
290	168.423
290.1	168.433
290.2	168.443
290.3	168.453
290.4	168.463
290.5	168.473
290.6	168.483
290.7	168.493
290.8	168.503
290.9	168.513
291	168.523
291.1	168.533
291.2	168.543
291.3	168.553
291.4	168.563
291.5	168.573
291.6	168.583
291.7	168.593
291.8	168.603
291.9	168.613
292	168.623
292.1	168.633
292.2	168.643
292.3	168.653
292.4	168.663
292.5	168.673
292.6	168.683
292.7	168.693
292.8	168.703
292.9	168.713
293	168.722
293.1	168.732
293.2	168.742
293.3	168.752
293.4	168.762
293.5	168.772
293.6	168.782
293.7	168.792
293.8	168.802
293.9	168.812
294	168.822
294.1	168.832
294.2	168.841
294.3	168.851
294.4	168.861
294.5	168.871
294.6	168.881
294.7	168.891
294.8	168.901
294.9	168.911
295	168.921
295.1	168.931
295.2	168.94
295.3	168.95
295.4	168.96
295.5	168.97
295.6	168.98
295.7	168.99
295.8	169
295.9	169.009
296	169.019
296.1	169.029
296.2	169.039
296.3	169.049
296.4	169.059
296.5	169.069
296.6	169.078
296.7	169.088
296.8	169.098
296.9	169.108
297	169.118
297.1	169.128
297.2	169.137
297.3	169.147
297.4	169.157
297.5	169.167
297.6	169.177
297.7	169.187
297.8	169.196
297.9	169.206
298	169.216
298.1	169.226
298.2	169.236
298.3	169.245
298.4	169.255
298.5	169.265
298.6	169.275
298.7	169.285
298.8	169.294
298.9	169.304
299	169.314
299.1	169.324
299.2	169.334
299.3	169.343
299.4	169.353
299.5	169.363
299.6	169.373
299.7	169.382
299.8	169.392
299.9	169.402
300	169.412
