W	Pred
1.5	166.928
1.6	162.197
1.7	158.045
1.8	154.376
1.9	151.114
2	148.199
2.1	145.58
2.2	143.219
2.3	141.08
2.4	139.136
2.5	137.363
2.6	135.743
2.7	134.256
2.8	132.89
2.9	131.632
3	130.47
3.1	129.395
3.2	128.399
3.3	127.474
3.4	126.615
3.5	125.814
3.6	125.068
3.7	124.372
3.8	123.721
3.9	123.113
4	122.543
4.1	122.009
4.2	121.509
4.3	121.039
4.4	120.598
4.5	120.183
4.6	119.793
4.7	119.426
4.8	119.081
4.9	118.756
5	118.45
5.1	118.162
5.2	117.89
5.3	117.634
5.4	117.393
5.5	117.166
5.6	116.951
5.7	116.749
5.8	116.559
5.9	116.38
6	116.211
6.1	116.052
6.2	115.902
6.3	115.761
6.4	115.629
6.5	115.504
6.6	115.387
6.7	115.277
6.8	115.174
6.9	115.078
7	114.987
7.1	114.903
7.2	114.824
7.3	114.751
7.4	114.683
7.5	114.619
7.6	114.56
7.7	114.506
7.8	114.456
7.9	114.41
8	114.368
8.1	114.33
8.2	114.295
8.3	114.264
8.4	114.236
8.5	114.211
8.6	114.189
8.7	114.171
8.8	114.154
8.9	114.141
9	114.13
9.1	114.122
9.2	114.115
9.3	114.112
9.4	114.11
9.5	114.111
9.6	114.113
9.7	114.117
9.8	114.124
9.9	114.132
10	114.142
10.1	114.153
10.2	114.166
10.3	114.181
10.4	114.197
10.5	114.215
10.6	114.234
10.7	114.254
10.8	114.276
10.9	114.299
11	114.323
11.1	114.348
11.2	114.374
11.3	114.402
11.4	114.43
11.5	114.459
11.6	114.49
11.7	114.521
11.8	114.554
11.9	114.587
12	114.621
12.1	114.655
12.2	114.691
12.3	114.727
12.4	114.764
12.5	114.802
12.6	114.84
12.7	114.88
12.8	114.919
12.9	114.96
13	115.001
13.1	115.042
13.2	115.084
13.3	115.127
13.4	115.17
13.5	115.214
13.6	115.258
13.7	115.302
13.8	115.347
13.9	115.393
14	115.439
14.1	115.485
14.2	115.532
14.3	115.579
14.4	115.626
14.5	115.674
14.6	115.722
14.7	115.771
14.8	115.819
14.9	115.869
15	115.918
15.1	115.968
15.2	116.018
15.3	116.068
15.4	116.118
15.5	116.169
15.6	116.22
15.7	116.271
15.8	116.323
15.9	116.375
16	116.426
16.1	116.478
16.2	116.531
16.3	116.583
16.4	116.636
16.5	116.689
16.6	116.742
16.7	116.795
16.8	116.848
16.9	116.901
17	116.955
17.1	117.009
17.2	117.063
17.3	117.117
17.4	117.171
17.5	117.225
17.6	117.279
17.7	117.334
17.8	117.388
17.9	117.443
18	117.497
18.1	117.552
18.2	117.607
18.3	117.662
18.4	117.717
18.5	117.772
18.6	117.827
18.7	117.883
18.8	117.938
18.9	117.993
19	118.049
19.1	118.104
19.2	118.16
19.3	118.215
19.4	118.271
19.5	118.326
19.6	118.382
19.7	118.438
19.8	118.494
19.9	118.549
20	118.605
20.1	118.661
20.2	118.717
20.3	118.773
20.4	118.829
20.5	118.884
20.6	118.94
20.7	118.996
20.8	119.052
20.9	119.108
21	119.164
21.1	119.22
21.2	119.276
21.3	119.332
21.4	119.388
21.5	119.444
21.6	119.5
21.7	119.556
21.8	119.612
21.9	119.667
22	119.723
22.1	119.779
22.2	119.835
22.3	119.891
22.4	119.947
22.5	120.003
22.6	120.058
22.7	120.114
22.8	120.17
22.9	120.226
23	120.281
23.1	120.337
23.2	120.393
23.3	120.448
23.4	120.504
23.5	120.559
23.6	120.615
23.7	120.67
23.8	120.726
23.9	120.781
24	120.837
24.1	120.892
24.2	120.947
24.3	121.003
24.4	121.058
24.5	121.113
24.6	121.168
24.7	121.223
24.8	121.279
24.9	121.334
25	121.389
25.1	121.444
25.2	121.498
25.3	121.553
25.4	121.608
25.5	121.663
25.6	121.718
25.7	121.772
25.8	121.827
25.9	121.882
26	121.936
26.1	121.991
26.2	122.045
26.3	122.1
26.4	122.154
26.5	122.209
26.6	122.263
26.7	122.317
26.8	122.371
26.9	122.425
27	122.479
27.1	122.533
27.2	122.587
27.3	122.641
27.4	122.695
27.5	122.749
27.6	122.803
27.7	122.857
27.8	122.91
27.9	122.964
28	123.017
28.1	123.071
28.2	123.124
28.3	123.178
28.4	123.231
28.5	123.284
28.6	123.338
28.7	123.391
28.8	123.444
28.9	123.497
29	123.55
29.1	123.603
29.2	123.656
29.3	123.709
29.4	123.761
29.5	123.814
29.6	123.867
29.7	123.919
29.8	123.972
29.9	124.024
30	124.077
30.1	124.129
30.2	124.182
30.3	124.234
30.4	124.286
30.5	124.338
30.6	124.39
30.7	124.442
30.8	124.494
30.9	124.546
31	124.598
31.1	124.65
31.2	124.702
31.3	124.753
31.4	124.805
31.5	124.857
31.6	124.908
31.7	124.96
31.8	125.011
31.9	125.062
32	125.114
32.1	125.165
32.2	125.216
32.3	125.267
32.4	125.318
32.5	125.369
32.6	125.42
32.7	125.471
32.8	125.522
32.9	125.572
33	125.623
33.1	125.674
33.2	125.724
33.3	125.775
33.4	125.825
33.5	125.876
33.6	125.926
33.7	125.976
33.8	126.027
33.9	126.077
34	126.127
34.1	126.177
34.2	126.227
34.3	126.277
34.4	126.327
34.5	126.377
34.6	126.426
34.7	126.476
34.8	126.526
34.9	126.575
35	126.625
35.1	126.674
35.2	126.724
35.3	126.773
35.4	126.822
35.5	126.871
35.6	126.921
35.7	126.97
35.8	127.019
35.9	127.068
36	127.117
36.1	127.166
36.2	127.215
36.3	127.263
36.4	127.312
36.5	127.361
36.6	127.409
36.7	127.458
36.8	127.506
36.9	127.555
37	127.603
37.1	127.651
37.2	127.7
37.3	127.748
37.4	127.796
37.5	127.844
37.6	127.892
37.7	127.94
37.8	127.988
37.9	128.036
38	128.084
38.1	128.132
38.2	128.179
38.3	128.227
38.4	128.275
38.5	128.322
38.6	128.37
38.7	128.417
38.8	128.464
38.9	128.512
39	128.559
39.1	128.606
39.2	128.653
39.3	128.7
39.4	128.747
39.5	128.794
39.6	128.841
39.7	128.888
39.8	128.935
39.9	128.982
40	129.029
40.1	129.075
40.2	129.122
40.3	129.168
40.4	129.215
40.5	129.261
40.6	129.308
40.7	129.354
40.8	129.4
40.9	129.447
41	129.493
41.1	129.539
41.2	129.585
41.3	129.631
41.4	129.677
41.5	129.723
41.6	129.769
41.7	129.815
41.8	129.86
41.9	129.906
42	129.952
42.1	129.997
42.2	130.043
42.3	130.088
42.4	130.134
42.5	130.179
42.6	130.225
42.7	130.27
42.8	130.315
42.9	130.36
43	130.405
43.1	130.451
43.2	130.496
43.3	130.541
43.4	130.586
43.5	130.63
43.6	130.675
43.7	130.72
43.8	130.765
43.9	130.809
44	130.854
44.1	130.899
44.2	130.943
44.3	130.988
44.4	131.032
44.5	131.077
44.6	131.121
44.7	131.165
44.8	131.209
44.9	131.254
45	131.298
45.1	131.342
45.2	131.386
45.3	131.43
45.4	131.474
45.5	131.518
45.6	131.562
45.7	131.605
45.8	131.649
45.9	131.693
46	131.736
46.1	131.78
46.2	131.824
46.3	131.867
46.4	131.911
46.5	131.954
46.6	131.997
46.7	132.041
46.8	132.084
46.9	132.127
47	132.17
47.1	132.214
47.2	132.257
47.3	132.3
47.4	132.343
47.5	132.386
47.6	132.429
47.7	132.471
47.8	132.514
47.9	132.557
48	132.6
48.1	132.642
48.2	132.685
48.3	132.728
48.4	132.77
48.5	132.813
48.6	132.855
48.7	132.897
48.8	132.94
48.9	132.982
49	133.024
49.1	133.067
49.2	133.109
49.3	133.151
49.4	133.193
49.5	133.235
49.6	133.277
49.7	133.319
49.8	133.361
49.9	133.403
50	133.444
50.1	133.486
50.2	133.528
50.3	133.57
50.4	133.611
50.5	133.653
50.6	133.694
50.7	133.736
50.8	133.777
50.9	133.819
51	133.86
51.1	133.902
51.2	133.943
51.3	133.984
51.4	134.025
51.5	134.067
51.6	134.108
51.7	134.149
51.8	134.19
51.9	134.231
52	134.272
52.1	134.313
52.2	134.354
52.3	134.394
52.4	134.435
52.5	134.476
52.6	134.517
52.7	134.557
52.8	134.598
52.9	134.638
53	134.679
53.1	134.72
53.2	134.76
53.3	134.8
53.4	134.841
53.5	134.881
53.6	134.921
53.7	134.962
53.8	135.002
53.9	135.042
54	135.082
54.1	135.122
54.2	135.162
54.3	135.202
54.4	135.242
54.5	135.282
54.6	135.322
54.7	135.362
54.8	135.402
54.9	135.442
55	135.481
55.1	135.521
55.2	135.561
55.3	135.6
55.4	135.64
55.5	135.679
55.6	135.719
55.7	135.758
55.8	135.798
55.9	135.837
56	135.877
56.1	135.916
56.2	135.955
56.3	135.994
56.4	136.034
56.5	136.073
56.6	136.112
56.7	136.151
56.8	136.19
56.9	136.229
57	136.268
57.1	136.307
57.2	136.346
57.3	136.385
57.4	136.423
57.5	136.462
57.6	136.501
57.7	136.54
57.8	136.578
57.9	136.617
58	136.655
58.1	136.694
58.2	136.733
58.3	136.771
58.4	136.809
58.5	136.848
58.6	136.886
58.7	136.925
58.8	136.963
58.9	137.001
59	137.039
59.1	137.078
59.2	137.116
59.3	137.154
59.4	137.192
59.5	137.23
59.6	137.268
59.7	137.306
59.8	137.344
59.9	137.382
60	137.42
60.1	137.457
60.2	137.495
60.3	137.533
60.4	137.571
60.5	137.608
60.6	137.646
60.7	137.684
60.8	137.721
60.9	137.759
61	137.796
61.1	137.834
61.2	137.871
61.3	137.909
61.4	137.946
61.5	137.983
61.6	138.021
61.7	138.058
61.8	138.095
61.9	138.132
62	138.17
62.1	138.207
62.2	138.244
62.3	138.281
62.4	138.318
62.5	138.355
62.6	138.392
62.7	138.429
62.8	138.466
62.9	138.503
63	138.54
63.1	138.576
63.2	138.613
63.3	138.65
63.4	138.687
63.5	138.723
63.6	138.76
63.7	138.796
63.8	138.833
63.9	138.87
64	138.906
64.1	138.943
64.2	138.979
64.3	139.015
64.4	139.052
64.5	139.088
64.6	139.124
64.7	139.161
64.8	139.197
64.9	139.233
65	139.269
65.1	139.306
65.2	139.342
65.3	139.378
65.4	139.414
65.5	139.45
65.6	139.486
65.7	139.522
65.8	139.558
65.9	139.594
66	139.63
66.1	139.665
66.2	139.701
66.3	139.737
66.4	139.773
66.5	139.808
66.6	139.844
66.7	139.88
66.8	139.915
66.9	139.951
67	139.987
67.1	140.022
67.2	140.058
67.3	140.093
67.4	140.129
67.5	140.164
67.6	140.199
67.7	140.235
67.8	140.27
67.9	140.305
68	140.341
68.1	140.376
68.2	140.411
68.3	140.446
68.4	140.481
68.5	140.516
68.6	140.551
68.7	140.587
68.8	140.622
68.9	140.657
69	140.692
69.1	140.726
69.2	140.761
69.3	140.796
69.4	140.831
69.5	140.866
69.6	140.901
69.7	140.935
69.8	140.97
69.9	141.005
70	141.04
70.1	141.074
70.2	141.109
70.3	141.143
70.4	141.178
70.5	141.212
70.6	141.247
70.7	141.281
70.8	141.316
70.9	141.35
71	141.385
71.1	141.419
71.2	141.453
71.3	141.488
71.4	141.522
71.5	141.556
71.6	141.59
71.7	141.625
71.8	141.659
71.9	141.693
72	141.727
72.1	141.761
72.2	141.795
72.3	141.829
72.4	141.863
72.5	141.897
72.6	141.931
72.7	141.965
72.8	141.999
72.9	142.033
73	142.067
73.1	142.1
73.2	142.134
73.3	142.168
73.4	142.202
73.5	142.235
73.6	142.269
73.7	142.303
73.8	142.336
73.9	142.37
74	142.403
74.1	142.437
74.2	142.47
74.3	142.504
74.4	142.537
74.5	142.571
74.6	142.604
74.7	142.638
74.8	142.671
74.9	142.704
75	142.738
75.1	142.771
75.2	142.804
75.3	142.837
75.4	142.871
75.5	142.904
75.6	142.937
75.7	142.97
75.8	143.003
75.9	143.036
76	143.069
76.1	143.102
76.2	143.135
76.3	143.168
76.4	143.201
76.5	143.234
76.6	143.267
76.7	143.3
76.8	143.333
76.9	143.365
77	143.398
77.1	143.431
77.2	143.464
77.3	143.496
77.4	143.529
77.5	143.562
77.6	143.594
77.7	143.627
77.8	143.66
77.9	143.692
78	143.725
78.1	143.757
78.2	143.79
78.3	143.822
78.4	143.855
78.5	143.887
78.6	143.919
78.7	143.952
78.8	143.984
78.9	144.016
79	144.049
79.1	144.081
79.2	144.113
79.3	144.145
79.4	144.178
79.5	144.21
79.6	144.242
79.7	144.274
79.8	144.306
79.9	144.338
80	144.37
80.1	144.402
80.2	144.434
80.3	144.466
80.4	144.498
80.5	144.53
80.6	144.562
80.7	144.594
80.8	144.626
80.9	144.658
81	144.69
81.1	144.721
81.2	144.753
81.3	144.785
81.4	144.817
81.5	144.848
81.6	144.88
81.7	144.912
81.8	144.943
81.9	144.975
82	145.006
82.1	145.038
82.2	145.07
82.3	145.101
82.4	145.133
82.5	145.164
82.6	145.195
82.7	145.227
82.8	145.258
82.9	145.29
83	145.321
83.1	145.352
83.2	145.384
83.3	145.415
83.4	145.446
83.5	145.477
83.6	145.509
83.7	145.54
83.8	145.571
83.9	145.602
84	145.633
84.1	145.664
84.2	145.695
84.3	145.727
84.4	145.758
84.5	145.789
84.6	145.82
84.7	145.851
84.8	145.882
84.9	145.912
85	145.943
85.1	145.974
85.2	146.005
85.3	146.036
85.4	146.067
85.5	146.098
85.6	146.128
85.7	146.159
85.8	146.19
85.9	146.221
86	146.251
86.1	146.282
86.2	146.313
86.3	146.343
86.4	146.374
86.5	146.404
86.6	146.435
86.7	146.466
86.8	146.496
86.9	146.527
87	146.557
87.1	146.588
87.2	146.618
87.3	146.648
87.4	146.679
87.5	146.709
87.6	146.74
87.7	146.77
87.8	146.8
87.9	146.831
88	146.861
88.1	146.891
88.2	146.921
88.3	146.951
88.4	146.982
88.5	147.012
88.6	147.042
88.7	147.072
88.8	147.102
88.9	147.132
89	147.162
89.1	147.192
89.2	147.222
89.3	147.252
89.4	147.282
89.5	147.312
89.6	147.342
89.7	147.372
89.8	147.402
89.9	147.432
90	147.462
90.1	147.492
90.2	147.522
90.3	147.551
90.4	147.581
90.5	147.611
90.6	147.641
90.7	147.67
90.8	147.7
90.9	147.73
91	147.76
91.1	147.789
91.2	147.819
91.3	147.848
91.4	147.878
91.5	147.908
91.6	147.937
91.7	147.967
91.8	147.996
91.9	148.026
92	148.055
92.1	148.085
92.2	148.114
92.3	148.143
92.4	148.173
92.5	148.202
92.6	148.232
92.7	148.261
92.8	148.29
92.9	148.32
93	148.349
93.1	148.378
93.2	148.407
93.3	148.437
93.4	148.466
93.5	148.495
93.6	148.524
93.7	148.553
93.8	148.582
93.9	148.611
94	148.641
94.1	148.67
94.2	148.699
94.3	148.728
94.4	148.757
94.5	148.786
94.6	148.815
94.7	148.844
94.8	148.873
94.9	148.902
95	148.93
95.1	148.959
95.2	148.988
95.3	149.017
95.4	149.046
95.5	149.075
95.6	149.104
95.7	149.132
95.8	149.161
95.9	149.19
96	149.219
96.1	149.247
96.2	149.276
96.3	149.305
96.4	149.333
96.5	149.362
96.6	149.39
96.7	149.419
96.8	149.448
96.9	149.476
97	149.505
97.1	149.533
97.2	149.562
97.3	149.59
97.4	149.619
97.5	149.647
97.6	149.676
97.7	149.704
97.8	149.732
97.9	149.761
98	149.789
98.1	149.818
98.2	149.846
98.3	149.874
98.4	149.902
98.5	149.931
98.6	149.959
98.7	149.987
98.8	150.015
98.9	150.044
99	150.072
99.1	150.1
99.2	150.128
99.3	150.156
99.4	150.184
99.5	150.213
99.6	150.241
99.7	150.269
99.8	150.297
99.9	150.325
100	150.353
100.1	150.381
100.2	150.409
100.3	150.437
100.4	150.465
100.5	150.493
100.6	150.521
100.7	150.548
100.8	150.576
100.9	150.604
101	150.632
101.1	150.66
101.2	150.688
101.3	150.715
101.4	150.743
101.5	150.771
101.6	150.799
101.7	150.827
101.8	150.854
101.9	150.882
102	150.91
102.1	150.937
102.2	150.965
102.3	150.993
102.4	151.02
102.5	151.048
102.6	151.075
102.7	151.103
102.8	151.13
102.9	151.158
103	151.186
103.1	151.213
103.2	151.241
103.3	151.268
103.4	151.295
103.5	151.323
103.6	151.35
103.7	151.378
103.8	151.405
103.9	151.432
104	151.46
104.1	151.487
104.2	151.514
104.3	151.542
104.4	151.569
104.5	151.596
104.6	151.624
104.7	151.651
104.8	151.678
104.9	151.705
105	151.732
105.1	151.76
105.2	151.787
105.3	151.814
105.4	151.841
105.5	151.868
105.6	151.895
105.7	151.922
105.8	151.949
105.9	151.977
106	152.004
106.1	152.031
106.2	152.058
106.3	152.085
106.4	152.112
106.5	152.139
106.6	152.165
106.7	152.192
106.8	152.219
106.9	152.246
107	152.273
107.1	152.3
107.2	152.327
107.3	152.354
107.4	152.38
107.5	152.407
107.6	152.434
107.7	152.461
107.8	152.488
107.9	152.514
108	152.541
108.1	152.568
108.2	152.595
108.3	152.621
108.4	152.648
108.5	152.675
108.6	152.701
108.7	152.728
108.8	152.754
108.9	152.781
109	152.808
109.1	152.834
109.2	152.861
109.3	152.887
109.4	152.914
109.5	152.94
109.6	152.967
109.7	152.993
109.8	153.02
109.9	153.046
110	153.073
110.1	153.099
110.2	153.125
110.3	153.152
110.4	153.178
110.5	153.205
110.6	153.231
110.7	153.257
110.8	153.284
110.9	153.31
111	153.336
111.1	153.362
111.2	153.389
111.3	153.415
111.4	153.441
111.5	153.467
111.6	153.494
111.7	153.52
111.8	153.546
111.9	153.572
112	153.598
112.1	153.624
112.2	153.65
112.3	153.676
112.4	153.703
112.5	153.729
112.6	153.755
112.7	153.781
112.8	153.807
112.9	153.833
113	153.859
113.1	153.885
113.2	153.911
113.3	153.937
113.4	153.963
113.5	153.989
113.6	154.015
113.7	154.04
113.8	154.066
113.9	154.092
114	154.118
114.1	154.144
114.2	154.17
114.3	154.196
114.4	154.221
114.5	154.247
114.6	154.273
114.7	154.299
114.8	154.324
114.9	154.35
115	154.376
115.1	154.402
115.2	154.427
115.3	154.453
115.4	154.479
115.5	154.504
115.6	154.53
115.7	154.556
115.8	154.581
115.9	154.607
116	154.632
116.1	154.658
116.2	154.683
116.3	154.709
116.4	154.735
116.5	154.76
116.6	154.786
116.7	154.811
116.8	154.837
116.9	154.862
117	154.887
117.1	154.913
117.2	154.938
117.3	154.964
117.4	154.989
117.5	155.014
117.6	155.04
117.7	155.065
117.8	155.091
117.9	155.116
118	155.141
118.1	155.167
118.2	155.192
118.3	155.217
118.4	155.242
118.5	155.268
118.6	155.293
118.7	155.318
118.8	155.343
118.9	155.368
119	155.394
119.1	155.419
119.2	155.444
119.3	155.469
119.4	155.494
119.5	155.519
119.6	155.545
119.7	155.57
119.8	155.595
119.9	155.62
120	155.645
120.1	155.67
120.2	155.695
120.3	155.72
120.4	155.745
120.5	155.77
120.6	155.795
120.7	155.82
120.8	155.845
120.9	155.87
121	155.895
121.1	155.92
121.2	155.945
121.3	155.969
121.4	155.994
121.5	156.019
121.6	156.044
121.7	156.069
121.8	156.094
121.9	156.118
122	156.143
122.1	156.168
122.2	156.193
122.3	156.218
122.4	156.242
122.5	156.267
122.6	156.292
122.7	156.317
122.8	156.341
122.9	156.366
123	156.391
123.1	156.415
123.2	156.44
123.3	156.465
123.4	156.489
123.5	156.514
123.6	156.538
123.7	156.563
123.8	156.588
123.9	156.612
124	156.637
124.1	156.661
124.2	156.686
124.3	156.71
124.4	156.735
124.5	156.759
124.6	156.784
124.7	156.808
124.8	156.833
124.9	156.857
125	156.882
125.1	156.906
125.2	156.93
125.3	156.955
125.4	156.979
125.5	157.004
125.6	157.028
125.7	157.052
125.8	157.077
125.9	157.101
126	157.125
126.1	157.15
126.2	157.174
126.3	157.198
126.4	157.223
126.5	157.247
126.6	157.271
126.7	157.295
126.8	157.319
126.9	157.344
127	157.368
127.1	157.392
127.2	157.416
127.3	157.44
127.4	157.465
127.5	157.489
127.6	157.513
127.7	157.537
127.8	157.561
127.9	157.585
128	157.609
128.1	157.633
128.2	157.657
128.3	157.681
128.4	157.705
128.5	157.729
128.6	157.753
128.7	157.777
128.8	157.801
128.9	157.825
129	157.849
129.1	157.873
129.2	157.897
129.3	157.921
129.4	157.945
129.5	157.969
129.6	157.993
129.7	158.017
129.8	158.041
129.9	158.065
130	158.088
130.1	158.112
130.2	158.136
130.3	158.16
130.4	158.184
130.5	158.208
130.6	158.231
130.7	158.255
130.8	158.279
130.9	158.303
131	158.326
131.1	158.35
131.2	158.374
131.3	158.397
131.4	158.421
131.5	158.445
131.6	158.469
131.7	158.492
131.8	158.516
131.9	158.539
132	158.563
132.1	158.587
132.2	158.61
132.3	158.634
132.4	158.658
132.5	158.681
132.6	158.705
132.7	158.728
132.8	158.752
132.9	158.775
133	158.799
133.1	158.822
133.2	158.846
133.3	158.869
133.4	158.893
133.5	158.916
133.6	158.94
133.7	158.963
133.8	158.987
133.9	159.01
134	159.033
134.1	159.057
134.2	159.08
134.3	159.104
134.4	159.127
134.5	159.15
134.6	159.174
134.7	159.197
134.8	159.22
134.9	159.244
135	159.267
135.1	159.29
135.2	159.313
135.3	159.337
135.4	159.36
135.5	159.383
135.6	159.407
135.7	159.43
135.8	159.453
135.9	159.476
136	159.499
136.1	159.523
136.2	159.546
136.3	159.569
136.4	159.592
136.5	159.615
136.6	159.638
136.7	159.661
136.8	159.685
136.9	159.708
137	159.731
137.1	159.754
137.2	159.777
137.3	159.8
137.4	159.823
137.5	159.846
137.6	159.869
137.7	159.892
137.8	159.915
137.9	159.938
138	159.961
138.1	159.984
138.2	160.007
138.3	160.03
138.4	160.053
138.5	160.076
138.6	160.099
138.7	160.122
138.8	160.145
138.9	160.168
139	160.19
139.1	160.213
139.2	160.236
139.3	160.259
139.4	160.282
139.5	160.305
139.6	160.328
139.7	160.35
139.8	160.373
139.9	160.396
140	160.419
140.1	160.442
140.2	160.464
140.3	160.487
140.4	160.51
140.5	160.533
140.6	160.555
140.7	160.578
140.8	160.601
140.9	160.623
141	160.646
141.1	160.669
141.2	160.691
141.3	160.714
141.4	160.737
141.5	160.759
141.6	160.782
141.7	160.805
141.8	160.827
141.9	160.85
142	160.872
142.1	160.895
142.2	160.918
142.3	160.94
142.4	160.963
142.5	160.985
142.6	161.008
142.7	161.03
142.8	161.053
142.9	161.075
143	161.098
143.1	161.12
143.2	161.143
143.3	161.165
143.4	161.188
143.5	161.21
143.6	161.233
143.7	161.255
143.8	161.277
143.9	161.3
144	161.322
144.1	161.345
144.2	161.367
144.3	161.389
144.4	161.412
144.5	161.434
144.6	161.456
144.7	161.479
144.8	161.501
144.9	161.523
145	161.546
145.1	161.568
145.2	161.59
145.3	161.612
145.4	161.635
145.5	161.657
145.6	161.679
145.7	161.701
145.8	161.724
145.9	161.746
146	161.768
146.1	161.79
146.2	161.812
146.3	161.835
146.4	161.857
146.5	161.879
146.6	161.901
146.7	161.923
146.8	161.945
146.9	161.967
147	161.99
147.1	162.012
147.2	162.034
147.3	162.056
147.4	162.078
147.5	162.1
147.6	162.122
147.7	162.144
147.8	162.166
147.9	162.188
148	162.21
148.1	162.232
148.2	162.254
148.3	162.276
148.4	162.298
148.5	162.32
148.6	162.342
148.7	162.364
148.8	162.386
148.9	162.408
149	162.43
149.1	162.452
149.2	162.474
149.3	162.496
149.4	162.518
149.5	162.539
149.6	162.561
149.7	162.583
149.8	162.605
149.9	162.627
150	162.649
150.1	162.671
150.2	162.692
150.3	162.714
150.4	162.736
150.5	162.758
150.6	162.78
150.7	162.801
150.8	162.823
150.9	162.845
151	162.867
151.1	162.888
151.2	162.91
151.3	162.932
151.4	162.953
151.5	162.975
151.6	162.997
151.7	163.019
151.8	163.04
151.9	163.062
152	163.084
152.1	163.105
152.2	163.127
152.3	163.148
152.4	163.17
152.5	163.192
152.6	163.213
152.7	163.235
152.8	163.257
152.9	163.278
153	163.3
153.1	163.321
153.2	163.343
153.3	163.364
153.4	163.386
153.5	163.407
153.6	163.429
153.7	163.45
153.8	163.472
153.9	163.493
154	163.515
154.1	163.536
154.2	163.558
154.3	163.579
154.4	163.601
154.5	163.622
154.6	163.644
154.7	163.665
154.8	163.687
154.9	163.708
155	163.729
155.1	163.751
155.2	163.772
155.3	163.793
155.4	163.815
155.5	163.836
155.6	163.858
155.7	163.879
155.8	163.9
155.9	163.922
156	163.943
156.1	163.964
156.2	163.985
156.3	164.007
156.4	164.028
156.5	164.049
156.6	164.071
156.7	164.092
156.8	164.113
156.9	164.134
157	164.156
157.1	164.177
157.2	164.198
157.3	164.219
157.4	164.24
157.5	164.262
157.6	164.283
157.7	164.304
157.8	164.325
157.9	164.346
158	164.367
158.1	164.389
158.2	164.41
158.3	164.431
158.4	164.452
158.5	164.473
158.6	164.494
158.7	164.515
158.8	164.536
158.9	164.557
159	164.578
159.1	164.6
159.2	164.621
159.3	164.642
159.4	164.663
159.5	164.684
159.6	164.705
159.7	164.726
159.8	164.747
159.9	164.768
160	164.789
160.1	164.81
160.2	164.831
160.3	164.852
160.4	164.873
160.5	164.893
160.6	164.914
160.7	164.935
160.8	164.956
160.9	164.977
161	164.998
161.1	165.019
161.2	165.04
161.3	165.061
161.4	165.082
161.5	165.102
161.6	165.123
161.7	165.144
161.8	165.165
161.9	165.186
162	165.207
162.1	165.228
162.2	165.248
162.3	165.269
162.4	165.29
162.5	165.311
162.6	165.331
162.7	165.352
162.8	165.373
162.9	165.394
163	165.415
163.1	165.435
163.2	165.456
163.3	165.477
163.4	165.497
163.5	165.518
163.6	165.539
163.7	165.56
163.8	165.58
163.9	165.601
164	165.622
164.1	165.642
164.2	165.663
164.3	165.684
164.4	165.704
164.5	165.725
164.6	165.745
164.7	165.766
164.8	165.787
164.9	165.807
165	165.828
165.1	165.848
165.2	165.869
165.3	165.89
165.4	165.91
165.5	165.931
165.6	165.951
165.7	165.972
165.8	165.992
165.9	166.013
166	166.033
166.1	166.054
166.2	166.074
166.3	166.095
166.4	166.115
166.5	166.136
166.6	166.156
166.7	166.177
166.8	166.197
166.9	166.218
167	166.238
167.1	166.258
167.2	166.279
167.3	166.299
167.4	166.32
167.5	166.34
167.6	166.361
167.7	166.381
167.8	166.401
167.9	166.422
168	166.442
168.1	166.462
168.2	166.483
168.3	166.503
168.4	166.523
168.5	166.544
168.6	166.564
168.7	166.584
168.8	166.605
168.9	166.625
169	166.645
169.1	166.666
169.2	166.686
169.3	166.706
169.4	166.726
169.5	166.747
169.6	166.767
169.7	166.787
169.8	166.807
169.9	166.828
170	166.848
170.1	166.868
170.2	166.888
170.3	166.908
170.4	166.929
170.5	166.949
170.6	166.969
170.7	166.989
170.8	167.009
170.9	167.029
171	167.05
171.1	167.07
171.2	167.09
171.3	167.11
171.4	167.13
171.5	167.15
171.6	167.17
171.7	167.19
171.8	167.21
171.9	167.23
172	167.251
172.1	167.271
172.2	167.291
172.3	167.311
172.4	167.331
172.5	167.351
172.6	167.371
172.7	167.391
172.8	167.411
172.9	167.431
173	167.451
173.1	167.471
173.2	167.491
173.3	167.511
173.4	167.531
173.5	167.551
173.6	167.571
173.7	167.591
173.8	167.611
173.9	167.631
174	167.65
174.1	167.67
174.2	167.69
174.3	167.71
174.4	167.73
174.5	167.75
174.6	167.77
174.7	167.79
174.8	167.81
174.9	167.83
175	167.849
175.1	167.869
175.2	167.889
175.3	167.909
175.4	167.929
175.5	167.949
175.6	167.968
175.7	167.988
175.8	168.008
175.9	168.028
176	168.048
176.1	168.067
176.2	168.087
176.3	168.107
176.4	168.127
176.5	168.146
176.6	168.166
176.7	168.186
176.8	168.206
176.9	168.225
177	168.245
177.1	168.265
177.2	168.285
177.3	168.304
177.4	168.324
177.5	168.344
177.6	168.363
177.7	168.383
177.8	168.403
177.9	168.422
178	168.442
178.1	168.462
178.2	168.481
178.3	168.501
178.4	168.52
178.5	168.54
178.6	168.56
178.7	168.579
178.8	168.599
178.9	168.619
179	168.638
179.1	168.658
179.2	168.677
179.3	168.697
179.4	168.716
179.5	168.736
179.6	168.755
179.7	168.775
179.8	168.795
179.9	168.814
180	168.834
180.1	168.853
180.2	168.873
180.3	168.892
180.4	168.912
180.5	168.931
180.6	168.951
180.7	168.97
180.8	168.989
180.9	169.009
181	169.028
181.1	169.048
181.2	169.067
181.3	169.087
181.4	169.106
181.5	169.126
181.6	169.145
181.7	169.164
181.8	169.184
181.9	169.203
182	169.223
182.1	169.242
182.2	169.261
182.3	169.281
182.4	169.3
182.5	169.319
182.6	169.339
182.7	169.358
182.8	169.377
182.9	169.397
183	169.416
183.1	169.435
183.2	169.455
183.3	169.474
183.4	169.493
183.5	169.513
183.6	169.532
183.7	169.551
183.8	169.57
183.9	169.59
184	169.609
184.1	169.628
184.2	169.647
184.3	169.667
184.4	169.686
184.5	169.705
184.6	169.724
184.7	169.744
184.8	169.763
184.9	169.782
185	169.801
185.1	169.82
185.2	169.839
185.3	169.859
185.4	169.878
185.5	169.897
185.6	169.916
185.7	169.935
185.8	169.954
185.9	169.974
186	169.993
186.1	170.012
186.2	170.031
186.3	170.05
186.4	170.069
186.5	170.088
186.6	170.107
186.7	170.126
186.8	170.145
186.9	170.165
187	170.184
187.1	170.203
187.2	170.222
187.3	170.241
187.4	170.26
187.5	170.279
187.6	170.298
187.7	170.317
187.8	170.336
187.9	170.355
188	170.374
188.1	170.393
188.2	170.412
188.3	170.431
188.4	170.45
188.5	170.469
188.6	170.488
188.7	170.507
188.8	170.526
188.9	170.545
189	170.564
189.1	170.583
189.2	170.601
189.3	170.62
189.4	170.639
189.5	170.658
189.6	170.677
189.7	170.696
189.8	170.715
189.9	170.734
190	170.753
190.1	170.772
190.2	170.79
190.3	170.809
190.4	170.828
190.5	170.847
190.6	170.866
190.7	170.885
190.8	170.904
190.9	170.922
191	170.941
191.1	170.96
191.2	170.979
191.3	170.998
191.4	171.016
191.5	171.035
191.6	171.054
191.7	171.073
191.8	171.092
191.9	171.11
192	171.129
192.1	171.148
192.2	171.167
192.3	171.185
192.4	171.204
192.5	171.223
192.6	171.241
192.7	171.26
192.8	171.279
192.9	171.298
193	171.316
193.1	171.335
193.2	171.354
193.3	171.372
193.4	171.391
193.5	171.41
193.6	171.428
193.7	171.447
193.8	171.466
193.9	171.484
194	171.503
194.1	171.522
194.2	171.54
194.3	171.559
194.4	171.577
194.5	171.596
194.6	171.615
194.7	171.633
194.8	171.652
194.9	171.67
195	171.689
195.1	171.708
195.2	171.726
195.3	171.745
195.4	171.763
195.5	171.782
195.6	171.8
195.7	171.819
195.8	171.838
195.9	171.856
196	171.875
196.1	171.893
196.2	171.912
196.3	171.93
196.4	171.949
196.5	171.967
196.6	171.986
196.7	172.004
196.8	172.023
196.9	172.041
197	172.059
197.1	172.078
197.2	172.096
197.3	172.115
197.4	172.133
197.5	172.152
197.6	172.17
197.7	172.189
197.8	172.207
197.9	172.225
198	172.244
198.1	172.262
198.2	172.281
198.3	172.299
198.4	172.317
198.5	172.336
198.6	172.354
198.7	172.373
198.8	172.391
198.9	172.409
199	172.428
199.1	172.446
199.2	172.464
199.3	172.483
199.4	172.501
199.5	172.519
199.6	172.538
199.7	172.556
199.8	172.574
199.9	172.593
200	172.611
200.1	172.629
200.2	172.647
200.3	172.666
200.4	172.684
200.5	172.702
200.6	172.72
200.7	172.739
200.8	172.757
200.9	172.775
201	172.793
201.1	172.812
201.2	172.83
201.3	172.848
201.4	172.866
201.5	172.885
201.6	172.903
201.7	172.921
201.8	172.939
201.9	172.957
202	172.976
202.1	172.994
202.2	173.012
202.3	173.03
202.4	173.048
202.5	173.066
202.6	173.085
202.7	173.103
202.8	173.121
202.9	173.139
203	173.157
203.1	173.175
203.2	173.193
203.3	173.211
203.4	173.23
203.5	173.248
203.6	173.266
203.7	173.284
203.8	173.302
203.9	173.32
204	173.338
204.1	173.356
204.2	173.374
204.3	173.392
204.4	173.41
204.5	173.428
204.6	173.446
204.7	173.464
204.8	173.483
204.9	173.501
205	173.519
205.1	173.537
205.2	173.555
205.3	173.573
205.4	173.591
205.5	173.609
205.6	173.627
205.7	173.645
205.8	173.663
205.9	173.681
206	173.698
206.1	173.716
206.2	173.734
206.3	173.752
206.4	173.77
206.5	173.788
206.6	173.806
206.7	173.824
206.8	173.842
206.9	173.86
207	173.878
207.1	173.896
207.2	173.914
207.3	173.932
207.4	173.949
207.5	173.967
207.6	173.985
207.7	174.003
207.8	174.021
207.9	174.039
208	174.057
208.1	174.075
208.2	174.092
208.3	174.11
208.4	174.128
208.5	174.146
208.6	174.164
208.7	174.182
208.8	174.199
208.9	174.217
209	174.235
209.1	174.253
209.2	174.271
209.3	174.288
209.4	174.306
209.5	174.324
209.6	174.342
209.7	174.36
209.8	174.377
209.9	174.395
210	174.413
210.1	174.431
210.2	174.448
210.3	174.466
210.4	174.484
210.5	174.502
210.6	174.519
210.7	174.537
210.8	174.555
210.9	174.572
211	174.59
211.1	174.608
211.2	174.626
211.3	174.643
211.4	174.661
211.5	174.679
211.6	174.696
211.7	174.714
211.8	174.732
211.9	174.749
212	174.767
212.1	174.785
212.2	174.802
212.3	174.82
212.4	174.838
212.5	174.855
212.6	174.873
212.7	174.89
212.8	174.908
212.9	174.926
213	174.943
213.1	174.961
213.2	174.978
213.3	174.996
213.4	175.014
213.5	175.031
213.6	175.049
213.7	175.066
213.8	175.084
213.9	175.101
214	175.119
214.1	175.137
214.2	175.154
214.3	175.172
214.4	175.189
214.5	175.207
214.6	175.224
214.7	175.242
214.8	175.259
214.9	175.277
215	175.294
215.1	175.312
215.2	175.329
215.3	175.347
215.4	175.364
215.5	175.382
215.6	175.399
215.7	175.417
215.8	175.434
215.9	175.452
216	175.469
216.1	175.487
216.2	175.504
216.3	175.521
216.4	175.539
216.5	175.556
216.6	175.574
216.7	175.591
216.8	175.609
216.9	175.626
217	175.643
217.1	175.661
217.2	175.678
217.3	175.696
217.4	175.713
217.5	175.73
217.6	175.748
217.7	175.765
217.8	175.782
217.9	175.8
218	175.817
218.1	175.835
218.2	175.852
218.3	175.869
218.4	175.887
218.5	175.904
218.6	175.921
218.7	175.939
218.8	175.956
218.9	175.973
219	175.99
219.1	176.008
219.2	176.025
219.3	176.042
219.4	176.06
219.5	176.077
219.6	176.094
219.7	176.111
219.8	176.129
219.9	176.146
220	176.163
220.1	176.181
220.2	176.198
220.3	176.215
220.4	176.232
220.5	176.25
220.6	176.267
220.7	176.284
220.8	176.301
220.9	176.318
221	176.336
221.1	176.353
221.2	176.37
221.3	176.387
221.4	176.404
221.5	176.422
221.6	176.439
221.7	176.456
221.8	176.473
221.9	176.49
222	176.508
222.1	176.525
222.2	176.542
222.3	176.559
222.4	176.576
222.5	176.593
222.6	176.61
222.7	176.628
222.8	176.645
222.9	176.662
223	176.679
223.1	176.696
223.2	176.713
223.3	176.73
223.4	176.747
223.5	176.764
223.6	176.782
223.7	176.799
223.8	176.816
223.9	176.833
224	176.85
224.1	176.867
224.2	176.884
224.3	176.901
224.4	176.918
224.5	176.935
224.6	176.952
224.7	176.969
224.8	176.986
224.9	177.003
225	177.02
225.1	177.037
225.2	177.054
225.3	177.071
225.4	177.088
225.5	177.105
225.6	177.122
225.7	177.139
225.8	177.156
225.9	177.173
226	177.19
226.1	177.207
226.2	177.224
226.3	177.241
226.4	177.258
226.5	177.275
226.6	177.292
226.7	177.309
226.8	177.326
226.9	177.343
227	177.36
227.1	177.377
227.2	177.394
227.3	177.411
227.4	177.428
227.5	177.444
227.6	177.461
227.7	177.478
227.8	177.495
227.9	177.512
228	177.529
228.1	177.546
228.2	177.563
228.3	177.58
228.4	177.596
228.5	177.613
228.6	177.63
228.7	177.647
228.8	177.664
228.9	177.681
229	177.698
229.1	177.714
229.2	177.731
229.3	177.748
229.4	177.765
229.5	177.782
229.6	177.799
229.7	177.815
229.8	177.832
229.9	177.849
230	177.866
230.1	177.883
230.2	177.899
230.3	177.916
230.4	177.933
230.5	177.95
230.6	177.967
230.7	177.983
230.8	178
230.9	178.017
231	178.034
231.1	178.05
231.2	178.067
231.3	178.084
231.4	178.101
231.5	178.117
231.6	178.134
231.7	178.151
231.8	178.167
231.9	178.184
232	178.201
232.1	178.218
232.2	178.234
232.3	178.251
232.4	178.268
232.5	178.284
232.6	178.301
232.7	178.318
232.8	178.334
232.9	178.351
233	178.368
233.1	178.384
233.2	178.401
233.3	178.418
233.4	178.434
233.5	178.451
233.6	178.468
233.7	178.484
233.8	178.501
233.9	178.518
234	178.534
234.1	178.551
234.2	178.567
234.3	178.584
234.4	178.601
234.5	178.617
234.6	178.634
234.7	178.65
234.8	178.667
234.9	178.684
235	178.7
235.1	178.717
235.2	178.733
235.3	178.75
235.4	178.767
235.5	178.783
235.6	178.8
235.7	178.816
235.8	178.833
235.9	178.849
236	178.866
236.1	178.882
236.2	178.899
236.3	178.915
236.4	178.932
236.5	178.948
236.6	178.965
236.7	178.981
236.8	178.998
236.9	179.015
237	179.031
237.1	179.047
237.2	179.064
237.3	179.08
237.4	179.097
237.5	179.113
237.6	179.13
237.7	179.146
237.8	179.163
237.9	179.179
238	179.196
238.1	179.212
238.2	179.229
238.3	179.245
238.4	179.262
238.5	179.278
238.6	179.294
238.7	179.311
238.8	179.327
238.9	179.344
239	179.36
239.1	179.376
239.2	179.393
239.3	179.409
239.4	179.426
239.5	179.442
239.6	179.458
239.7	179.475
239.8	179.491
239.9	179.508
240	179.524
240.1	179.54
240.2	179.557
240.3	179.573
240.4	179.589
240.5	179.606
240.6	179.622
240.7	179.638
240.8	179.655
240.9	179.671
241	179.687
241.1	179.704
241.2	179.72
241.3	179.736
241.4	179.753
241.5	179.769
241.6	179.785
241.7	179.802
241.8	179.818
241.9	179.834
242	179.851
242.1	179.867
242.2	179.883
242.3	179.899
242.4	179.916
242.5	179.932
242.6	179.948
242.7	179.964
242.8	179.981
242.9	179.997
243	180.013
243.1	180.029
243.2	180.046
243.3	180.062
243.4	180.078
243.5	180.094
243.6	180.111
243.7	180.127
243.8	180.143
243.9	180.159
244	180.175
244.1	180.192
244.2	180.208
244.3	180.224
244.4	180.24
244.5	180.256
244.6	180.273
244.7	180.289
244.8	180.305
244.9	180.321
245	180.337
245.1	180.353
245.2	180.37
245.3	180.386
245.4	180.402
245.5	180.418
245.6	180.434
245.7	180.45
245.8	180.467
245.9	180.483
246	180.499
246.1	180.515
246.2	180.531
246.3	180.547
246.4	180.563
246.5	180.579
246.6	180.595
246.7	180.612
246.8	180.628
246.9	180.644
247	180.66
247.1	180.676
247.2	180.692
247.3	180.708
247.4	180.724
247.5	180.74
247.6	180.756
247.7	180.772
247.8	180.788
247.9	180.804
248	180.821
248.1	180.837
248.2	180.853
248.3	180.869
248.4	180.885
248.5	180.901
248.6	180.917
248.7	180.933
248.8	180.949
248.9	180.965
249	180.981
249.1	180.997
249.2	181.013
249.3	181.029
249.4	181.045
249.5	181.061
249.6	181.077
249.7	181.093
249.8	181.109
249.9	181.125
250	181.141
250.1	181.157
250.2	181.173
250.3	181.189
250.4	181.205
250.5	181.221
250.6	181.236
250.7	181.252
250.8	181.268
250.9	181.284
251	181.3
251.1	181.316
251.2	181.332
251.3	181.348
251.4	181.364
251.5	181.38
251.6	181.396
251.7	181.412
251.8	181.428
251.9	181.443
252	181.459
252.1	181.475
252.2	181.491
252.3	181.507
252.4	181.523
252.5	181.539
252.6	181.555
252.7	181.57
252.8	181.586
252.9	181.602
253	181.618
253.1	181.634
253.2	181.65
253.3	181.666
253.4	181.681
253.5	181.697
253.6	181.713
253.7	181.729
253.8	181.745
253.9	181.761
254	181.776
254.1	181.792
254.2	181.808
254.3	181.824
254.4	181.84
254.5	181.855
254.6	181.871
254.7	181.887
254.8	181.903
254.9	181.919
255	181.934
255.1	181.95
255.2	181.966
255.3	181.982
255.4	181.998
255.5	182.013
255.6	182.029
255.7	182.045
255.8	182.061
255.9	182.076
256	182.092
256.1	182.108
256.2	182.124
256.3	182.139
256.4	182.155
256.5	182.171
256.6	182.186
256.7	182.202
256.8	182.218
256.9	182.234
257	182.249
257.1	182.265
257.2	182.281
257.3	182.296
257.4	182.312
257.5	182.328
257.6	182.343
257.7	182.359
257.8	182.375
257.9	182.39
258	182.406
258.1	182.422
258.2	182.437
258.3	182.453
258.4	182.469
258.5	182.484
258.6	182.5
258.7	182.516
258.8	182.531
258.9	182.547
259	182.563
259.1	182.578
259.2	182.594
259.3	182.61
259.4	182.625
259.5	182.641
259.6	182.656
259.7	182.672
259.8	182.688
259.9	182.703
260	182.719
260.1	182.734
260.2	182.75
260.3	182.766
260.4	182.781
260.5	182.797
260.6	182.812
260.7	182.828
260.8	182.843
260.9	182.859
261	182.875
261.1	182.89
261.2	182.906
261.3	182.921
261.4	182.937
261.5	182.952
261.6	182.968
261.7	182.983
261.8	182.999
261.9	183.014
262	183.03
262.1	183.046
262.2	183.061
262.3	183.077
262.4	183.092
262.5	183.108
262.6	183.123
262.7	183.139
262.8	183.154
262.9	183.17
263	183.185
263.1	183.201
263.2	183.216
263.3	183.231
263.4	183.247
263.5	183.262
263.6	183.278
263.7	183.293
263.8	183.309
263.9	183.324
264	183.34
264.1	183.355
264.2	183.371
264.3	183.386
264.4	183.402
264.5	183.417
264.6	183.432
264.7	183.448
264.8	183.463
264.9	183.479
265	183.494
265.1	183.51
265.2	183.525
265.3	183.54
265.4	183.556
265.5	183.571
265.6	183.587
265.7	183.602
265.8	183.617
265.9	183.633
266	183.648
266.1	183.663
266.2	183.679
266.3	183.694
266.4	183.71
266.5	183.725
266.6	183.74
266.7	183.756
266.8	183.771
266.9	183.786
267	183.802
267.1	183.817
267.2	183.832
267.3	183.848
267.4	183.863
267.5	183.878
267.6	183.894
267.7	183.909
267.8	183.924
267.9	183.94
268	183.955
268.1	183.97
268.2	183.986
268.3	184.001
268.4	184.016
268.5	184.032
268.6	184.047
268.7	184.062
268.8	184.077
268.9	184.093
269	184.108
269.1	184.123
269.2	184.139
269.3	184.154
269.4	184.169
269.5	184.184
269.6	184.2
269.7	184.215
269.8	184.23
269.9	184.245
270	184.261
270.1	184.276
270.2	184.291
270.3	184.306
270.4	184.322
270.5	184.337
270.6	184.352
270.7	184.367
270.8	184.383
270.9	184.398
271	184.413
271.1	184.428
271.2	184.443
271.3	184.459
271.4	184.474
271.5	184.489
271.6	184.504
271.7	184.519
271.8	184.535
271.9	184.55
272	184.565
272.1	184.58
272.2	184.595
272.3	184.61
272.4	184.626
272.5	184.641
272.6	184.656
272.7	184.671
272.8	184.686
272.9	184.701
273	184.717
273.1	184.732
273.2	184.747
273.3	184.762
273.4	184.777
273.5	184.792
273.6	184.807
273.7	184.822
273.8	184.838
273.9	184.853
274	184.868
274.1	184.883
274.2	184.898
274.3	184.913
274.4	184.928
274.5	184.943
274.6	184.958
274.7	184.973
274.8	184.989
274.9	185.004
275	185.019
275.1	185.034
275.2	185.049
275.3	185.064
275.4	185.079
275.5	185.094
275.6	185.109
275.7	185.124
275.8	185.139
275.9	185.154
276	185.169
276.1	185.184
276.2	185.199
276.3	185.214
276.4	185.229
276.5	185.245
276.6	185.26
276.7	185.275
276.8	185.29
276.9	185.305
277	185.32
277.1	185.335
277.2	185.35
277.3	185.365
277.4	185.38
277.5	185.395
277.6	185.41
277.7	185.425
277.8	185.44
277.9	185.455
278	185.47
278.1	185.485
278.2	185.5
278.3	185.515
278.4	185.529
278.5	185.544
278.6	185.559
278.7	185.574
278.8	185.589
278.9	185.604
279	185.619
279.1	185.634
279.2	185.649
279.3	185.664
279.4	185.679
279.5	185.694
279.6	185.709
279.7	185.724
279.8	185.739
279.9	185.754
280	185.769
280.1	185.783
280.2	185.798
280.3	185.813
280.4	185.828
280.5	185.843
280.6	185.858
280.7	185.873
280.8	185.888
280.9	185.903
281	185.918
281.1	185.932
281.2	185.947
281.3	185.962
281.4	185.977
281.5	185.992
281.6	186.007
281.7	186.022
281.8	186.037
281.9	186.051
282	186.066
282.1	186.081
282.2	186.096
282.3	186.111
282.4	186.126
282.5	186.14
282.6	186.155
282.7	186.17
282.8	186.185
282.9	186.2
283	186.215
283.1	186.229
283.2	186.244
283.3	186.259
283.4	186.274
283.5	186.289
283.6	186.303
283.7	186.318
283.8	186.333
283.9	186.348
284	186.363
284.1	186.377
284.2	186.392
284.3	186.407
284.4	186.422
284.5	186.437
284.6	186.451
284.7	186.466
284.8	186.481
284.9	186.496
285	186.51
285.1	186.525
285.2	186.54
285.3	186.555
285.4	186.569
285.5	186.584
285.6	186.599
285.7	186.614
285.8	186.628
285.9	186.643
286	186.658
286.1	186.673
286.2	186.687
286.3	186.702
286.4	186.717
286.5	186.731
286.6	186.746
286.7	186.761
286.8	186.776
286.9	186.79
287	186.805
287.1	186.82
287.2	186.834
287.3	186.849
287.4	186.864
287.5	186.878
287.6	186.893
287.7	186.908
287.8	186.922
287.9	186.937
288	186.952
288.1	186.966
288.2	186.981
288.3	186.996
288.4	187.01
288.5	187.025
288.6	187.04
288.7	187.054
288.8	187.069
288.9	187.084
289	187.098
289.1	187.113
289.2	187.128
289.3	187.142
289.4	187.157
289.5	187.171
289.6	187.186
289.7	187.201
289.8	187.215
289.9	187.23
290	187.244
290.1	187.259
290.2	187.274
290.3	187.288
290.4	187.303
290.5	187.317
290.6	187.332
290.7	187.347
290.8	187.361
290.9	187.376
291	187.39
291.1	187.405
291.2	187.42
291.3	187.434
291.4	187.449
291.5	187.463
291.6	187.478
291.7	187.492
291.8	187.507
291.9	187.521
292	187.536
292.1	187.551
292.2	187.565
292.3	187.58
292.4	187.594
292.5	187.609
292.6	187.623
292.7	187.638
292.8	187.652
292.9	187.667
293	187.681
293.1	187.696
293.2	187.71
293.3	187.725
293.4	187.739
293.5	187.754
293.6	187.768
293.7	187.783
293.8	187.797
293.9	187.812
294	187.826
294.1	187.841
294.2	187.855
294.3	187.87
294.4	187.884
294.5	187.899
294.6	187.913
294.7	187.928
294.8	187.942
294.9	187.957
295	187.971
295.1	187.985
295.2	188
295.3	188.014
295.4	188.029
295.5	188.043
295.6	188.058
295.7	188.072
295.8	188.087
295.9	188.101
296	188.115
296.1	188.13
296.2	188.144
296.3	188.159
296.4	188.173
296.5	188.188
296.6	188.202
296.7	188.216
296.8	188.231
296.9	188.245
297	188.26
297.1	188.274
297.2	188.288
297.3	188.303
297.4	188.317
297.5	188.332
297.6	188.346
297.7	188.36
297.8	188.375
297.9	188.389
298	188.403
298.1	188.418
298.2	188.432
298.3	188.447
298.4	188.461
298.5	188.475
298.6	188.49
298.7	188.504
298.8	188.518
298.9	188.533
299	188.547
299.1	188.561
299.2	188.576
299.3	188.59
299.4	188.604
299.5	188.619
299.6	188.633
299.7	188.647
299.8	188.662
299.9	188.676
300	188.69
