W	Pred
1.5	165.065
1.6	160.511
1.7	156.514
1.8	152.984
1.9	149.845
2	147.041
2.1	144.522
2.2	142.251
2.3	140.194
2.4	138.325
2.5	136.621
2.6	135.063
2.7	133.634
2.8	132.321
2.9	131.111
3	129.995
3.1	128.961
3.2	128.004
3.3	127.115
3.4	126.289
3.5	125.52
3.6	124.803
3.7	124.133
3.8	123.508
3.9	122.923
4	122.375
4.1	121.861
4.2	121.379
4.3	120.927
4.4	120.502
4.5	120.103
4.6	119.728
4.7	119.374
4.8	119.041
4.9	118.728
5	118.433
5.1	118.155
5.2	117.892
5.3	117.645
5.4	117.412
5.5	117.192
5.6	116.984
5.7	116.788
5.8	116.604
5.9	116.43
6	116.265
6.1	116.111
6.2	115.965
6.3	115.827
6.4	115.698
6.5	115.576
6.6	115.461
6.7	115.354
6.8	115.252
6.9	115.157
7	115.068
7.1	114.984
7.2	114.906
7.3	114.833
7.4	114.765
7.5	114.701
7.6	114.642
7.7	114.587
7.8	114.536
7.9	114.489
8	114.446
8.1	114.406
8.2	114.37
8.3	114.337
8.4	114.307
8.5	114.28
8.6	114.256
8.7	114.235
8.8	114.216
8.9	114.2
9	114.186
9.1	114.175
9.2	114.165
9.3	114.158
9.4	114.153
9.5	114.15
9.6	114.149
9.7	114.15
9.8	114.153
9.9	114.157
10	114.163
10.1	114.17
10.2	114.179
10.3	114.19
10.4	114.201
10.5	114.215
10.6	114.229
10.7	114.245
10.8	114.262
10.9	114.28
11	114.299
11.1	114.319
11.2	114.341
11.3	114.363
11.4	114.386
11.5	114.411
11.6	114.436
11.7	114.462
11.8	114.489
11.9	114.517
12	114.545
12.1	114.575
12.2	114.605
12.3	114.635
12.4	114.667
12.5	114.699
12.6	114.732
12.7	114.765
12.8	114.799
12.9	114.833
13	114.868
13.1	114.904
13.2	114.94
13.3	114.977
13.4	115.014
13.5	115.051
13.6	115.089
13.7	115.128
13.8	115.167
13.9	115.206
14	115.246
14.1	115.286
14.2	115.326
14.3	115.367
14.4	115.408
14.5	115.449
14.6	115.491
14.7	115.533
14.8	115.575
14.9	115.618
15	115.661
15.1	115.704
15.2	115.747
15.3	115.791
15.4	115.835
15.5	115.879
15.6	115.923
15.7	115.968
15.8	116.013
15.9	116.058
16	116.103
16.1	116.148
16.2	116.194
16.3	116.239
16.4	116.285
16.5	116.331
16.6	116.377
16.7	116.424
16.8	116.47
16.9	116.516
17	116.563
17.1	116.61
17.2	116.657
17.3	116.704
17.4	116.751
17.5	116.798
17.6	116.846
17.7	116.893
17.8	116.94
17.9	116.988
18	117.036
18.1	117.083
18.2	117.131
18.3	117.179
18.4	117.227
18.5	117.275
18.6	117.323
18.7	117.371
18.8	117.42
18.9	117.468
19	117.516
19.1	117.564
19.2	117.613
19.3	117.661
19.4	117.709
19.5	117.758
19.6	117.806
19.7	117.855
19.8	117.903
19.9	117.952
20	118.001
20.1	118.049
20.2	118.098
20.3	118.146
20.4	118.195
20.5	118.244
20.6	118.292
20.7	118.341
20.8	118.39
20.9	118.438
21	118.487
21.1	118.535
21.2	118.584
21.3	118.633
21.4	118.681
21.5	118.73
21.6	118.779
21.7	118.827
21.8	118.876
21.9	118.924
22	118.973
22.1	119.021
22.2	119.07
22.3	119.118
22.4	119.167
22.5	119.215
22.6	119.264
22.7	119.312
22.8	119.36
22.9	119.409
23	119.457
23.1	119.505
23.2	119.554
23.3	119.602
23.4	119.65
23.5	119.698
23.6	119.746
23.7	119.794
23.8	119.843
23.9	119.891
24	119.939
24.1	119.987
24.2	120.034
24.3	120.082
24.4	120.13
24.5	120.178
24.6	120.226
24.7	120.273
24.8	120.321
24.9	120.369
25	120.416
25.1	120.464
25.2	120.511
25.3	120.559
25.4	120.606
25.5	120.654
25.6	120.701
25.7	120.748
25.8	120.795
25.9	120.843
26	120.89
26.1	120.937
26.2	120.984
26.3	121.031
26.4	121.078
26.5	121.125
26.6	121.171
26.7	121.218
26.8	121.265
26.9	121.312
27	121.358
27.1	121.405
27.2	121.451
27.3	121.498
27.4	121.544
27.5	121.591
27.6	121.637
27.7	121.683
27.8	121.73
27.9	121.776
28	121.822
28.1	121.868
28.2	121.914
28.3	121.96
28.4	122.006
28.5	122.051
28.6	122.097
28.7	122.143
28.8	122.189
28.9	122.234
29	122.28
29.1	122.325
29.2	122.371
29.3	122.416
29.4	122.461
29.5	122.507
29.6	122.552
29.7	122.597
29.8	122.642
29.9	122.687
30	122.732
30.1	122.777
30.2	122.822
30.3	122.867
30.4	122.912
30.5	122.956
30.6	123.001
30.7	123.046
30.8	123.09
30.9	123.135
31	123.179
31.1	123.223
31.2	123.268
31.3	123.312
31.4	123.356
31.5	123.4
31.6	123.444
31.7	123.488
31.8	123.532
31.9	123.576
32	123.62
32.1	123.664
32.2	123.708
32.3	123.751
32.4	123.795
32.5	123.839
32.6	123.882
32.7	123.925
32.8	123.969
32.9	124.012
33	124.055
33.1	124.099
33.2	124.142
33.3	124.185
33.4	124.228
33.5	124.271
33.6	124.314
33.7	124.357
33.8	124.4
33.9	124.442
34	124.485
34.1	124.528
34.2	124.57
34.3	124.613
34.4	124.655
34.5	124.698
34.6	124.74
34.7	124.782
34.8	124.825
34.9	124.867
35	124.909
35.1	124.951
35.2	124.993
35.3	125.035
35.4	125.077
35.5	125.119
35.6	125.161
35.7	125.202
35.8	125.244
35.9	125.286
36	125.327
36.1	125.369
36.2	125.41
36.3	125.452
36.4	125.493
36.5	125.534
36.6	125.575
36.7	125.617
36.8	125.658
36.9	125.699
37	125.74
37.1	125.781
37.2	125.822
37.3	125.863
37.4	125.903
37.5	125.944
37.6	125.985
37.7	126.025
37.8	126.066
37.9	126.107
38	126.147
38.1	126.187
38.2	126.228
38.3	126.268
38.4	126.308
38.5	126.349
38.6	126.389
38.7	126.429
38.8	126.469
38.9	126.509
39	126.549
39.1	126.589
39.2	126.629
39.3	126.668
39.4	126.708
39.5	126.748
39.6	126.787
39.7	126.827
39.8	126.866
39.9	126.906
40	126.945
40.1	126.985
40.2	127.024
40.3	127.063
40.4	127.102
40.5	127.142
40.6	127.181
40.7	127.22
40.8	127.259
40.9	127.298
41	127.337
41.1	127.375
41.2	127.414
41.3	127.453
41.4	127.492
41.5	127.53
41.6	127.569
41.7	127.607
41.8	127.646
41.9	127.684
42	127.723
42.1	127.761
42.2	127.799
42.3	127.838
42.4	127.876
42.5	127.914
42.6	127.952
42.7	127.99
42.8	128.028
42.9	128.066
43	128.104
43.1	128.142
43.2	128.179
43.3	128.217
43.4	128.255
43.5	128.293
43.6	128.33
43.7	128.368
43.8	128.405
43.9	128.443
44	128.48
44.1	128.517
44.2	128.555
44.3	128.592
44.4	128.629
44.5	128.666
44.6	128.704
44.7	128.741
44.8	128.778
44.9	128.815
45	128.852
45.1	128.888
45.2	128.925
45.3	128.962
45.4	128.999
45.5	129.035
45.6	129.072
45.7	129.109
45.8	129.145
45.9	129.182
46	129.218
46.1	129.255
46.2	129.291
46.3	129.327
46.4	129.364
46.5	129.4
46.6	129.436
46.7	129.472
46.8	129.508
46.9	129.544
47	129.58
47.1	129.616
47.2	129.652
47.3	129.688
47.4	129.724
47.5	129.76
47.6	129.796
47.7	129.831
47.8	129.867
47.9	129.903
48	129.938
48.1	129.974
48.2	130.009
48.3	130.045
48.4	130.08
48.5	130.115
48.6	130.151
48.7	130.186
48.8	130.221
48.9	130.256
49	130.291
49.1	130.327
49.2	130.362
49.3	130.397
49.4	130.432
49.5	130.466
49.6	130.501
49.7	130.536
49.8	130.571
49.9	130.606
50	130.64
50.1	130.675
50.2	130.71
50.3	130.744
50.4	130.779
50.5	130.813
50.6	130.848
50.7	130.882
50.8	130.917
50.9	130.951
51	130.985
51.1	131.02
51.2	131.054
51.3	131.088
51.4	131.122
51.5	131.156
51.6	131.19
51.7	131.224
51.8	131.258
51.9	131.292
52	131.326
52.1	131.36
52.2	131.394
52.3	131.427
52.4	131.461
52.5	131.495
52.6	131.529
52.7	131.562
52.8	131.596
52.9	131.629
53	131.663
53.1	131.696
53.2	131.73
53.3	131.763
53.4	131.796
53.5	131.83
53.6	131.863
53.7	131.896
53.8	131.929
53.9	131.962
54	131.996
54.1	132.029
54.2	132.062
54.3	132.095
54.4	132.128
54.5	132.161
54.6	132.193
54.7	132.226
54.8	132.259
54.9	132.292
55	132.325
55.1	132.357
55.2	132.39
55.3	132.423
55.4	132.455
55.5	132.488
55.6	132.52
55.7	132.553
55.8	132.585
55.9	132.617
56	132.65
56.1	132.682
56.2	132.714
56.3	132.747
56.4	132.779
56.5	132.811
56.6	132.843
56.7	132.875
56.8	132.907
56.9	132.939
57	132.971
57.1	133.003
57.2	133.035
57.3	133.067
57.4	133.099
57.5	133.131
57.6	133.163
57.7	133.194
57.8	133.226
57.9	133.258
58	133.289
58.1	133.321
58.2	133.353
58.3	133.384
58.4	133.416
58.5	133.447
58.6	133.479
58.7	133.51
58.8	133.541
58.9	133.573
59	133.604
59.1	133.635
59.2	133.666
59.3	133.698
59.4	133.729
59.5	133.76
59.6	133.791
59.7	133.822
59.8	133.853
59.9	133.884
60	133.915
60.1	133.946
60.2	133.977
60.3	134.008
60.4	134.039
60.5	134.069
60.6	134.1
60.7	134.131
60.8	134.162
60.9	134.192
61	134.223
61.1	134.253
61.2	134.284
61.3	134.315
61.4	134.345
61.5	134.376
61.6	134.406
61.7	134.436
61.8	134.467
61.9	134.497
62	134.527
62.1	134.558
62.2	134.588
62.3	134.618
62.4	134.648
62.5	134.678
62.6	134.709
62.7	134.739
62.8	134.769
62.9	134.799
63	134.829
63.1	134.859
63.2	134.889
63.3	134.918
63.4	134.948
63.5	134.978
63.6	135.008
63.7	135.038
63.8	135.067
63.9	135.097
64	135.127
64.1	135.157
64.2	135.186
64.3	135.216
64.4	135.245
64.5	135.275
64.6	135.304
64.7	135.334
64.8	135.363
64.9	135.393
65	135.422
65.1	135.451
65.2	135.481
65.3	135.51
65.4	135.539
65.5	135.568
65.6	135.598
65.7	135.627
65.8	135.656
65.9	135.685
66	135.714
66.1	135.743
66.2	135.772
66.3	135.801
66.4	135.83
66.5	135.859
66.6	135.888
66.7	135.917
66.8	135.946
66.9	135.974
67	136.003
67.1	136.032
67.2	136.061
67.3	136.089
67.4	136.118
67.5	136.147
67.6	136.175
67.7	136.204
67.8	136.233
67.9	136.261
68	136.29
68.1	136.318
68.2	136.346
68.3	136.375
68.4	136.403
68.5	136.432
68.6	136.46
68.7	136.488
68.8	136.517
68.9	136.545
69	136.573
69.1	136.601
69.2	136.629
69.3	136.658
69.4	136.686
69.5	136.714
69.6	136.742
69.7	136.77
69.8	136.798
69.9	136.826
70	136.854
70.1	136.882
70.2	136.91
70.3	136.937
70.4	136.965
70.5	136.993
70.6	137.021
70.7	137.049
70.8	137.076
70.9	137.104
71	137.132
71.1	137.159
71.2	137.187
71.3	137.215
71.4	137.242
71.5	137.27
71.6	137.297
71.7	137.325
71.8	137.352
71.9	137.38
72	137.407
72.1	137.435
72.2	137.462
72.3	137.489
72.4	137.517
72.5	137.544
72.6	137.571
72.7	137.598
72.8	137.626
72.9	137.653
73	137.68
73.1	137.707
73.2	137.734
73.3	137.761
73.4	137.788
73.5	137.815
73.6	137.842
73.7	137.869
73.8	137.896
73.9	137.923
74	137.95
74.1	137.977
74.2	138.004
74.3	138.031
74.4	138.058
74.5	138.084
74.6	138.111
74.7	138.138
74.8	138.165
74.9	138.191
75	138.218
75.1	138.245
75.2	138.271
75.3	138.298
75.4	138.324
75.5	138.351
75.6	138.377
75.7	138.404
75.8	138.43
75.9	138.457
76	138.483
76.1	138.51
76.2	138.536
76.3	138.562
76.4	138.589
76.5	138.615
76.6	138.641
76.7	138.668
76.8	138.694
76.9	138.72
77	138.746
77.1	138.772
77.2	138.799
77.3	138.825
77.4	138.851
77.5	138.877
77.6	138.903
77.7	138.929
77.8	138.955
77.9	138.981
78	139.007
78.1	139.033
78.2	139.059
78.3	139.085
78.4	139.11
78.5	139.136
78.6	139.162
78.7	139.188
78.8	139.214
78.9	139.239
79	139.265
79.1	139.291
79.2	139.316
79.3	139.342
79.4	139.368
79.5	139.393
79.6	139.419
79.7	139.444
79.8	139.47
79.9	139.496
80	139.521
80.1	139.547
80.2	139.572
80.3	139.597
80.4	139.623
80.5	139.648
80.6	139.674
80.7	139.699
80.8	139.724
80.9	139.75
81	139.775
81.1	139.8
81.2	139.825
81.3	139.851
81.4	139.876
81.5	139.901
81.6	139.926
81.7	139.951
81.8	139.976
81.9	140.001
82	140.026
82.1	140.051
82.2	140.076
82.3	140.101
82.4	140.126
82.5	140.151
82.6	140.176
82.7	140.201
82.8	140.226
82.9	140.251
83	140.276
83.1	140.301
83.2	140.325
83.3	140.35
83.4	140.375
83.5	140.4
83.6	140.425
83.7	140.449
83.8	140.474
83.9	140.499
84	140.523
84.1	140.548
84.2	140.572
84.3	140.597
84.4	140.622
84.5	140.646
84.6	140.671
84.7	140.695
84.8	140.72
84.9	140.744
85	140.768
85.1	140.793
85.2	140.817
85.3	140.842
85.4	140.866
85.5	140.89
85.6	140.915
85.7	140.939
85.8	140.963
85.9	140.988
86	141.012
86.1	141.036
86.2	141.06
86.3	141.084
86.4	141.108
86.5	141.133
86.6	141.157
86.7	141.181
86.8	141.205
86.9	141.229
87	141.253
87.1	141.277
87.2	141.301
87.3	141.325
87.4	141.349
87.5	141.373
87.6	141.397
87.7	141.421
87.8	141.445
87.9	141.468
88	141.492
88.1	141.516
88.2	141.54
88.3	141.564
88.4	141.587
88.5	141.611
88.6	141.635
88.7	141.659
88.8	141.682
88.9	141.706
89	141.73
89.1	141.753
89.2	141.777
89.3	141.801
89.4	141.824
89.5	141.848
89.6	141.871
89.7	141.895
89.8	141.918
89.9	141.942
90	141.965
90.1	141.989
90.2	142.012
90.3	142.035
90.4	142.059
90.5	142.082
90.6	142.106
90.7	142.129
90.8	142.152
90.9	142.176
91	142.199
91.1	142.222
91.2	142.245
91.3	142.269
91.4	142.292
91.5	142.315
91.6	142.338
91.7	142.361
91.8	142.384
91.9	142.408
92	142.431
92.1	142.454
92.2	142.477
92.3	142.5
92.4	142.523
92.5	142.546
92.6	142.569
92.7	142.592
92.8	142.615
92.9	142.638
93	142.661
93.1	142.684
93.2	142.706
93.3	142.729
93.4	142.752
93.5	142.775
93.6	142.798
93.7	142.821
93.8	142.843
93.9	142.866
94	142.889
94.1	142.912
94.2	142.934
94.3	142.957
94.4	142.98
94.5	143.002
94.6	143.025
94.7	143.048
94.8	143.07
94.9	143.093
95	143.115
95.1	143.138
95.2	143.161
95.3	143.183
95.4	143.206
95.5	143.228
95.6	143.251
95.7	143.273
95.8	143.295
95.9	143.318
96	143.34
96.1	143.363
96.2	143.385
96.3	143.407
96.4	143.43
96.5	143.452
96.6	143.474
96.7	143.497
96.8	143.519
96.9	143.541
97	143.563
97.1	143.586
97.2	143.608
97.3	143.63
97.4	143.652
97.5	143.674
97.6	143.697
97.7	143.719
97.8	143.741
97.9	143.763
98	143.785
98.1	143.807
98.2	143.829
98.3	143.851
98.4	143.873
98.5	143.895
98.6	143.917
98.7	143.939
98.8	143.961
98.9	143.983
99	144.005
99.1	144.027
99.2	144.049
99.3	144.07
99.4	144.092
99.5	144.114
99.6	144.136
99.7	144.158
99.8	144.18
99.9	144.201
100	144.223
100.1	144.245
100.2	144.267
100.3	144.288
100.4	144.31
100.5	144.332
100.6	144.353
100.7	144.375
100.8	144.397
100.9	144.418
101	144.44
101.1	144.461
101.2	144.483
101.3	144.504
101.4	144.526
101.5	144.548
101.6	144.569
101.7	144.591
101.8	144.612
101.9	144.633
102	144.655
102.1	144.676
102.2	144.698
102.3	144.719
102.4	144.741
102.5	144.762
102.6	144.783
102.7	144.805
102.8	144.826
102.9	144.847
103	144.869
103.1	144.89
103.2	144.911
103.3	144.932
103.4	144.954
103.5	144.975
103.6	144.996
103.7	145.017
103.8	145.038
103.9	145.06
104	145.081
104.1	145.102
104.2	145.123
104.3	145.144
104.4	145.165
104.5	145.186
104.6	145.207
104.7	145.228
104.8	145.249
104.9	145.27
105	145.291
105.1	145.312
105.2	145.333
105.3	145.354
105.4	145.375
105.5	145.396
105.6	145.417
105.7	145.438
105.8	145.459
105.9	145.48
106	145.5
106.1	145.521
106.2	145.542
106.3	145.563
106.4	145.584
106.5	145.605
106.6	145.625
106.7	145.646
106.8	145.667
106.9	145.688
107	145.708
107.1	145.729
107.2	145.75
107.3	145.77
107.4	145.791
107.5	145.812
107.6	145.832
107.7	145.853
107.8	145.873
107.9	145.894
108	145.915
108.1	145.935
108.2	145.956
108.3	145.976
108.4	145.997
108.5	146.017
108.6	146.038
108.7	146.058
108.8	146.079
108.9	146.099
109	146.12
109.1	146.14
109.2	146.16
109.3	146.181
109.4	146.201
109.5	146.222
109.6	146.242
109.7	146.262
109.8	146.283
109.9	146.303
110	146.323
110.1	146.343
110.2	146.364
110.3	146.384
110.4	146.404
110.5	146.424
110.6	146.445
110.7	146.465
110.8	146.485
110.9	146.505
111	146.525
111.1	146.545
111.2	146.566
111.3	146.586
111.4	146.606
111.5	146.626
111.6	146.646
111.7	146.666
111.8	146.686
111.9	146.706
112	146.726
112.1	146.746
112.2	146.766
112.3	146.786
112.4	146.806
112.5	146.826
112.6	146.846
112.7	146.866
112.8	146.886
112.9	146.906
113	146.926
113.1	146.946
113.2	146.966
113.3	146.985
113.4	147.005
113.5	147.025
113.6	147.045
113.7	147.065
113.8	147.085
113.9	147.104
114	147.124
114.1	147.144
114.2	147.164
114.3	147.183
114.4	147.203
114.5	147.223
114.6	147.242
114.7	147.262
114.8	147.282
114.9	147.301
115	147.321
115.1	147.341
115.2	147.36
115.3	147.38
115.4	147.4
115.5	147.419
115.6	147.439
115.7	147.458
115.8	147.478
115.9	147.497
116	147.517
116.1	147.536
116.2	147.556
116.3	147.575
116.4	147.595
116.5	147.614
116.6	147.634
116.7	147.653
116.8	147.673
116.9	147.692
117	147.711
117.1	147.731
117.2	147.75
117.3	147.77
117.4	147.789
117.5	147.808
117.6	147.828
117.7	147.847
117.8	147.866
117.9	147.885
118	147.905
118.1	147.924
118.2	147.943
118.3	147.962
118.4	147.982
118.5	148.001
118.6	148.02
118.7	148.039
118.8	148.058
118.9	148.078
119	148.097
119.1	148.116
119.2	148.135
119.3	148.154
119.4	148.173
119.5	148.192
119.6	148.211
119.7	148.231
119.8	148.25
119.9	148.269
120	148.288
120.1	148.307
120.2	148.326
120.3	148.345
120.4	148.364
120.5	148.383
120.6	148.402
120.7	148.421
120.8	148.44
120.9	148.459
121	148.477
121.1	148.496
121.2	148.515
121.3	148.534
121.4	148.553
121.5	148.572
121.6	148.591
121.7	148.61
121.8	148.628
121.9	148.647
122	148.666
122.1	148.685
122.2	148.704
122.3	148.722
122.4	148.741
122.5	148.76
122.6	148.779
122.7	148.797
122.8	148.816
122.9	148.835
123	148.853
123.1	148.872
123.2	148.891
123.3	148.909
123.4	148.928
123.5	148.947
123.6	148.965
123.7	148.984
123.8	149.003
123.9	149.021
124	149.04
124.1	149.058
124.2	149.077
124.3	149.095
124.4	149.114
124.5	149.132
124.6	149.151
124.7	149.169
124.8	149.188
124.9	149.206
125	149.225
125.1	149.243
125.2	149.262
125.3	149.28
125.4	149.299
125.5	149.317
125.6	149.336
125.7	149.354
125.8	149.372
125.9	149.391
126	149.409
126.1	149.427
126.2	149.446
126.3	149.464
126.4	149.482
126.5	149.501
126.6	149.519
126.7	149.537
126.8	149.556
126.9	149.574
127	149.592
127.1	149.61
127.2	149.629
127.3	149.647
127.4	149.665
127.5	149.683
127.6	149.701
127.7	149.72
127.8	149.738
127.9	149.756
128	149.774
128.1	149.792
128.2	149.81
128.3	149.828
128.4	149.846
128.5	149.865
128.6	149.883
128.7	149.901
128.8	149.919
128.9	149.937
129	149.955
129.1	149.973
129.2	149.991
129.3	150.009
129.4	150.027
129.5	150.045
129.6	150.063
129.7	150.081
129.8	150.099
129.9	150.117
130	150.135
130.1	150.153
130.2	150.171
130.3	150.189
130.4	150.206
130.5	150.224
130.6	150.242
130.7	150.26
130.8	150.278
130.9	150.296
131	150.314
131.1	150.331
131.2	150.349
131.3	150.367
131.4	150.385
131.5	150.403
131.6	150.42
131.7	150.438
131.8	150.456
131.9	150.474
132	150.491
132.1	150.509
132.2	150.527
132.3	150.545
132.4	150.562
132.5	150.58
132.6	150.598
132.7	150.615
132.8	150.633
132.9	150.651
133	150.668
133.1	150.686
133.2	150.703
133.3	150.721
133.4	150.739
133.5	150.756
133.6	150.774
133.7	150.791
133.8	150.809
133.9	150.826
134	150.844
134.1	150.862
134.2	150.879
134.3	150.897
134.4	150.914
134.5	150.932
134.6	150.949
134.7	150.966
134.8	150.984
134.9	151.001
135	151.019
135.1	151.036
135.2	151.054
135.3	151.071
135.4	151.089
135.5	151.106
135.6	151.123
135.7	151.141
135.8	151.158
135.9	151.175
136	151.193
136.1	151.21
136.2	151.227
136.3	151.245
136.4	151.262
136.5	151.279
136.6	151.297
136.7	151.314
136.8	151.331
136.9	151.348
137	151.366
137.1	151.383
137.2	151.4
137.3	151.417
137.4	151.435
137.5	151.452
137.6	151.469
137.7	151.486
137.8	151.503
137.9	151.52
138	151.538
138.1	151.555
138.2	151.572
138.3	151.589
138.4	151.606
138.5	151.623
138.6	151.64
138.7	151.657
138.8	151.675
138.9	151.692
139	151.709
139.1	151.726
139.2	151.743
139.3	151.76
139.4	151.777
139.5	151.794
139.6	151.811
139.7	151.828
139.8	151.845
139.9	151.862
140	151.879
140.1	151.896
140.2	151.913
140.3	151.93
140.4	151.947
140.5	151.964
140.6	151.98
140.7	151.997
140.8	152.014
140.9	152.031
141	152.048
141.1	152.065
141.2	152.082
141.3	152.099
141.4	152.115
141.5	152.132
141.6	152.149
141.7	152.166
141.8	152.183
141.9	152.2
142	152.216
142.1	152.233
142.2	152.25
142.3	152.267
142.4	152.283
142.5	152.3
142.6	152.317
142.7	152.334
142.8	152.35
142.9	152.367
143	152.384
143.1	152.4
143.2	152.417
143.3	152.434
143.4	152.45
143.5	152.467
143.6	152.484
143.7	152.5
143.8	152.517
143.9	152.534
144	152.55
144.1	152.567
144.2	152.584
144.3	152.6
144.4	152.617
144.5	152.633
144.6	152.65
144.7	152.666
144.8	152.683
144.9	152.699
145	152.716
145.1	152.733
145.2	152.749
145.3	152.766
145.4	152.782
145.5	152.799
145.6	152.815
145.7	152.831
145.8	152.848
145.9	152.864
146	152.881
146.1	152.897
146.2	152.914
146.3	152.93
146.4	152.947
146.5	152.963
146.6	152.979
146.7	152.996
146.8	153.012
146.9	153.028
147	153.045
147.1	153.061
147.2	153.078
147.3	153.094
147.4	153.11
147.5	153.126
147.6	153.143
147.7	153.159
147.8	153.175
147.9	153.192
148	153.208
148.1	153.224
148.2	153.24
148.3	153.257
148.4	153.273
148.5	153.289
148.6	153.305
148.7	153.322
148.8	153.338
148.9	153.354
149	153.37
149.1	153.386
149.2	153.403
149.3	153.419
149.4	153.435
149.5	153.451
149.6	153.467
149.7	153.483
149.8	153.5
149.9	153.516
150	153.532
150.1	153.548
150.2	153.564
150.3	153.58
150.4	153.596
150.5	153.612
150.6	153.628
150.7	153.644
150.8	153.66
150.9	153.676
151	153.692
151.1	153.708
151.2	153.725
151.3	153.741
151.4	153.757
151.5	153.773
151.6	153.788
151.7	153.804
151.8	153.82
151.9	153.836
152	153.852
152.1	153.868
152.2	153.884
152.3	153.9
152.4	153.916
152.5	153.932
152.6	153.948
152.7	153.964
152.8	153.98
152.9	153.996
153	154.011
153.1	154.027
153.2	154.043
153.3	154.059
153.4	154.075
153.5	154.091
153.6	154.107
153.7	154.122
153.8	154.138
153.9	154.154
154	154.17
154.1	154.186
154.2	154.201
154.3	154.217
154.4	154.233
154.5	154.249
154.6	154.264
154.7	154.28
154.8	154.296
154.9	154.312
155	154.327
155.1	154.343
155.2	154.359
155.3	154.374
155.4	154.39
155.5	154.406
155.6	154.421
155.7	154.437
155.8	154.453
155.9	154.468
156	154.484
156.1	154.5
156.2	154.515
156.3	154.531
156.4	154.547
156.5	154.562
156.6	154.578
156.7	154.593
156.8	154.609
156.9	154.625
157	154.64
157.1	154.656
157.2	154.671
157.3	154.687
157.4	154.702
157.5	154.718
157.6	154.733
157.7	154.749
157.8	154.764
157.9	154.78
158	154.795
158.1	154.811
158.2	154.826
158.3	154.842
158.4	154.857
158.5	154.873
158.6	154.888
158.7	154.904
158.8	154.919
158.9	154.934
159	154.95
159.1	154.965
159.2	154.981
159.3	154.996
159.4	155.011
159.5	155.027
159.6	155.042
159.7	155.058
159.8	155.073
159.9	155.088
160	155.104
160.1	155.119
160.2	155.134
160.3	155.15
160.4	155.165
160.5	155.18
160.6	155.196
160.7	155.211
160.8	155.226
160.9	155.241
161	155.257
161.1	155.272
161.2	155.287
161.3	155.303
161.4	155.318
161.5	155.333
161.6	155.348
161.7	155.363
161.8	155.379
161.9	155.394
162	155.409
162.1	155.424
162.2	155.439
162.3	155.455
162.4	155.47
162.5	155.485
162.6	155.5
162.7	155.515
162.8	155.53
162.9	155.546
163	155.561
163.1	155.576
163.2	155.591
163.3	155.606
163.4	155.621
163.5	155.636
163.6	155.651
163.7	155.666
163.8	155.682
163.9	155.697
164	155.712
164.1	155.727
164.2	155.742
164.3	155.757
164.4	155.772
164.5	155.787
164.6	155.802
164.7	155.817
164.8	155.832
164.9	155.847
165	155.862
165.1	155.877
165.2	155.892
165.3	155.907
165.4	155.922
165.5	155.937
165.6	155.952
165.7	155.967
165.8	155.982
165.9	155.997
166	156.011
166.1	156.026
166.2	156.041
166.3	156.056
166.4	156.071
166.5	156.086
166.6	156.101
166.7	156.116
166.8	156.131
166.9	156.145
167	156.16
167.1	156.175
167.2	156.19
167.3	156.205
167.4	156.22
167.5	156.234
167.6	156.249
167.7	156.264
167.8	156.279
167.9	156.294
168	156.308
168.1	156.323
168.2	156.338
168.3	156.353
168.4	156.368
168.5	156.382
168.6	156.397
168.7	156.412
168.8	156.427
168.9	156.441
169	156.456
169.1	156.471
169.2	156.485
169.3	156.5
169.4	156.515
169.5	156.53
169.6	156.544
169.7	156.559
169.8	156.574
169.9	156.588
170	156.603
170.1	156.618
170.2	156.632
170.3	156.647
170.4	156.661
170.5	156.676
170.6	156.691
170.7	156.705
170.8	156.72
170.9	156.734
171	156.749
171.1	156.764
171.2	156.778
171.3	156.793
171.4	156.807
171.5	156.822
171.6	156.836
171.7	156.851
171.8	156.866
171.9	156.88
172	156.895
172.1	156.909
172.2	156.924
172.3	156.938
172.4	156.953
172.5	156.967
172.6	156.982
172.7	156.996
172.8	157.011
172.9	157.025
173	157.04
173.1	157.054
173.2	157.068
173.3	157.083
173.4	157.097
173.5	157.112
173.6	157.126
173.7	157.141
173.8	157.155
173.9	157.169
174	157.184
174.1	157.198
174.2	157.213
174.3	157.227
174.4	157.241
174.5	157.256
174.6	157.27
174.7	157.284
174.8	157.299
174.9	157.313
175	157.327
175.1	157.342
175.2	157.356
175.3	157.37
175.4	157.385
175.5	157.399
175.6	157.413
175.7	157.428
175.8	157.442
175.9	157.456
176	157.47
176.1	157.485
176.2	157.499
176.3	157.513
176.4	157.528
176.5	157.542
176.6	157.556
176.7	157.57
176.8	157.584
176.9	157.599
177	157.613
177.1	157.627
177.2	157.641
177.3	157.656
177.4	157.67
177.5	157.684
177.6	157.698
177.7	157.712
177.8	157.726
177.9	157.741
178	157.755
178.1	157.769
178.2	157.783
178.3	157.797
178.4	157.811
178.5	157.825
178.6	157.839
178.7	157.854
178.8	157.868
178.9	157.882
179	157.896
179.1	157.91
179.2	157.924
179.3	157.938
179.4	157.952
179.5	157.966
179.6	157.98
179.7	157.994
179.8	158.008
179.9	158.022
180	158.036
180.1	158.051
180.2	158.065
180.3	158.079
180.4	158.093
180.5	158.107
180.6	158.121
180.7	158.135
180.8	158.149
180.9	158.163
181	158.176
181.1	158.19
181.2	158.204
181.3	158.218
181.4	158.232
181.5	158.246
181.6	158.26
181.7	158.274
181.8	158.288
181.9	158.302
182	158.316
182.1	158.33
182.2	158.344
182.3	158.358
182.4	158.371
182.5	158.385
182.6	158.399
182.7	158.413
182.8	158.427
182.9	158.441
183	158.455
183.1	158.469
183.2	158.482
183.3	158.496
183.4	158.51
183.5	158.524
183.6	158.538
183.7	158.552
183.8	158.565
183.9	158.579
184	158.593
184.1	158.607
184.2	158.621
184.3	158.634
184.4	158.648
184.5	158.662
184.6	158.676
184.7	158.689
184.8	158.703
184.9	158.717
185	158.731
185.1	158.744
185.2	158.758
185.3	158.772
185.4	158.786
185.5	158.799
185.6	158.813
185.7	158.827
185.8	158.84
185.9	158.854
186	158.868
186.1	158.881
186.2	158.895
186.3	158.909
186.4	158.922
186.5	158.936
186.6	158.95
186.7	158.963
186.8	158.977
186.9	158.991
187	159.004
187.1	159.018
187.2	159.032
187.3	159.045
187.4	159.059
187.5	159.072
187.6	159.086
187.7	159.1
187.8	159.113
187.9	159.127
188	159.14
188.1	159.154
188.2	159.167
188.3	159.181
188.4	159.195
188.5	159.208
188.6	159.222
188.7	159.235
188.8	159.249
188.9	159.262
189	159.276
189.1	159.289
189.2	159.303
189.3	159.316
189.4	159.33
189.5	159.343
189.6	159.357
189.7	159.37
189.8	159.384
189.9	159.397
190	159.411
190.1	159.424
190.2	159.438
190.3	159.451
190.4	159.464
190.5	159.478
190.6	159.491
190.7	159.505
190.8	159.518
190.9	159.532
191	159.545
191.1	159.558
191.2	159.572
191.3	159.585
191.4	159.599
191.5	159.612
191.6	159.625
191.7	159.639
191.8	159.652
191.9	159.665
192	159.679
192.1	159.692
192.2	159.705
192.3	159.719
192.4	159.732
192.5	159.745
192.6	159.759
192.7	159.772
192.8	159.785
192.9	159.799
193	159.812
193.1	159.825
193.2	159.839
193.3	159.852
193.4	159.865
193.5	159.879
193.6	159.892
193.7	159.905
193.8	159.918
193.9	159.932
194	159.945
194.1	159.958
194.2	159.971
194.3	159.985
194.4	159.998
194.5	160.011
194.6	160.024
194.7	160.037
194.8	160.051
194.9	160.064
195	160.077
195.1	160.09
195.2	160.103
195.3	160.117
195.4	160.13
195.5	160.143
195.6	160.156
195.7	160.169
195.8	160.182
195.9	160.196
196	160.209
196.1	160.222
196.2	160.235
196.3	160.248
196.4	160.261
196.5	160.274
196.6	160.288
196.7	160.301
196.8	160.314
196.9	160.327
197	160.34
197.1	160.353
197.2	160.366
197.3	160.379
197.4	160.392
197.5	160.405
197.6	160.418
197.7	160.432
197.8	160.445
197.9	160.458
198	160.471
198.1	160.484
198.2	160.497
198.3	160.51
198.4	160.523
198.5	160.536
198.6	160.549
198.7	160.562
198.8	160.575
198.9	160.588
199	160.601
199.1	160.614
199.2	160.627
199.3	160.64
199.4	160.653
199.5	160.666
199.6	160.679
199.7	160.692
199.8	160.705
199.9	160.718
200	160.731
200.1	160.743
200.2	160.756
200.3	160.769
200.4	160.782
200.5	160.795
200.6	160.808
200.7	160.821
200.8	160.834
200.9	160.847
201	160.86
201.1	160.873
201.2	160.886
201.3	160.898
201.4	160.911
201.5	160.924
201.6	160.937
201.7	160.95
201.8	160.963
201.9	160.976
202	160.988
202.1	161.001
202.2	161.014
202.3	161.027
202.4	161.04
202.5	161.053
202.6	161.065
202.7	161.078
202.8	161.091
202.9	161.104
203	161.117
203.1	161.129
203.2	161.142
203.3	161.155
203.4	161.168
203.5	161.181
203.6	161.193
203.7	161.206
203.8	161.219
203.9	161.232
204	161.244
204.1	161.257
204.2	161.27
204.3	161.283
204.4	161.295
204.5	161.308
204.6	161.321
204.7	161.334
204.8	161.346
204.9	161.359
205	161.372
205.1	161.384
205.2	161.397
205.3	161.41
205.4	161.422
205.5	161.435
205.6	161.448
205.7	161.46
205.8	161.473
205.9	161.486
206	161.498
206.1	161.511
206.2	161.524
206.3	161.536
206.4	161.549
206.5	161.562
206.6	161.574
206.7	161.587
206.8	161.599
206.9	161.612
207	161.625
207.1	161.637
207.2	161.65
207.3	161.663
207.4	161.675
207.5	161.688
207.6	161.7
207.7	161.713
207.8	161.725
207.9	161.738
208	161.751
208.1	161.763
208.2	161.776
208.3	161.788
208.4	161.801
208.5	161.813
208.6	161.826
208.7	161.838
208.8	161.851
208.9	161.863
209	161.876
209.1	161.888
209.2	161.901
209.3	161.913
209.4	161.926
209.5	161.938
209.6	161.951
209.7	161.963
209.8	161.976
209.9	161.988
210	162.001
210.1	162.013
210.2	162.026
210.3	162.038
210.4	162.051
210.5	162.063
210.6	162.076
210.7	162.088
210.8	162.1
210.9	162.113
211	162.125
211.1	162.138
211.2	162.15
211.3	162.163
211.4	162.175
211.5	162.187
211.6	162.2
211.7	162.212
211.8	162.225
211.9	162.237
212	162.249
212.1	162.262
212.2	162.274
212.3	162.286
212.4	162.299
212.5	162.311
212.6	162.324
212.7	162.336
212.8	162.348
212.9	162.361
213	162.373
213.1	162.385
213.2	162.398
213.3	162.41
213.4	162.422
213.5	162.434
213.6	162.447
213.7	162.459
213.8	162.471
213.9	162.484
214	162.496
214.1	162.508
214.2	162.521
214.3	162.533
214.4	162.545
214.5	162.557
214.6	162.57
214.7	162.582
214.8	162.594
214.9	162.606
215	162.619
215.1	162.631
215.2	162.643
215.3	162.655
215.4	162.668
215.5	162.68
215.6	162.692
215.7	162.704
215.8	162.716
215.9	162.729
216	162.741
216.1	162.753
216.2	162.765
216.3	162.777
216.4	162.79
216.5	162.802
216.6	162.814
216.7	162.826
216.8	162.838
216.9	162.851
217	162.863
217.1	162.875
217.2	162.887
217.3	162.899
217.4	162.911
217.5	162.923
217.6	162.936
217.7	162.948
217.8	162.96
217.9	162.972
218	162.984
218.1	162.996
218.2	163.008
218.3	163.02
218.4	163.032
218.5	163.045
218.6	163.057
218.7	163.069
218.8	163.081
218.9	163.093
219	163.105
219.1	163.117
219.2	163.129
219.3	163.141
219.4	163.153
219.5	163.165
219.6	163.177
219.7	163.189
219.8	163.201
219.9	163.214
220	163.226
220.1	163.238
220.2	163.25
220.3	163.262
220.4	163.274
220.5	163.286
220.6	163.298
220.7	163.31
220.8	163.322
220.9	163.334
221	163.346
221.1	163.358
221.2	163.37
221.3	163.382
221.4	163.394
221.5	163.406
221.6	163.417
221.7	163.429
221.8	163.441
221.9	163.453
222	163.465
222.1	163.477
222.2	163.489
222.3	163.501
222.4	163.513
222.5	163.525
222.6	163.537
222.7	163.549
222.8	163.561
222.9	163.573
223	163.585
223.1	163.596
223.2	163.608
223.3	163.62
223.4	163.632
223.5	163.644
223.6	163.656
223.7	163.668
223.8	163.68
223.9	163.692
224	163.703
224.1	163.715
224.2	163.727
224.3	163.739
224.4	163.751
224.5	163.763
224.6	163.775
224.7	163.786
224.8	163.798
224.9	163.81
225	163.822
225.1	163.834
225.2	163.846
225.3	163.857
225.4	163.869
225.5	163.881
225.6	163.893
225.7	163.905
225.8	163.916
225.9	163.928
226	163.94
226.1	163.952
226.2	163.964
226.3	163.975
226.4	163.987
226.5	163.999
226.6	164.011
226.7	164.022
226.8	164.034
226.9	164.046
227	164.058
227.1	164.069
227.2	164.081
227.3	164.093
227.4	164.105
227.5	164.116
227.6	164.128
227.7	164.14
227.8	164.151
227.9	164.163
228	164.175
228.1	164.187
228.2	164.198
228.3	164.21
228.4	164.222
228.5	164.233
228.6	164.245
228.7	164.257
228.8	164.268
228.9	164.28
229	164.292
229.1	164.303
229.2	164.315
229.3	164.327
229.4	164.338
229.5	164.35
229.6	164.362
229.7	164.373
229.8	164.385
229.9	164.397
230	164.408
230.1	164.42
230.2	164.431
230.3	164.443
230.4	164.455
230.5	164.466
230.6	164.478
230.7	164.489
230.8	164.501
230.9	164.513
231	164.524
231.1	164.536
231.2	164.547
231.3	164.559
231.4	164.571
231.5	164.582
231.6	164.594
231.7	164.605
231.8	164.617
231.9	164.628
232	164.64
232.1	164.651
232.2	164.663
232.3	164.675
232.4	164.686
232.5	164.698
232.6	164.709
232.7	164.721
232.8	164.732
232.9	164.744
233	164.755
233.1	164.767
233.2	164.778
233.3	164.79
233.4	164.801
233.5	164.813
233.6	164.824
233.7	164.836
233.8	164.847
233.9	164.859
234	164.87
234.1	164.882
234.2	164.893
234.3	164.905
234.4	164.916
234.5	164.927
234.6	164.939
234.7	164.95
234.8	164.962
234.9	164.973
235	164.985
235.1	164.996
235.2	165.008
235.3	165.019
235.4	165.03
235.5	165.042
235.6	165.053
235.7	165.065
235.8	165.076
235.9	165.087
236	165.099
236.1	165.11
236.2	165.122
236.3	165.133
236.4	165.144
236.5	165.156
236.6	165.167
236.7	165.179
236.8	165.19
236.9	165.201
237	165.213
237.1	165.224
237.2	165.235
237.3	165.247
237.4	165.258
237.5	165.269
237.6	165.281
237.7	165.292
237.8	165.303
237.9	165.315
238	165.326
238.1	165.337
238.2	165.349
238.3	165.36
238.4	165.371
238.5	165.383
238.6	165.394
238.7	165.405
238.8	165.417
238.9	165.428
239	165.439
239.1	165.45
239.2	165.462
239.3	165.473
239.4	165.484
239.5	165.495
239.6	165.507
239.7	165.518
239.8	165.529
239.9	165.541
240	165.552
240.1	165.563
240.2	165.574
240.3	165.586
240.4	165.597
240.5	165.608
240.6	165.619
240.7	165.63
240.8	165.642
240.9	165.653
241	165.664
241.1	165.675
241.2	165.687
241.3	165.698
241.4	165.709
241.5	165.72
241.6	165.731
241.7	165.743
241.8	165.754
241.9	165.765
242	165.776
242.1	165.787
242.2	165.798
242.3	165.81
242.4	165.821
242.5	165.832
242.6	165.843
242.7	165.854
242.8	165.865
242.9	165.877
243	165.888
243.1	165.899
243.2	165.91
243.3	165.921
243.4	165.932
243.5	165.943
243.6	165.955
243.7	165.966
243.8	165.977
243.9	165.988
244	165.999
244.1	166.01
244.2	166.021
244.3	166.032
244.4	166.043
244.5	166.054
244.6	166.066
244.7	166.077
244.8	166.088
244.9	166.099
245	166.11
245.1	166.121
245.2	166.132
245.3	166.143
245.4	166.154
245.5	166.165
245.6	166.176
245.7	166.187
245.8	166.198
245.9	166.209
246	166.22
246.1	166.232
246.2	166.243
246.3	166.254
246.4	166.265
246.5	166.276
246.6	166.287
246.7	166.298
246.8	166.309
246.9	166.32
247	166.331
247.1	166.342
247.2	166.353
247.3	166.364
247.4	166.375
247.5	166.386
247.6	166.397
247.7	166.408
247.8	166.419
247.9	166.43
248	166.441
248.1	166.452
248.2	166.462
248.3	166.473
248.4	166.484
248.5	166.495
248.6	166.506
248.7	166.517
248.8	166.528
248.9	166.539
249	166.55
249.1	166.561
249.2	166.572
249.3	166.583
249.4	166.594
249.5	166.605
249.6	166.616
249.7	166.627
249.8	166.637
249.9	166.648
250	166.659
250.1	166.67
250.2	166.681
250.3	166.692
250.4	166.703
250.5	166.714
250.6	166.725
250.7	166.736
250.8	166.746
250.9	166.757
251	166.768
251.1	166.779
251.2	166.79
251.3	166.801
251.4	166.812
251.5	166.822
251.6	166.833
251.7	166.844
251.8	166.855
251.9	166.866
252	166.877
252.1	166.888
252.2	166.898
252.3	166.909
252.4	166.92
252.5	166.931
252.6	166.942
252.7	166.952
252.8	166.963
252.9	166.974
253	166.985
253.1	166.996
253.2	167.006
253.3	167.017
253.4	167.028
253.5	167.039
253.6	167.05
253.7	167.06
253.8	167.071
253.9	167.082
254	167.093
254.1	167.103
254.2	167.114
254.3	167.125
254.4	167.136
254.5	167.147
254.6	167.157
254.7	167.168
254.8	167.179
254.9	167.19
255	167.2
255.1	167.211
255.2	167.222
255.3	167.232
255.4	167.243
255.5	167.254
255.6	167.265
255.7	167.275
255.8	167.286
255.9	167.297
256	167.307
256.1	167.318
256.2	167.329
256.3	167.34
256.4	167.35
256.5	167.361
256.6	167.372
256.7	167.382
256.8	167.393
256.9	167.404
257	167.414
257.1	167.425
257.2	167.436
257.3	167.446
257.4	167.457
257.5	167.468
257.6	167.478
257.7	167.489
257.8	167.5
257.9	167.51
258	167.521
258.1	167.532
258.2	167.542
258.3	167.553
258.4	167.563
258.5	167.574
258.6	167.585
258.7	167.595
258.8	167.606
258.9	167.617
259	167.627
259.1	167.638
259.2	167.648
259.3	167.659
259.4	167.67
259.5	167.68
259.6	167.691
259.7	167.701
259.8	167.712
259.9	167.723
260	167.733
260.1	167.744
260.2	167.754
260.3	167.765
260.4	167.775
260.5	167.786
260.6	167.797
260.7	167.807
260.8	167.818
260.9	167.828
261	167.839
261.1	167.849
261.2	167.86
261.3	167.87
261.4	167.881
261.5	167.891
261.6	167.902
261.7	167.912
261.8	167.923
261.9	167.934
262	167.944
262.1	167.955
262.2	167.965
262.3	167.976
262.4	167.986
262.5	167.997
262.6	168.007
262.7	168.018
262.8	168.028
262.9	168.039
263	168.049
263.1	168.06
263.2	168.07
263.3	168.08
263.4	168.091
263.5	168.101
263.6	168.112
263.7	168.122
263.8	168.133
263.9	168.143
264	168.154
264.1	168.164
264.2	168.175
264.3	168.185
264.4	168.195
264.5	168.206
264.6	168.216
264.7	168.227
264.8	168.237
264.9	168.248
265	168.258
265.1	168.269
265.2	168.279
265.3	168.289
265.4	168.3
265.5	168.31
265.6	168.321
265.7	168.331
265.8	168.341
265.9	168.352
266	168.362
266.1	168.373
266.2	168.383
266.3	168.393
266.4	168.404
266.5	168.414
266.6	168.424
266.7	168.435
266.8	168.445
266.9	168.456
267	168.466
267.1	168.476
267.2	168.487
267.3	168.497
267.4	168.507
267.5	168.518
267.6	168.528
267.7	168.538
267.8	168.549
267.9	168.559
268	168.569
268.1	168.58
268.2	168.59
268.3	168.6
268.4	168.611
268.5	168.621
268.6	168.631
268.7	168.642
268.8	168.652
268.9	168.662
269	168.673
269.1	168.683
269.2	168.693
269.3	168.703
269.4	168.714
269.5	168.724
269.6	168.734
269.7	168.745
269.8	168.755
269.9	168.765
270	168.775
270.1	168.786
270.2	168.796
270.3	168.806
270.4	168.817
270.5	168.827
270.6	168.837
270.7	168.847
270.8	168.858
270.9	168.868
271	168.878
271.1	168.888
271.2	168.899
271.3	168.909
271.4	168.919
271.5	168.929
271.6	168.939
271.7	168.95
271.8	168.96
271.9	168.97
272	168.98
272.1	168.991
272.2	169.001
272.3	169.011
272.4	169.021
272.5	169.031
272.6	169.042
272.7	169.052
272.8	169.062
272.9	169.072
273	169.082
273.1	169.093
273.2	169.103
273.3	169.113
273.4	169.123
273.5	169.133
273.6	169.143
273.7	169.154
273.8	169.164
273.9	169.174
274	169.184
274.1	169.194
274.2	169.204
274.3	169.215
274.4	169.225
274.5	169.235
274.6	169.245
274.7	169.255
274.8	169.265
274.9	169.275
275	169.285
275.1	169.296
275.2	169.306
275.3	169.316
275.4	169.326
275.5	169.336
275.6	169.346
275.7	169.356
275.8	169.366
275.9	169.377
276	169.387
276.1	169.397
276.2	169.407
276.3	169.417
276.4	169.427
276.5	169.437
276.6	169.447
276.7	169.457
276.8	169.467
276.9	169.477
277	169.488
277.1	169.498
277.2	169.508
277.3	169.518
277.4	169.528
277.5	169.538
277.6	169.548
277.7	169.558
277.8	169.568
277.9	169.578
278	169.588
278.1	169.598
278.2	169.608
278.3	169.618
278.4	169.628
278.5	169.638
278.6	169.648
278.7	169.658
278.8	169.668
278.9	169.678
279	169.688
279.1	169.698
279.2	169.708
279.3	169.718
279.4	169.728
279.5	169.738
279.6	169.748
279.7	169.758
279.8	169.768
279.9	169.778
280	169.788
280.1	169.798
280.2	169.808
280.3	169.818
280.4	169.828
280.5	169.838
280.6	169.848
280.7	169.858
280.8	169.868
280.9	169.878
281	169.888
281.1	169.898
281.2	169.908
281.3	169.918
281.4	169.928
281.5	169.938
281.6	169.948
281.7	169.958
281.8	169.968
281.9	169.978
282	169.988
282.1	169.998
282.2	170.007
282.3	170.017
282.4	170.027
282.5	170.037
282.6	170.047
282.7	170.057
282.8	170.067
282.9	170.077
283	170.087
283.1	170.097
283.2	170.107
283.3	170.117
283.4	170.126
283.5	170.136
283.6	170.146
283.7	170.156
283.8	170.166
283.9	170.176
284	170.186
284.1	170.196
284.2	170.206
284.3	170.215
284.4	170.225
284.5	170.235
284.6	170.245
284.7	170.255
284.8	170.265
284.9	170.275
285	170.284
285.1	170.294
285.2	170.304
285.3	170.314
285.4	170.324
285.5	170.334
285.6	170.343
285.7	170.353
285.8	170.363
285.9	170.373
286	170.383
286.1	170.393
286.2	170.402
286.3	170.412
286.4	170.422
286.5	170.432
286.6	170.442
286.7	170.452
286.8	170.461
286.9	170.471
287	170.481
287.1	170.491
287.2	170.501
287.3	170.51
287.4	170.52
287.5	170.53
287.6	170.54
287.7	170.549
287.8	170.559
287.9	170.569
288	170.579
288.1	170.589
288.2	170.598
288.3	170.608
288.4	170.618
288.5	170.628
288.6	170.637
288.7	170.647
288.8	170.657
288.9	170.667
289	170.676
289.1	170.686
289.2	170.696
289.3	170.706
289.4	170.715
289.5	170.725
289.6	170.735
289.7	170.745
289.8	170.754
289.9	170.764
290	170.774
290.1	170.783
290.2	170.793
290.3	170.803
290.4	170.813
290.5	170.822
290.6	170.832
290.7	170.842
290.8	170.851
290.9	170.861
291	170.871
291.1	170.88
291.2	170.89
291.3	170.9
291.4	170.91
291.5	170.919
291.6	170.929
291.7	170.939
291.8	170.948
291.9	170.958
292	170.968
292.1	170.977
292.2	170.987
292.3	170.997
292.4	171.006
292.5	171.016
292.6	171.026
292.7	171.035
292.8	171.045
292.9	171.055
293	171.064
293.1	171.074
293.2	171.083
293.3	171.093
293.4	171.103
293.5	171.112
293.6	171.122
293.7	171.132
293.8	171.141
293.9	171.151
294	171.16
294.1	171.17
294.2	171.18
294.3	171.189
294.4	171.199
294.5	171.209
294.6	171.218
294.7	171.228
294.8	171.237
294.9	171.247
295	171.257
295.1	171.266
295.2	171.276
295.3	171.285
295.4	171.295
295.5	171.304
295.6	171.314
295.7	171.324
295.8	171.333
295.9	171.343
296	171.352
296.1	171.362
296.2	171.371
296.3	171.381
296.4	171.391
296.5	171.4
296.6	171.41
296.7	171.419
296.8	171.429
296.9	171.438
297	171.448
297.1	171.457
297.2	171.467
297.3	171.477
297.4	171.486
297.5	171.496
297.6	171.505
297.7	171.515
297.8	171.524
297.9	171.534
298	171.543
298.1	171.553
298.2	171.562
298.3	171.572
298.4	171.581
298.5	171.591
298.6	171.6
298.7	171.61
298.8	171.619
298.9	171.629
299	171.638
299.1	171.648
299.2	171.657
299.3	171.667
299.4	171.676
299.5	171.686
299.6	171.695
299.7	171.705
299.8	171.714
299.9	171.724
300	171.733
