W	Pred
1.5	165.037
1.6	160.485
1.7	156.491
1.8	152.963
1.9	149.827
2	147.024
2.1	144.507
2.2	142.237
2.3	140.181
2.4	138.313
2.5	136.61
2.6	135.053
2.7	133.625
2.8	132.313
2.9	131.104
3	129.987
3.1	128.955
3.2	127.998
3.3	127.11
3.4	126.284
3.5	125.515
3.6	124.798
3.7	124.129
3.8	123.504
3.9	122.919
4	122.371
4.1	121.858
4.2	121.376
4.3	120.924
4.4	120.5
4.5	120.101
4.6	119.725
4.7	119.372
4.8	119.04
4.9	118.726
5	118.431
5.1	118.153
5.2	117.891
5.3	117.644
5.4	117.41
5.5	117.191
5.6	116.983
5.7	116.787
5.8	116.603
5.9	116.429
6	116.265
6.1	116.11
6.2	115.964
6.3	115.827
6.4	115.697
6.5	115.576
6.6	115.461
6.7	115.353
6.8	115.252
6.9	115.157
7	115.068
7.1	114.984
7.2	114.906
7.3	114.833
7.4	114.765
7.5	114.701
7.6	114.642
7.7	114.587
7.8	114.536
7.9	114.489
8	114.446
8.1	114.406
8.2	114.37
8.3	114.337
8.4	114.307
8.5	114.28
8.6	114.256
8.7	114.235
8.8	114.216
8.9	114.2
9	114.186
9.1	114.175
9.2	114.166
9.3	114.158
9.4	114.153
9.5	114.151
9.6	114.149
9.7	114.15
9.8	114.153
9.9	114.157
10	114.163
10.1	114.17
10.2	114.179
10.3	114.19
10.4	114.201
10.5	114.215
10.6	114.229
10.7	114.245
10.8	114.262
10.9	114.28
11	114.299
11.1	114.319
11.2	114.341
11.3	114.363
11.4	114.386
11.5	114.411
11.6	114.436
11.7	114.462
11.8	114.489
11.9	114.517
12	114.545
12.1	114.575
12.2	114.605
12.3	114.635
12.4	114.667
12.5	114.699
12.6	114.731
12.7	114.765
12.8	114.799
12.9	114.833
13	114.868
13.1	114.904
13.2	114.94
13.3	114.977
13.4	115.014
13.5	115.051
13.6	115.089
13.7	115.128
13.8	115.166
13.9	115.206
14	115.245
14.1	115.285
14.2	115.326
14.3	115.366
14.4	115.408
14.5	115.449
14.6	115.491
14.7	115.533
14.8	115.575
14.9	115.618
15	115.66
15.1	115.704
15.2	115.747
15.3	115.791
15.4	115.835
15.5	115.879
15.6	115.923
15.7	115.968
15.8	116.012
15.9	116.057
16	116.102
16.1	116.148
16.2	116.193
16.3	116.239
16.4	116.285
16.5	116.331
16.6	116.377
16.7	116.423
16.8	116.469
16.9	116.516
17	116.563
17.1	116.609
17.2	116.656
17.3	116.703
17.4	116.75
17.5	116.798
17.6	116.845
17.7	116.892
17.8	116.94
17.9	116.987
18	117.035
18.1	117.083
18.2	117.131
18.3	117.178
18.4	117.226
18.5	117.274
18.6	117.322
18.7	117.371
18.8	117.419
18.9	117.467
19	117.515
19.1	117.563
19.2	117.612
19.3	117.66
19.4	117.709
19.5	117.757
19.6	117.806
19.7	117.854
19.8	117.903
19.9	117.951
20	118
20.1	118.048
20.2	118.097
20.3	118.145
20.4	118.194
20.5	118.243
20.6	118.291
20.7	118.34
20.8	118.389
20.9	118.437
21	118.486
21.1	118.534
21.2	118.583
21.3	118.632
21.4	118.68
21.5	118.729
21.6	118.777
21.7	118.826
21.8	118.875
21.9	118.923
22	118.972
22.1	119.02
22.2	119.069
22.3	119.117
22.4	119.166
22.5	119.214
22.6	119.262
22.7	119.311
22.8	119.359
22.9	119.408
23	119.456
23.1	119.504
23.2	119.552
23.3	119.601
23.4	119.649
23.5	119.697
23.6	119.745
23.7	119.793
23.8	119.841
23.9	119.889
24	119.937
24.1	119.985
24.2	120.033
24.3	120.081
24.4	120.129
24.5	120.177
24.6	120.224
24.7	120.272
24.8	120.32
24.9	120.367
25	120.415
25.1	120.462
25.2	120.51
25.3	120.557
25.4	120.605
25.5	120.652
25.6	120.699
25.7	120.747
25.8	120.794
25.9	120.841
26	120.888
26.1	120.935
26.2	120.982
26.3	121.029
26.4	121.076
26.5	121.123
26.6	121.17
26.7	121.217
26.8	121.263
26.9	121.31
27	121.357
27.1	121.403
27.2	121.45
27.3	121.496
27.4	121.543
27.5	121.589
27.6	121.635
27.7	121.682
27.8	121.728
27.9	121.774
28	121.82
28.1	121.866
28.2	121.912
28.3	121.958
28.4	122.004
28.5	122.05
28.6	122.096
28.7	122.141
28.8	122.187
28.9	122.232
29	122.278
29.1	122.324
29.2	122.369
29.3	122.414
29.4	122.46
29.5	122.505
29.6	122.55
29.7	122.595
29.8	122.64
29.9	122.685
30	122.73
30.1	122.775
30.2	122.82
30.3	122.865
30.4	122.91
30.5	122.954
30.6	122.999
30.7	123.044
30.8	123.088
30.9	123.133
31	123.177
31.1	123.222
31.2	123.266
31.3	123.31
31.4	123.354
31.5	123.398
31.6	123.442
31.7	123.486
31.8	123.53
31.9	123.574
32	123.618
32.1	123.662
32.2	123.706
32.3	123.749
32.4	123.793
32.5	123.836
32.6	123.88
32.7	123.923
32.8	123.967
32.9	124.01
33	124.053
33.1	124.097
33.2	124.14
33.3	124.183
33.4	124.226
33.5	124.269
33.6	124.312
33.7	124.355
33.8	124.397
33.9	124.44
34	124.483
34.1	124.526
34.2	124.568
34.3	124.611
34.4	124.653
34.5	124.696
34.6	124.738
34.7	124.78
34.8	124.822
34.9	124.865
35	124.907
35.1	124.949
35.2	124.991
35.3	125.033
35.4	125.075
35.5	125.117
35.6	125.158
35.7	125.2
35.8	125.242
35.9	125.283
36	125.325
36.1	125.366
36.2	125.408
36.3	125.449
36.4	125.491
36.5	125.532
36.6	125.573
36.7	125.614
36.8	125.655
36.9	125.697
37	125.738
37.1	125.778
37.2	125.819
37.3	125.86
37.4	125.901
37.5	125.942
37.6	125.982
37.7	126.023
37.8	126.064
37.9	126.104
38	126.145
38.1	126.185
38.2	126.225
38.3	126.266
38.4	126.306
38.5	126.346
38.6	126.386
38.7	126.426
38.8	126.466
38.9	126.506
39	126.546
39.1	126.586
39.2	126.626
39.3	126.666
39.4	126.706
39.5	126.745
39.6	126.785
39.7	126.824
39.8	126.864
39.9	126.903
40	126.943
40.1	126.982
40.2	127.021
40.3	127.061
40.4	127.1
40.5	127.139
40.6	127.178
40.7	127.217
40.8	127.256
40.9	127.295
41	127.334
41.1	127.373
41.2	127.412
41.3	127.45
41.4	127.489
41.5	127.528
41.6	127.566
41.7	127.605
41.8	127.643
41.9	127.682
42	127.72
42.1	127.758
42.2	127.797
42.3	127.835
42.4	127.873
42.5	127.911
42.6	127.949
42.7	127.987
42.8	128.025
42.9	128.063
43	128.101
43.1	128.139
43.2	128.177
43.3	128.215
43.4	128.252
43.5	128.29
43.6	128.327
43.7	128.365
43.8	128.403
43.9	128.44
44	128.477
44.1	128.515
44.2	128.552
44.3	128.589
44.4	128.626
44.5	128.664
44.6	128.701
44.7	128.738
44.8	128.775
44.9	128.812
45	128.849
45.1	128.886
45.2	128.922
45.3	128.959
45.4	128.996
45.5	129.033
45.6	129.069
45.7	129.106
45.8	129.143
45.9	129.179
46	129.215
46.1	129.252
46.2	129.288
46.3	129.325
46.4	129.361
46.5	129.397
46.6	129.433
46.7	129.469
46.8	129.506
46.9	129.542
47	129.578
47.1	129.614
47.2	129.649
47.3	129.685
47.4	129.721
47.5	129.757
47.6	129.793
47.7	129.828
47.8	129.864
47.9	129.9
48	129.935
48.1	129.971
48.2	130.006
48.3	130.042
48.4	130.077
48.5	130.112
48.6	130.148
48.7	130.183
48.8	130.218
48.9	130.253
49	130.288
49.1	130.324
49.2	130.359
49.3	130.394
49.4	130.429
49.5	130.464
49.6	130.498
49.7	130.533
49.8	130.568
49.9	130.603
50	130.637
50.1	130.672
50.2	130.707
50.3	130.741
50.4	130.776
50.5	130.81
50.6	130.845
50.7	130.879
50.8	130.914
50.9	130.948
51	130.982
51.1	131.017
51.2	131.051
51.3	131.085
51.4	131.119
51.5	131.153
51.6	131.187
51.7	131.221
51.8	131.255
51.9	131.289
52	131.323
52.1	131.357
52.2	131.391
52.3	131.424
52.4	131.458
52.5	131.492
52.6	131.525
52.7	131.559
52.8	131.593
52.9	131.626
53	131.66
53.1	131.693
53.2	131.726
53.3	131.76
53.4	131.793
53.5	131.827
53.6	131.86
53.7	131.893
53.8	131.926
53.9	131.959
54	131.992
54.1	132.025
54.2	132.059
54.3	132.091
54.4	132.124
54.5	132.157
54.6	132.19
54.7	132.223
54.8	132.256
54.9	132.289
55	132.321
55.1	132.354
55.2	132.387
55.3	132.419
55.4	132.452
55.5	132.484
55.6	132.517
55.7	132.549
55.8	132.582
55.9	132.614
56	132.647
56.1	132.679
56.2	132.711
56.3	132.743
56.4	132.776
56.5	132.808
56.6	132.84
56.7	132.872
56.8	132.904
56.9	132.936
57	132.968
57.1	133
57.2	133.032
57.3	133.064
57.4	133.096
57.5	133.128
57.6	133.159
57.7	133.191
57.8	133.223
57.9	133.255
58	133.286
58.1	133.318
58.2	133.349
58.3	133.381
58.4	133.412
58.5	133.444
58.6	133.475
58.7	133.507
58.8	133.538
58.9	133.569
59	133.601
59.1	133.632
59.2	133.663
59.3	133.694
59.4	133.725
59.5	133.757
59.6	133.788
59.7	133.819
59.8	133.85
59.9	133.881
60	133.912
60.1	133.943
60.2	133.974
60.3	134.004
60.4	134.035
60.5	134.066
60.6	134.097
60.7	134.128
60.8	134.158
60.9	134.189
61	134.219
61.1	134.25
61.2	134.281
61.3	134.311
61.4	134.342
61.5	134.372
61.6	134.403
61.7	134.433
61.8	134.463
61.9	134.494
62	134.524
62.1	134.554
62.2	134.584
62.3	134.615
62.4	134.645
62.5	134.675
62.6	134.705
62.7	134.735
62.8	134.765
62.9	134.795
63	134.825
63.1	134.855
63.2	134.885
63.3	134.915
63.4	134.945
63.5	134.975
63.6	135.005
63.7	135.034
63.8	135.064
63.9	135.094
64	135.123
64.1	135.153
64.2	135.183
64.3	135.212
64.4	135.242
64.5	135.271
64.6	135.301
64.7	135.33
64.8	135.36
64.9	135.389
65	135.418
65.1	135.448
65.2	135.477
65.3	135.506
65.4	135.536
65.5	135.565
65.6	135.594
65.7	135.623
65.8	135.652
65.9	135.681
66	135.711
66.1	135.74
66.2	135.769
66.3	135.798
66.4	135.827
66.5	135.856
66.6	135.884
66.7	135.913
66.8	135.942
66.9	135.971
67	136
67.1	136.028
67.2	136.057
67.3	136.086
67.4	136.115
67.5	136.143
67.6	136.172
67.7	136.2
67.8	136.229
67.9	136.258
68	136.286
68.1	136.314
68.2	136.343
68.3	136.371
68.4	136.4
68.5	136.428
68.6	136.456
68.7	136.485
68.8	136.513
68.9	136.541
69	136.569
69.1	136.598
69.2	136.626
69.3	136.654
69.4	136.682
69.5	136.71
69.6	136.738
69.7	136.766
69.8	136.794
69.9	136.822
70	136.85
70.1	136.878
70.2	136.906
70.3	136.934
70.4	136.962
70.5	136.99
70.6	137.017
70.7	137.045
70.8	137.073
70.9	137.101
71	137.128
71.1	137.156
71.2	137.183
71.3	137.211
71.4	137.239
71.5	137.266
71.6	137.294
71.7	137.321
71.8	137.349
71.9	137.376
72	137.404
72.1	137.431
72.2	137.458
72.3	137.486
72.4	137.513
72.5	137.54
72.6	137.568
72.7	137.595
72.8	137.622
72.9	137.649
73	137.676
73.1	137.703
73.2	137.731
73.3	137.758
73.4	137.785
73.5	137.812
73.6	137.839
73.7	137.866
73.8	137.893
73.9	137.92
74	137.947
74.1	137.973
74.2	138
74.3	138.027
74.4	138.054
74.5	138.081
74.6	138.107
74.7	138.134
74.8	138.161
74.9	138.188
75	138.214
75.1	138.241
75.2	138.268
75.3	138.294
75.4	138.321
75.5	138.347
75.6	138.374
75.7	138.4
75.8	138.427
75.9	138.453
76	138.48
76.1	138.506
76.2	138.532
76.3	138.559
76.4	138.585
76.5	138.611
76.6	138.638
76.7	138.664
76.8	138.69
76.9	138.716
77	138.742
77.1	138.769
77.2	138.795
77.3	138.821
77.4	138.847
77.5	138.873
77.6	138.899
77.7	138.925
77.8	138.951
77.9	138.977
78	139.003
78.1	139.029
78.2	139.055
78.3	139.081
78.4	139.107
78.5	139.132
78.6	139.158
78.7	139.184
78.8	139.21
78.9	139.236
79	139.261
79.1	139.287
79.2	139.313
79.3	139.338
79.4	139.364
79.5	139.389
79.6	139.415
79.7	139.441
79.8	139.466
79.9	139.492
80	139.517
80.1	139.543
80.2	139.568
80.3	139.594
80.4	139.619
80.5	139.644
80.6	139.67
80.7	139.695
80.8	139.72
80.9	139.746
81	139.771
81.1	139.796
81.2	139.821
81.3	139.847
81.4	139.872
81.5	139.897
81.6	139.922
81.7	139.947
81.8	139.972
81.9	139.997
82	140.023
82.1	140.048
82.2	140.073
82.3	140.098
82.4	140.123
82.5	140.147
82.6	140.172
82.7	140.197
82.8	140.222
82.9	140.247
83	140.272
83.1	140.297
83.2	140.322
83.3	140.346
83.4	140.371
83.5	140.396
83.6	140.421
83.7	140.445
83.8	140.47
83.9	140.495
84	140.519
84.1	140.544
84.2	140.568
84.3	140.593
84.4	140.618
84.5	140.642
84.6	140.667
84.7	140.691
84.8	140.716
84.9	140.74
85	140.765
85.1	140.789
85.2	140.813
85.3	140.838
85.4	140.862
85.5	140.886
85.6	140.911
85.7	140.935
85.8	140.959
85.9	140.984
86	141.008
86.1	141.032
86.2	141.056
86.3	141.08
86.4	141.105
86.5	141.129
86.6	141.153
86.7	141.177
86.8	141.201
86.9	141.225
87	141.249
87.1	141.273
87.2	141.297
87.3	141.321
87.4	141.345
87.5	141.369
87.6	141.393
87.7	141.417
87.8	141.441
87.9	141.464
88	141.488
88.1	141.512
88.2	141.536
88.3	141.56
88.4	141.583
88.5	141.607
88.6	141.631
88.7	141.655
88.8	141.678
88.9	141.702
89	141.726
89.1	141.749
89.2	141.773
89.3	141.797
89.4	141.82
89.5	141.844
89.6	141.867
89.7	141.891
89.8	141.914
89.9	141.938
90	141.961
90.1	141.985
90.2	142.008
90.3	142.031
90.4	142.055
90.5	142.078
90.6	142.102
90.7	142.125
90.8	142.148
90.9	142.172
91	142.195
91.1	142.218
91.2	142.241
91.3	142.265
91.4	142.288
91.5	142.311
91.6	142.334
91.7	142.357
91.8	142.38
91.9	142.404
92	142.427
92.1	142.45
92.2	142.473
92.3	142.496
92.4	142.519
92.5	142.542
92.6	142.565
92.7	142.588
92.8	142.611
92.9	142.634
93	142.657
93.1	142.68
93.2	142.702
93.3	142.725
93.4	142.748
93.5	142.771
93.6	142.794
93.7	142.817
93.8	142.839
93.9	142.862
94	142.885
94.1	142.908
94.2	142.93
94.3	142.953
94.4	142.976
94.5	142.998
94.6	143.021
94.7	143.044
94.8	143.066
94.9	143.089
95	143.111
95.1	143.134
95.2	143.156
95.3	143.179
95.4	143.202
95.5	143.224
95.6	143.246
95.7	143.269
95.8	143.291
95.9	143.314
96	143.336
96.1	143.359
96.2	143.381
96.3	143.403
96.4	143.426
96.5	143.448
96.6	143.47
96.7	143.493
96.8	143.515
96.9	143.537
97	143.559
97.1	143.582
97.2	143.604
97.3	143.626
97.4	143.648
97.5	143.67
97.6	143.692
97.7	143.715
97.8	143.737
97.9	143.759
98	143.781
98.1	143.803
98.2	143.825
98.3	143.847
98.4	143.869
98.5	143.891
98.6	143.913
98.7	143.935
98.8	143.957
98.9	143.979
99	144.001
99.1	144.023
99.2	144.044
99.3	144.066
99.4	144.088
99.5	144.11
99.6	144.132
99.7	144.154
99.8	144.175
99.9	144.197
100	144.219
100.1	144.241
100.2	144.262
100.3	144.284
100.4	144.306
100.5	144.327
100.6	144.349
100.7	144.371
100.8	144.392
100.9	144.414
101	144.436
101.1	144.457
101.2	144.479
101.3	144.5
101.4	144.522
101.5	144.543
101.6	144.565
101.7	144.586
101.8	144.608
101.9	144.629
102	144.651
102.1	144.672
102.2	144.694
102.3	144.715
102.4	144.736
102.5	144.758
102.6	144.779
102.7	144.8
102.8	144.822
102.9	144.843
103	144.864
103.1	144.886
103.2	144.907
103.3	144.928
103.4	144.949
103.5	144.971
103.6	144.992
103.7	145.013
103.8	145.034
103.9	145.055
104	145.076
104.1	145.098
104.2	145.119
104.3	145.14
104.4	145.161
104.5	145.182
104.6	145.203
104.7	145.224
104.8	145.245
104.9	145.266
105	145.287
105.1	145.308
105.2	145.329
105.3	145.35
105.4	145.371
105.5	145.392
105.6	145.413
105.7	145.434
105.8	145.455
105.9	145.475
106	145.496
106.1	145.517
106.2	145.538
106.3	145.559
106.4	145.58
106.5	145.6
106.6	145.621
106.7	145.642
106.8	145.663
106.9	145.683
107	145.704
107.1	145.725
107.2	145.745
107.3	145.766
107.4	145.787
107.5	145.807
107.6	145.828
107.7	145.849
107.8	145.869
107.9	145.89
108	145.91
108.1	145.931
108.2	145.951
108.3	145.972
108.4	145.992
108.5	146.013
108.6	146.033
108.7	146.054
108.8	146.074
108.9	146.095
109	146.115
109.1	146.136
109.2	146.156
109.3	146.176
109.4	146.197
109.5	146.217
109.6	146.238
109.7	146.258
109.8	146.278
109.9	146.299
110	146.319
110.1	146.339
110.2	146.359
110.3	146.38
110.4	146.4
110.5	146.42
110.6	146.44
110.7	146.461
110.8	146.481
110.9	146.501
111	146.521
111.1	146.541
111.2	146.561
111.3	146.581
111.4	146.602
111.5	146.622
111.6	146.642
111.7	146.662
111.8	146.682
111.9	146.702
112	146.722
112.1	146.742
112.2	146.762
112.3	146.782
112.4	146.802
112.5	146.822
112.6	146.842
112.7	146.862
112.8	146.882
112.9	146.902
113	146.921
113.1	146.941
113.2	146.961
113.3	146.981
113.4	147.001
113.5	147.021
113.6	147.041
113.7	147.06
113.8	147.08
113.9	147.1
114	147.12
114.1	147.14
114.2	147.159
114.3	147.179
114.4	147.199
114.5	147.218
114.6	147.238
114.7	147.258
114.8	147.277
114.9	147.297
115	147.317
115.1	147.336
115.2	147.356
115.3	147.376
115.4	147.395
115.5	147.415
115.6	147.434
115.7	147.454
115.8	147.473
115.9	147.493
116	147.513
116.1	147.532
116.2	147.552
116.3	147.571
116.4	147.59
116.5	147.61
116.6	147.629
116.7	147.649
116.8	147.668
116.9	147.688
117	147.707
117.1	147.726
117.2	147.746
117.3	147.765
117.4	147.784
117.5	147.804
117.6	147.823
117.7	147.842
117.8	147.862
117.9	147.881
118	147.9
118.1	147.92
118.2	147.939
118.3	147.958
118.4	147.977
118.5	147.997
118.6	148.016
118.7	148.035
118.8	148.054
118.9	148.073
119	148.092
119.1	148.112
119.2	148.131
119.3	148.15
119.4	148.169
119.5	148.188
119.6	148.207
119.7	148.226
119.8	148.245
119.9	148.264
120	148.283
120.1	148.302
120.2	148.321
120.3	148.34
120.4	148.359
120.5	148.378
120.6	148.397
120.7	148.416
120.8	148.435
120.9	148.454
121	148.473
121.1	148.492
121.2	148.511
121.3	148.53
121.4	148.549
121.5	148.567
121.6	148.586
121.7	148.605
121.8	148.624
121.9	148.643
122	148.662
122.1	148.68
122.2	148.699
122.3	148.718
122.4	148.737
122.5	148.755
122.6	148.774
122.7	148.793
122.8	148.812
122.9	148.83
123	148.849
123.1	148.868
123.2	148.886
123.3	148.905
123.4	148.924
123.5	148.942
123.6	148.961
123.7	148.98
123.8	148.998
123.9	149.017
124	149.035
124.1	149.054
124.2	149.072
124.3	149.091
124.4	149.11
124.5	149.128
124.6	149.147
124.7	149.165
124.8	149.184
124.9	149.202
125	149.22
125.1	149.239
125.2	149.257
125.3	149.276
125.4	149.294
125.5	149.313
125.6	149.331
125.7	149.349
125.8	149.368
125.9	149.386
126	149.405
126.1	149.423
126.2	149.441
126.3	149.46
126.4	149.478
126.5	149.496
126.6	149.515
126.7	149.533
126.8	149.551
126.9	149.569
127	149.588
127.1	149.606
127.2	149.624
127.3	149.642
127.4	149.66
127.5	149.679
127.6	149.697
127.7	149.715
127.8	149.733
127.9	149.751
128	149.77
128.1	149.788
128.2	149.806
128.3	149.824
128.4	149.842
128.5	149.86
128.6	149.878
128.7	149.896
128.8	149.914
128.9	149.932
129	149.95
129.1	149.968
129.2	149.986
129.3	150.004
129.4	150.022
129.5	150.04
129.6	150.058
129.7	150.076
129.8	150.094
129.9	150.112
130	150.13
130.1	150.148
130.2	150.166
130.3	150.184
130.4	150.202
130.5	150.22
130.6	150.238
130.7	150.256
130.8	150.273
130.9	150.291
131	150.309
131.1	150.327
131.2	150.345
131.3	150.363
131.4	150.38
131.5	150.398
131.6	150.416
131.7	150.434
131.8	150.451
131.9	150.469
132	150.487
132.1	150.505
132.2	150.522
132.3	150.54
132.4	150.558
132.5	150.575
132.6	150.593
132.7	150.611
132.8	150.628
132.9	150.646
133	150.664
133.1	150.681
133.2	150.699
133.3	150.717
133.4	150.734
133.5	150.752
133.6	150.769
133.7	150.787
133.8	150.804
133.9	150.822
134	150.839
134.1	150.857
134.2	150.875
134.3	150.892
134.4	150.91
134.5	150.927
134.6	150.944
134.7	150.962
134.8	150.979
134.9	150.997
135	151.014
135.1	151.032
135.2	151.049
135.3	151.067
135.4	151.084
135.5	151.101
135.6	151.119
135.7	151.136
135.8	151.153
135.9	151.171
136	151.188
136.1	151.206
136.2	151.223
136.3	151.24
136.4	151.257
136.5	151.275
136.6	151.292
136.7	151.309
136.8	151.327
136.9	151.344
137	151.361
137.1	151.378
137.2	151.396
137.3	151.413
137.4	151.43
137.5	151.447
137.6	151.464
137.7	151.482
137.8	151.499
137.9	151.516
138	151.533
138.1	151.55
138.2	151.567
138.3	151.584
138.4	151.602
138.5	151.619
138.6	151.636
138.7	151.653
138.8	151.67
138.9	151.687
139	151.704
139.1	151.721
139.2	151.738
139.3	151.755
139.4	151.772
139.5	151.789
139.6	151.806
139.7	151.823
139.8	151.84
139.9	151.857
140	151.874
140.1	151.891
140.2	151.908
140.3	151.925
140.4	151.942
140.5	151.959
140.6	151.976
140.7	151.993
140.8	152.01
140.9	152.027
141	152.043
141.1	152.06
141.2	152.077
141.3	152.094
141.4	152.111
141.5	152.128
141.6	152.145
141.7	152.161
141.8	152.178
141.9	152.195
142	152.212
142.1	152.229
142.2	152.245
142.3	152.262
142.4	152.279
142.5	152.296
142.6	152.312
142.7	152.329
142.8	152.346
142.9	152.362
143	152.379
143.1	152.396
143.2	152.413
143.3	152.429
143.4	152.446
143.5	152.463
143.6	152.479
143.7	152.496
143.8	152.512
143.9	152.529
144	152.546
144.1	152.562
144.2	152.579
144.3	152.596
144.4	152.612
144.5	152.629
144.6	152.645
144.7	152.662
144.8	152.678
144.9	152.695
145	152.711
145.1	152.728
145.2	152.744
145.3	152.761
145.4	152.777
145.5	152.794
145.6	152.81
145.7	152.827
145.8	152.843
145.9	152.86
146	152.876
146.1	152.893
146.2	152.909
146.3	152.926
146.4	152.942
146.5	152.958
146.6	152.975
146.7	152.991
146.8	153.007
146.9	153.024
147	153.04
147.1	153.057
147.2	153.073
147.3	153.089
147.4	153.106
147.5	153.122
147.6	153.138
147.7	153.154
147.8	153.171
147.9	153.187
148	153.203
148.1	153.22
148.2	153.236
148.3	153.252
148.4	153.268
148.5	153.285
148.6	153.301
148.7	153.317
148.8	153.333
148.9	153.349
149	153.366
149.1	153.382
149.2	153.398
149.3	153.414
149.4	153.43
149.5	153.446
149.6	153.463
149.7	153.479
149.8	153.495
149.9	153.511
150	153.527
150.1	153.543
150.2	153.559
150.3	153.575
150.4	153.592
150.5	153.608
150.6	153.624
150.7	153.64
150.8	153.656
150.9	153.672
151	153.688
151.1	153.704
151.2	153.72
151.3	153.736
151.4	153.752
151.5	153.768
151.6	153.784
151.7	153.8
151.8	153.816
151.9	153.832
152	153.848
152.1	153.864
152.2	153.88
152.3	153.896
152.4	153.911
152.5	153.927
152.6	153.943
152.7	153.959
152.8	153.975
152.9	153.991
153	154.007
153.1	154.023
153.2	154.039
153.3	154.054
153.4	154.07
153.5	154.086
153.6	154.102
153.7	154.118
153.8	154.134
153.9	154.149
154	154.165
154.1	154.181
154.2	154.197
154.3	154.212
154.4	154.228
154.5	154.244
154.6	154.26
154.7	154.275
154.8	154.291
154.9	154.307
155	154.323
155.1	154.338
155.2	154.354
155.3	154.37
155.4	154.385
155.5	154.401
155.6	154.417
155.7	154.432
155.8	154.448
155.9	154.464
156	154.479
156.1	154.495
156.2	154.511
156.3	154.526
156.4	154.542
156.5	154.558
156.6	154.573
156.7	154.589
156.8	154.604
156.9	154.62
157	154.635
157.1	154.651
157.2	154.667
157.3	154.682
157.4	154.698
157.5	154.713
157.6	154.729
157.7	154.744
157.8	154.76
157.9	154.775
158	154.791
158.1	154.806
158.2	154.822
158.3	154.837
158.4	154.853
158.5	154.868
158.6	154.883
158.7	154.899
158.8	154.914
158.9	154.93
159	154.945
159.1	154.961
159.2	154.976
159.3	154.991
159.4	155.007
159.5	155.022
159.6	155.038
159.7	155.053
159.8	155.068
159.9	155.084
160	155.099
160.1	155.114
160.2	155.13
160.3	155.145
160.4	155.16
160.5	155.176
160.6	155.191
160.7	155.206
160.8	155.222
160.9	155.237
161	155.252
161.1	155.267
161.2	155.283
161.3	155.298
161.4	155.313
161.5	155.328
161.6	155.344
161.7	155.359
161.8	155.374
161.9	155.389
162	155.404
162.1	155.42
162.2	155.435
162.3	155.45
162.4	155.465
162.5	155.48
162.6	155.495
162.7	155.511
162.8	155.526
162.9	155.541
163	155.556
163.1	155.571
163.2	155.586
163.3	155.601
163.4	155.616
163.5	155.632
163.6	155.647
163.7	155.662
163.8	155.677
163.9	155.692
164	155.707
164.1	155.722
164.2	155.737
164.3	155.752
164.4	155.767
164.5	155.782
164.6	155.797
164.7	155.812
164.8	155.827
164.9	155.842
165	155.857
165.1	155.872
165.2	155.887
165.3	155.902
165.4	155.917
165.5	155.932
165.6	155.947
165.7	155.962
165.8	155.977
165.9	155.992
166	156.007
166.1	156.022
166.2	156.037
166.3	156.051
166.4	156.066
166.5	156.081
166.6	156.096
166.7	156.111
166.8	156.126
166.9	156.141
167	156.156
167.1	156.17
167.2	156.185
167.3	156.2
167.4	156.215
167.5	156.23
167.6	156.245
167.7	156.259
167.8	156.274
167.9	156.289
168	156.304
168.1	156.319
168.2	156.333
168.3	156.348
168.4	156.363
168.5	156.378
168.6	156.392
168.7	156.407
168.8	156.422
168.9	156.437
169	156.451
169.1	156.466
169.2	156.481
169.3	156.495
169.4	156.51
169.5	156.525
169.6	156.539
169.7	156.554
169.8	156.569
169.9	156.583
170	156.598
170.1	156.613
170.2	156.627
170.3	156.642
170.4	156.657
170.5	156.671
170.6	156.686
170.7	156.701
170.8	156.715
170.9	156.73
171	156.744
171.1	156.759
171.2	156.774
171.3	156.788
171.4	156.803
171.5	156.817
171.6	156.832
171.7	156.846
171.8	156.861
171.9	156.875
172	156.89
172.1	156.904
172.2	156.919
172.3	156.933
172.4	156.948
172.5	156.962
172.6	156.977
172.7	156.991
172.8	157.006
172.9	157.02
173	157.035
173.1	157.049
173.2	157.064
173.3	157.078
173.4	157.093
173.5	157.107
173.6	157.121
173.7	157.136
173.8	157.15
173.9	157.165
174	157.179
174.1	157.193
174.2	157.208
174.3	157.222
174.4	157.237
174.5	157.251
174.6	157.265
174.7	157.28
174.8	157.294
174.9	157.308
175	157.323
175.1	157.337
175.2	157.351
175.3	157.366
175.4	157.38
175.5	157.394
175.6	157.409
175.7	157.423
175.8	157.437
175.9	157.451
176	157.466
176.1	157.48
176.2	157.494
176.3	157.509
176.4	157.523
176.5	157.537
176.6	157.551
176.7	157.566
176.8	157.58
176.9	157.594
177	157.608
177.1	157.622
177.2	157.637
177.3	157.651
177.4	157.665
177.5	157.679
177.6	157.693
177.7	157.707
177.8	157.722
177.9	157.736
178	157.75
178.1	157.764
178.2	157.778
178.3	157.792
178.4	157.807
178.5	157.821
178.6	157.835
178.7	157.849
178.8	157.863
178.9	157.877
179	157.891
179.1	157.905
179.2	157.919
179.3	157.933
179.4	157.947
179.5	157.962
179.6	157.976
179.7	157.99
179.8	158.004
179.9	158.018
180	158.032
180.1	158.046
180.2	158.06
180.3	158.074
180.4	158.088
180.5	158.102
180.6	158.116
180.7	158.13
180.8	158.144
180.9	158.158
181	158.172
181.1	158.186
181.2	158.2
181.3	158.214
181.4	158.228
181.5	158.242
181.6	158.255
181.7	158.269
181.8	158.283
181.9	158.297
182	158.311
182.1	158.325
182.2	158.339
182.3	158.353
182.4	158.367
182.5	158.381
182.6	158.394
182.7	158.408
182.8	158.422
182.9	158.436
183	158.45
183.1	158.464
183.2	158.478
183.3	158.491
183.4	158.505
183.5	158.519
183.6	158.533
183.7	158.547
183.8	158.561
183.9	158.574
184	158.588
184.1	158.602
184.2	158.616
184.3	158.63
184.4	158.643
184.5	158.657
184.6	158.671
184.7	158.685
184.8	158.698
184.9	158.712
185	158.726
185.1	158.74
185.2	158.753
185.3	158.767
185.4	158.781
185.5	158.795
185.6	158.808
185.7	158.822
185.8	158.836
185.9	158.849
186	158.863
186.1	158.877
186.2	158.89
186.3	158.904
186.4	158.918
186.5	158.931
186.6	158.945
186.7	158.959
186.8	158.972
186.9	158.986
187	159
187.1	159.013
187.2	159.027
187.3	159.04
187.4	159.054
187.5	159.068
187.6	159.081
187.7	159.095
187.8	159.108
187.9	159.122
188	159.136
188.1	159.149
188.2	159.163
188.3	159.176
188.4	159.19
188.5	159.203
188.6	159.217
188.7	159.23
188.8	159.244
188.9	159.257
189	159.271
189.1	159.284
189.2	159.298
189.3	159.311
189.4	159.325
189.5	159.338
189.6	159.352
189.7	159.365
189.8	159.379
189.9	159.392
190	159.406
190.1	159.419
190.2	159.433
190.3	159.446
190.4	159.46
190.5	159.473
190.6	159.487
190.7	159.5
190.8	159.513
190.9	159.527
191	159.54
191.1	159.554
191.2	159.567
191.3	159.58
191.4	159.594
191.5	159.607
191.6	159.621
191.7	159.634
191.8	159.647
191.9	159.661
192	159.674
192.1	159.687
192.2	159.701
192.3	159.714
192.4	159.727
192.5	159.741
192.6	159.754
192.7	159.767
192.8	159.781
192.9	159.794
193	159.807
193.1	159.821
193.2	159.834
193.3	159.847
193.4	159.86
193.5	159.874
193.6	159.887
193.7	159.9
193.8	159.914
193.9	159.927
194	159.94
194.1	159.953
194.2	159.967
194.3	159.98
194.4	159.993
194.5	160.006
194.6	160.019
194.7	160.033
194.8	160.046
194.9	160.059
195	160.072
195.1	160.085
195.2	160.099
195.3	160.112
195.4	160.125
195.5	160.138
195.6	160.151
195.7	160.165
195.8	160.178
195.9	160.191
196	160.204
196.1	160.217
196.2	160.23
196.3	160.243
196.4	160.257
196.5	160.27
196.6	160.283
196.7	160.296
196.8	160.309
196.9	160.322
197	160.335
197.1	160.348
197.2	160.361
197.3	160.374
197.4	160.388
197.5	160.401
197.6	160.414
197.7	160.427
197.8	160.44
197.9	160.453
198	160.466
198.1	160.479
198.2	160.492
198.3	160.505
198.4	160.518
198.5	160.531
198.6	160.544
198.7	160.557
198.8	160.57
198.9	160.583
199	160.596
199.1	160.609
199.2	160.622
199.3	160.635
199.4	160.648
199.5	160.661
199.6	160.674
199.7	160.687
199.8	160.7
199.9	160.713
200	160.726
200.1	160.739
200.2	160.752
200.3	160.765
200.4	160.777
200.5	160.79
200.6	160.803
200.7	160.816
200.8	160.829
200.9	160.842
201	160.855
201.1	160.868
201.2	160.881
201.3	160.894
201.4	160.906
201.5	160.919
201.6	160.932
201.7	160.945
201.8	160.958
201.9	160.971
202	160.984
202.1	160.996
202.2	161.009
202.3	161.022
202.4	161.035
202.5	161.048
202.6	161.061
202.7	161.073
202.8	161.086
202.9	161.099
203	161.112
203.1	161.125
203.2	161.137
203.3	161.15
203.4	161.163
203.5	161.176
203.6	161.189
203.7	161.201
203.8	161.214
203.9	161.227
204	161.24
204.1	161.252
204.2	161.265
204.3	161.278
204.4	161.291
204.5	161.303
204.6	161.316
204.7	161.329
204.8	161.341
204.9	161.354
205	161.367
205.1	161.38
205.2	161.392
205.3	161.405
205.4	161.418
205.5	161.43
205.6	161.443
205.7	161.456
205.8	161.468
205.9	161.481
206	161.494
206.1	161.506
206.2	161.519
206.3	161.532
206.4	161.544
206.5	161.557
206.6	161.569
206.7	161.582
206.8	161.595
206.9	161.607
207	161.62
207.1	161.633
207.2	161.645
207.3	161.658
207.4	161.67
207.5	161.683
207.6	161.695
207.7	161.708
207.8	161.721
207.9	161.733
208	161.746
208.1	161.758
208.2	161.771
208.3	161.783
208.4	161.796
208.5	161.808
208.6	161.821
208.7	161.834
208.8	161.846
208.9	161.859
209	161.871
209.1	161.884
209.2	161.896
209.3	161.909
209.4	161.921
209.5	161.934
209.6	161.946
209.7	161.959
209.8	161.971
209.9	161.984
210	161.996
210.1	162.008
210.2	162.021
210.3	162.033
210.4	162.046
210.5	162.058
210.6	162.071
210.7	162.083
210.8	162.096
210.9	162.108
211	162.12
211.1	162.133
211.2	162.145
211.3	162.158
211.4	162.17
211.5	162.183
211.6	162.195
211.7	162.207
211.8	162.22
211.9	162.232
212	162.244
212.1	162.257
212.2	162.269
212.3	162.282
212.4	162.294
212.5	162.306
212.6	162.319
212.7	162.331
212.8	162.343
212.9	162.356
213	162.368
213.1	162.38
213.2	162.393
213.3	162.405
213.4	162.417
213.5	162.43
213.6	162.442
213.7	162.454
213.8	162.467
213.9	162.479
214	162.491
214.1	162.503
214.2	162.516
214.3	162.528
214.4	162.54
214.5	162.553
214.6	162.565
214.7	162.577
214.8	162.589
214.9	162.602
215	162.614
215.1	162.626
215.2	162.638
215.3	162.651
215.4	162.663
215.5	162.675
215.6	162.687
215.7	162.699
215.8	162.712
215.9	162.724
216	162.736
216.1	162.748
216.2	162.76
216.3	162.773
216.4	162.785
216.5	162.797
216.6	162.809
216.7	162.821
216.8	162.834
216.9	162.846
217	162.858
217.1	162.87
217.2	162.882
217.3	162.894
217.4	162.906
217.5	162.919
217.6	162.931
217.7	162.943
217.8	162.955
217.9	162.967
218	162.979
218.1	162.991
218.2	163.003
218.3	163.016
218.4	163.028
218.5	163.04
218.6	163.052
218.7	163.064
218.8	163.076
218.9	163.088
219	163.1
219.1	163.112
219.2	163.124
219.3	163.136
219.4	163.148
219.5	163.161
219.6	163.173
219.7	163.185
219.8	163.197
219.9	163.209
220	163.221
220.1	163.233
220.2	163.245
220.3	163.257
220.4	163.269
220.5	163.281
220.6	163.293
220.7	163.305
220.8	163.317
220.9	163.329
221	163.341
221.1	163.353
221.2	163.365
221.3	163.377
221.4	163.389
221.5	163.401
221.6	163.413
221.7	163.425
221.8	163.437
221.9	163.449
222	163.46
222.1	163.472
222.2	163.484
222.3	163.496
222.4	163.508
222.5	163.52
222.6	163.532
222.7	163.544
222.8	163.556
222.9	163.568
223	163.58
223.1	163.592
223.2	163.604
223.3	163.615
223.4	163.627
223.5	163.639
223.6	163.651
223.7	163.663
223.8	163.675
223.9	163.687
224	163.699
224.1	163.71
224.2	163.722
224.3	163.734
224.4	163.746
224.5	163.758
224.6	163.77
224.7	163.782
224.8	163.793
224.9	163.805
225	163.817
225.1	163.829
225.2	163.841
225.3	163.853
225.4	163.864
225.5	163.876
225.6	163.888
225.7	163.9
225.8	163.912
225.9	163.923
226	163.935
226.1	163.947
226.2	163.959
226.3	163.97
226.4	163.982
226.5	163.994
226.6	164.006
226.7	164.018
226.8	164.029
226.9	164.041
227	164.053
227.1	164.064
227.2	164.076
227.3	164.088
227.4	164.1
227.5	164.111
227.6	164.123
227.7	164.135
227.8	164.147
227.9	164.158
228	164.17
228.1	164.182
228.2	164.193
228.3	164.205
228.4	164.217
228.5	164.228
228.6	164.24
228.7	164.252
228.8	164.264
228.9	164.275
229	164.287
229.1	164.299
229.2	164.31
229.3	164.322
229.4	164.333
229.5	164.345
229.6	164.357
229.7	164.368
229.8	164.38
229.9	164.392
230	164.403
230.1	164.415
230.2	164.427
230.3	164.438
230.4	164.45
230.5	164.461
230.6	164.473
230.7	164.485
230.8	164.496
230.9	164.508
231	164.519
231.1	164.531
231.2	164.543
231.3	164.554
231.4	164.566
231.5	164.577
231.6	164.589
231.7	164.6
231.8	164.612
231.9	164.624
232	164.635
232.1	164.647
232.2	164.658
232.3	164.67
232.4	164.681
232.5	164.693
232.6	164.704
232.7	164.716
232.8	164.727
232.9	164.739
233	164.75
233.1	164.762
233.2	164.773
233.3	164.785
233.4	164.796
233.5	164.808
233.6	164.819
233.7	164.831
233.8	164.842
233.9	164.854
234	164.865
234.1	164.877
234.2	164.888
234.3	164.9
234.4	164.911
234.5	164.923
234.6	164.934
234.7	164.946
234.8	164.957
234.9	164.968
235	164.98
235.1	164.991
235.2	165.003
235.3	165.014
235.4	165.026
235.5	165.037
235.6	165.048
235.7	165.06
235.8	165.071
235.9	165.083
236	165.094
236.1	165.105
236.2	165.117
236.3	165.128
236.4	165.14
236.5	165.151
236.6	165.162
236.7	165.174
236.8	165.185
236.9	165.196
237	165.208
237.1	165.219
237.2	165.231
237.3	165.242
237.4	165.253
237.5	165.265
237.6	165.276
237.7	165.287
237.8	165.299
237.9	165.31
238	165.321
238.1	165.333
238.2	165.344
238.3	165.355
238.4	165.366
238.5	165.378
238.6	165.389
238.7	165.4
238.8	165.412
238.9	165.423
239	165.434
239.1	165.446
239.2	165.457
239.3	165.468
239.4	165.479
239.5	165.491
239.6	165.502
239.7	165.513
239.8	165.524
239.9	165.536
240	165.547
240.1	165.558
240.2	165.569
240.3	165.581
240.4	165.592
240.5	165.603
240.6	165.614
240.7	165.626
240.8	165.637
240.9	165.648
241	165.659
241.1	165.671
241.2	165.682
241.3	165.693
241.4	165.704
241.5	165.715
241.6	165.727
241.7	165.738
241.8	165.749
241.9	165.76
242	165.771
242.1	165.782
242.2	165.794
242.3	165.805
242.4	165.816
242.5	165.827
242.6	165.838
242.7	165.849
242.8	165.861
242.9	165.872
243	165.883
243.1	165.894
243.2	165.905
243.3	165.916
243.4	165.927
243.5	165.939
243.6	165.95
243.7	165.961
243.8	165.972
243.9	165.983
244	165.994
244.1	166.005
244.2	166.016
244.3	166.027
244.4	166.039
244.5	166.05
244.6	166.061
244.7	166.072
244.8	166.083
244.9	166.094
245	166.105
245.1	166.116
245.2	166.127
245.3	166.138
245.4	166.149
245.5	166.16
245.6	166.171
245.7	166.183
245.8	166.194
245.9	166.205
246	166.216
246.1	166.227
246.2	166.238
246.3	166.249
246.4	166.26
246.5	166.271
246.6	166.282
246.7	166.293
246.8	166.304
246.9	166.315
247	166.326
247.1	166.337
247.2	166.348
247.3	166.359
247.4	166.37
247.5	166.381
247.6	166.392
247.7	166.403
247.8	166.414
247.9	166.425
248	166.436
248.1	166.447
248.2	166.458
248.3	166.469
248.4	166.48
248.5	166.491
248.6	166.501
248.7	166.512
248.8	166.523
248.9	166.534
249	166.545
249.1	166.556
249.2	166.567
249.3	166.578
249.4	166.589
249.5	166.6
249.6	166.611
249.7	166.622
249.8	166.633
249.9	166.644
250	166.654
250.1	166.665
250.2	166.676
250.3	166.687
250.4	166.698
250.5	166.709
250.6	166.72
250.7	166.731
250.8	166.742
250.9	166.752
251	166.763
251.1	166.774
251.2	166.785
251.3	166.796
251.4	166.807
251.5	166.818
251.6	166.828
251.7	166.839
251.8	166.85
251.9	166.861
252	166.872
252.1	166.883
252.2	166.894
252.3	166.904
252.4	166.915
252.5	166.926
252.6	166.937
252.7	166.948
252.8	166.958
252.9	166.969
253	166.98
253.1	166.991
253.2	167.002
253.3	167.012
253.4	167.023
253.5	167.034
253.6	167.045
253.7	167.056
253.8	167.066
253.9	167.077
254	167.088
254.1	167.099
254.2	167.109
254.3	167.12
254.4	167.131
254.5	167.142
254.6	167.152
254.7	167.163
254.8	167.174
254.9	167.185
255	167.195
255.1	167.206
255.2	167.217
255.3	167.228
255.4	167.238
255.5	167.249
255.6	167.26
255.7	167.271
255.8	167.281
255.9	167.292
256	167.303
256.1	167.313
256.2	167.324
256.3	167.335
256.4	167.345
256.5	167.356
256.6	167.367
256.7	167.377
256.8	167.388
256.9	167.399
257	167.41
257.1	167.42
257.2	167.431
257.3	167.442
257.4	167.452
257.5	167.463
257.6	167.474
257.7	167.484
257.8	167.495
257.9	167.505
258	167.516
258.1	167.527
258.2	167.537
258.3	167.548
258.4	167.559
258.5	167.569
258.6	167.58
258.7	167.59
258.8	167.601
258.9	167.612
259	167.622
259.1	167.633
259.2	167.644
259.3	167.654
259.4	167.665
259.5	167.675
259.6	167.686
259.7	167.697
259.8	167.707
259.9	167.718
260	167.728
260.1	167.739
260.2	167.749
260.3	167.76
260.4	167.771
260.5	167.781
260.6	167.792
260.7	167.802
260.8	167.813
260.9	167.823
261	167.834
261.1	167.844
261.2	167.855
261.3	167.866
261.4	167.876
261.5	167.887
261.6	167.897
261.7	167.908
261.8	167.918
261.9	167.929
262	167.939
262.1	167.95
262.2	167.96
262.3	167.971
262.4	167.981
262.5	167.992
262.6	168.002
262.7	168.013
262.8	168.023
262.9	168.034
263	168.044
263.1	168.055
263.2	168.065
263.3	168.076
263.4	168.086
263.5	168.097
263.6	168.107
263.7	168.118
263.8	168.128
263.9	168.138
264	168.149
264.1	168.159
264.2	168.17
264.3	168.18
264.4	168.191
264.5	168.201
264.6	168.212
264.7	168.222
264.8	168.232
264.9	168.243
265	168.253
265.1	168.264
265.2	168.274
265.3	168.285
265.4	168.295
265.5	168.305
265.6	168.316
265.7	168.326
265.8	168.337
265.9	168.347
266	168.357
266.1	168.368
266.2	168.378
266.3	168.388
266.4	168.399
266.5	168.409
266.6	168.42
266.7	168.43
266.8	168.44
266.9	168.451
267	168.461
267.1	168.471
267.2	168.482
267.3	168.492
267.4	168.503
267.5	168.513
267.6	168.523
267.7	168.534
267.8	168.544
267.9	168.554
268	168.565
268.1	168.575
268.2	168.585
268.3	168.596
268.4	168.606
268.5	168.616
268.6	168.627
268.7	168.637
268.8	168.647
268.9	168.657
269	168.668
269.1	168.678
269.2	168.688
269.3	168.699
269.4	168.709
269.5	168.719
269.6	168.73
269.7	168.74
269.8	168.75
269.9	168.76
270	168.771
270.1	168.781
270.2	168.791
270.3	168.801
270.4	168.812
270.5	168.822
270.6	168.832
270.7	168.842
270.8	168.853
270.9	168.863
271	168.873
271.1	168.883
271.2	168.894
271.3	168.904
271.4	168.914
271.5	168.924
271.6	168.935
271.7	168.945
271.8	168.955
271.9	168.965
272	168.976
272.1	168.986
272.2	168.996
272.3	169.006
272.4	169.016
272.5	169.027
272.6	169.037
272.7	169.047
272.8	169.057
272.9	169.067
273	169.078
273.1	169.088
273.2	169.098
273.3	169.108
273.4	169.118
273.5	169.128
273.6	169.139
273.7	169.149
273.8	169.159
273.9	169.169
274	169.179
274.1	169.189
274.2	169.2
274.3	169.21
274.4	169.22
274.5	169.23
274.6	169.24
274.7	169.25
274.8	169.26
274.9	169.271
275	169.281
275.1	169.291
275.2	169.301
275.3	169.311
275.4	169.321
275.5	169.331
275.6	169.341
275.7	169.352
275.8	169.362
275.9	169.372
276	169.382
276.1	169.392
276.2	169.402
276.3	169.412
276.4	169.422
276.5	169.432
276.6	169.442
276.7	169.452
276.8	169.463
276.9	169.473
277	169.483
277.1	169.493
277.2	169.503
277.3	169.513
277.4	169.523
277.5	169.533
277.6	169.543
277.7	169.553
277.8	169.563
277.9	169.573
278	169.583
278.1	169.593
278.2	169.603
278.3	169.613
278.4	169.623
278.5	169.633
278.6	169.643
278.7	169.653
278.8	169.664
278.9	169.674
279	169.684
279.1	169.694
279.2	169.704
279.3	169.714
279.4	169.724
279.5	169.734
279.6	169.744
279.7	169.754
279.8	169.764
279.9	169.774
280	169.784
280.1	169.794
280.2	169.804
280.3	169.814
280.4	169.824
280.5	169.833
280.6	169.843
280.7	169.853
280.8	169.863
280.9	169.873
281	169.883
281.1	169.893
281.2	169.903
281.3	169.913
281.4	169.923
281.5	169.933
281.6	169.943
281.7	169.953
281.8	169.963
281.9	169.973
282	169.983
282.1	169.993
282.2	170.003
282.3	170.013
282.4	170.023
282.5	170.032
282.6	170.042
282.7	170.052
282.8	170.062
282.9	170.072
283	170.082
283.1	170.092
283.2	170.102
283.3	170.112
283.4	170.122
283.5	170.132
283.6	170.141
283.7	170.151
283.8	170.161
283.9	170.171
284	170.181
284.1	170.191
284.2	170.201
284.3	170.211
284.4	170.22
284.5	170.23
284.6	170.24
284.7	170.25
284.8	170.26
284.9	170.27
285	170.28
285.1	170.289
285.2	170.299
285.3	170.309
285.4	170.319
285.5	170.329
285.6	170.339
285.7	170.348
285.8	170.358
285.9	170.368
286	170.378
286.1	170.388
286.2	170.398
286.3	170.407
286.4	170.417
286.5	170.427
286.6	170.437
286.7	170.447
286.8	170.457
286.9	170.466
287	170.476
287.1	170.486
287.2	170.496
287.3	170.505
287.4	170.515
287.5	170.525
287.6	170.535
287.7	170.545
287.8	170.554
287.9	170.564
288	170.574
288.1	170.584
288.2	170.594
288.3	170.603
288.4	170.613
288.5	170.623
288.6	170.633
288.7	170.642
288.8	170.652
288.9	170.662
289	170.672
289.1	170.681
289.2	170.691
289.3	170.701
289.4	170.711
289.5	170.72
289.6	170.73
289.7	170.74
289.8	170.749
289.9	170.759
290	170.769
290.1	170.779
290.2	170.788
290.3	170.798
290.4	170.808
290.5	170.817
290.6	170.827
290.7	170.837
290.8	170.847
290.9	170.856
291	170.866
291.1	170.876
291.2	170.885
291.3	170.895
291.4	170.905
291.5	170.914
291.6	170.924
291.7	170.934
291.8	170.943
291.9	170.953
292	170.963
292.1	170.972
292.2	170.982
292.3	170.992
292.4	171.001
292.5	171.011
292.6	171.021
292.7	171.03
292.8	171.04
292.9	171.05
293	171.059
293.1	171.069
293.2	171.079
293.3	171.088
293.4	171.098
293.5	171.108
293.6	171.117
293.7	171.127
293.8	171.136
293.9	171.146
294	171.156
294.1	171.165
294.2	171.175
294.3	171.185
294.4	171.194
294.5	171.204
294.6	171.213
294.7	171.223
294.8	171.233
294.9	171.242
295	171.252
295.1	171.261
295.2	171.271
295.3	171.281
295.4	171.29
295.5	171.3
295.6	171.309
295.7	171.319
295.8	171.328
295.9	171.338
296	171.348
296.1	171.357
296.2	171.367
296.3	171.376
296.4	171.386
296.5	171.395
296.6	171.405
296.7	171.414
296.8	171.424
296.9	171.434
297	171.443
297.1	171.453
297.2	171.462
297.3	171.472
297.4	171.481
297.5	171.491
297.6	171.5
297.7	171.51
297.8	171.519
297.9	171.529
298	171.538
298.1	171.548
298.2	171.557
298.3	171.567
298.4	171.576
298.5	171.586
298.6	171.595
298.7	171.605
298.8	171.614
298.9	171.624
299	171.633
299.1	171.643
299.2	171.652
299.3	171.662
299.4	171.671
299.5	171.681
299.6	171.69
299.7	171.7
299.8	171.709
299.9	171.719
300	171.728
