u	psi
0.000211761	4.28502e-09
0.000403458	2.12008e-08
0.000978539	5.98496e-08
0.00193697	1.30515e-07
0.00327868	2.42412e-07
0.00500361	4.04875e-07
0.00711163	6.26586e-07
0.00960262	9.16188e-07
0.0124764	1.28174e-06
0.0157329	1.73136e-06
0.0193718	2.2729e-06
0.0233929	2.91373e-06
0.0277959	3.66142e-06
0.0325807	4.52297e-06
0.0377468	5.50554e-06
0.0432941	6.61556e-06
0.049222	7.86001e-06
0.0555304	9.24483e-06
0.0622187	1.07768e-05
0.0692866	1.24611e-05
0.0767336	1.43044e-05
0.0845593	1.63114e-05
0.0927632	1.84885e-05
0.101345	2.08398e-05
0.110304	2.33715e-05
0.119639	2.60869e-05
0.12935	2.89922e-05
0.139437	3.20899e-05
0.149899	3.5386e-05
0.160734	3.88822e-05
0.171944	4.25844e-05
0.183526	4.64935e-05
0.19548	5.06151e-05
0.207805	5.49493e-05
0.220502	5.95013e-05
0.233567	6.42704e-05
0.247002	6.92618e-05
0.260806	7.44734e-05
0.274976	7.99104e-05
0.289513	8.55697e-05
0.304415	9.1456e-05
0.319682	9.75653e-05
0.335313	0.000103902
0.351307	0.000110461
0.367662	0.000117246
0.384379	0.000124251
0.401455	0.000131481
0.41889	0.000138926
0.436682	0.000146591
0.454831	0.000154467
0.473336	0.000162558
0.492195	0.000170853
0.511408	0.000179355
0.530973	0.000188053
0.550889	0.000196951
0.571155	0.000206034
0.591771	0.000215307
0.612734	0.000224756
0.634043	0.000234383
0.655699	0.000244173
0.677699	0.00025413
0.700042	0.000264237
0.722728	0.000274498
0.745755	0.000284896
0.769123	0.000295434
0.792831	0.000306095
0.816877	0.000316882
0.841262	0.000327779
0.865983	0.000338788
0.891041	0.000349893
0.916436	0.000361098
0.942166	0.000372385
0.968232	0.00038376
0.994633	0.000395206
1.02137	0.000406729
1.04844	0.000418313
1.07585	0.000429967
1.1036	0.000441672
1.13168	0.000453442
1.1601	0.000465259
1.18886	0.000477136
1.21797	0.000489059
1.24741	0.000501044
1.27721	0.000513075
1.30735	0.000525174
1.33784	0.000537325
1.36869	0.000549552
1.3999	0.000561844
1.43148	0.000574226
1.46342	0.000586688
1.49574	0.00059926
1.52844	0.000611935
1.56152	0.000624745
1.595	0.000637685
1.62889	0.000650791
1.66318	0.000664063
1.69789	0.000677539
1.73304	0.00069122
1.76862	0.000705151
1.80466	0.000719334
1.84117	0.000733819
1.87815	0.000748611
1.91563	0.000763763
1.95361	0.000779284
1.99212	0.000795233
2.03117	0.00081162
2.07077	0.000828508
2.11096	0.000845913
2.15175	0.000863901
2.19315	0.000882493
2.2352	0.00090176
2.27792	0.000921725
2.32133	0.000942467
2.36546	0.000964014
2.41034	0.00098645
2.456	0.00100981
2.50246	0.00103418
2.54977	0.00105961
2.59796	0.00108619
2.64705	0.00111397
2.6971	0.00114307
2.74814	0.00117354
2.80021	0.00120551
2.85336	0.00123905
2.90763	0.0012743
2.96307	0.00131136
3.01973	0.00135038
3.07767	0.00139148
3.13693	0.00143486
3.19757	0.00148066
3.25966	0.00152913
3.32325	0.00158044
3.3884	0.00163489
3.45519	0.00169273
3.52368	0.00175432
3.59393	0.00181998
3.66602	0.00189017
3.74002	0.00196531
3.816	0.00204597
3.89404	0.00213271
3.97422	0.00222624
4.05659	0.0023273
4.14126	0.00243677
4.22828	0.00255558
4.31773	0.00268484
4.40969	0.00282572
4.50422	0.00297958
4.60141	0.00314786
4.70132	0.00333221
4.80402	0.00353436
4.90957	0.00375629
5.01805	0.00400004
5.1295	0.00426793
5.244	0.00456235
5.3616	0.00488596
5.48236	0.00524152
5.60633	0.00563203
5.73357	0.00606065
5.86413	0.00653078
5.99806	0.00704597
6.13541	0.00761007
6.27622	0.00822708
6.42055	0.00890133
6.56843	0.00963734
6.7199	0.01044
6.87501	0.0113144
7.03379	0.012266
7.19628	0.0133005
7.3625	0.0144241
7.53249	0.0156432
7.70629	0.0169646
7.8839	0.0183955
8.06537	0.0199433
8.2507	0.0216158
8.43992	0.0234213
8.63304	0.0253682
8.83009	0.0274654
9.03106	0.0297221
9.23598	0.0321476
9.44485	0.0347515
9.65768	0.0375439
9.87447	0.0405347
10.0952	0.0437343
10.3199	0.0471529
10.5486	0.050801
10.7812	0.0546889
11.0178	0.058827
11.2583	0.0632255
11.5028	0.0678946
11.7511	0.0728438
12.0034	0.0780828
12.2596	0.0836204
12.5196	0.0894651
12.7835	0.095625
13.0512	0.102107
13.3227	0.108918
13.598	0.116063
13.8771	0.123547
14.1599	0.131373
14.4463	0.139543
14.7365	0.14806
15.0303	0.156921
15.3277	0.166127
15.6286	0.175672
15.9331	0.185554
16.2411	0.195764
16.5525	0.206295
16.8674	0.217137
17.1856	0.228278
17.5072	0.239705
17.832	0.251401
18.1601	0.263349
18.4914	0.275531
18.8258	0.287924
19.1633	0.300506
19.5039	0.313252
19.8475	0.326135
20.1941	0.339126
20.5436	0.352196
20.8959	0.365313
21.251	0.378444
21.6089	0.391554
21.9695	0.404607
22.3328	0.417568
22.6986	0.430397
23.067	0.443057
23.4379	0.455509
23.8112	0.467711
24.1869	0.479625
24.5649	0.491209
24.9452	0.502424
25.3277	0.513229
25.7123	0.523585
26.0991	0.533452
26.4879	0.542791
26.8787	0.551565
27.2714	0.559737
27.666	0.567271
28.0624	0.574133
28.4606	0.58029
28.8605	0.585712
29.262	0.590369
29.6651	0.594233
30.0697	0.59728
30.4759	0.599486
30.8834	0.60083
31.2923	0.601293
31.7025	0.600859
32.1139	0.599516
32.5266	0.59725
32.9403	0.594054
33.3552	0.589922
33.771	0.58485
34.1878	0.578838
34.6055	0.571888
35.024	0.564004
35.4433	0.555194
35.8634	0.545467
36.2841	0.534836
36.7054	0.523316
37.1273	0.510925
37.5496	0.497682
37.9724	0.483609
38.3956	0.468732
38.8191	0.453076
39.2429	0.43667
39.6669	0.419546
40.091	0.401736
40.5152	0.383274
40.9394	0.364196
41.3637	0.34454
41.7878	0.324345
42.2118	0.303652
42.6356	0.282501
43.0592	0.260935
43.4824	0.238998
43.9053	0.216734
44.3278	0.194188
44.7497	0.171405
45.1712	0.148431
45.592	0.125312
46.0122	0.102094
46.4316	0.0788231
46.8503	0.0555451
47.2682	0.0323057
47.6852	0.00915
48.1013	-0.0138773
48.5163	-0.0367324
48.9303	-0.059372
49.3432	-0.0817538
49.755	-0.103837
50.1655	-0.12558
50.5747	-0.146946
50.9826	-0.167896
51.3891	-0.188395
51.7941	-0.208407
52.1977	-0.227899
52.5997	-0.246841
53	-0.265202
53.3987	-0.282955
53.7957	-0.300073
54.1909	-0.316533
54.5842	-0.332312
54.9757	-0.34739
55.3652	-0.361748
55.7527	-0.375371
56.1381	-0.388245
56.5214	-0.400357
56.9026	-0.411697
57.2815	-0.422257
57.6582	-0.432032
58.0325	-0.441017
58.4044	-0.44921
58.7739	-0.456612
59.1409	-0.463223
59.5054	-0.469049
59.8673	-0.474094
60.2265	-0.478366
60.583	-0.481874
60.9368	-0.484628
61.2877	-0.486641
61.6358	-0.487926
61.981	-0.488499
62.3233	-0.488376
62.6625	-0.487574
62.9987	-0.486114
63.3318	-0.484014
63.6617	-0.481295
63.9884	-0.47798
64.3119	-0.474091
64.632	-0.469652
64.9488	-0.464686
65.2623	-0.459219
65.5722	-0.453275
65.8787	-0.446879
66.1816	-0.440058
66.481	-0.432837
66.7768	-0.425243
67.0688	-0.4173
67.3572	-0.409036
67.6418	-0.400477
67.9226	-0.391647
68.1995	-0.382572
68.4726	-0.373278
68.7417	-0.363789
69.0069	-0.35413
69.268	-0.344325
69.5251	-0.334397
69.7782	-0.324368
70.027	-0.314261
70.2718	-0.304098
70.5123	-0.293899
70.7486	-0.283685
70.9806	-0.273475
71.2083	-0.263287
71.4316	-0.253141
71.6506	-0.243052
71.8651	-0.233039
72.0752	-0.223115
72.2808	-0.213297
72.4819	-0.203598
72.6785	-0.194032
72.8704	-0.184612
73.0578	-0.175349
73.2405	-0.166254
73.4186	-0.157338
73.592	-0.148612
73.7606	-0.140083
73.9245	-0.13176
74.0837	-0.123652
74.238	-0.115765
74.3875	-0.108106
74.5322	-0.100681
74.672	-0.0934949
74.8069	-0.0865539
74.9369	-0.079862
75.062	-0.0734232
75.1821	-0.0672413
75.2972	-0.0613196
75.4074	-0.0556608
75.5125	-0.0502677
75.6127	-0.0451424
75.7077	-0.040287
75.7978	-0.0357031
75.8828	-0.0313922
75.9626	-0.0273555
76.0374	-0.0235942
76.1071	-0.020109
76.1717	-0.0169008
76.2311	-0.0139702
76.2854	-0.0113176
76.3346	-0.00894343
76.3786	-0.00684803
76.4174	-0.00503163
76.4511	-0.00349442
76.4796	-0.00223655
76.503	-0.00125811
76.5211	-0.000559174
76.5341	-0.000139796
