u	psi
0.000211761	6.33239e-06
0.000403458	2.53781e-05
0.000978539	5.69497e-05
0.00193697	0.000100609
0.00327868	0.000155825
0.00500361	0.000222078
0.00711163	0.000298852
0.00960262	0.000385666
0.0124764	0.000482053
0.0157329	0.000587568
0.0193718	0.000701786
0.0233929	0.000824294
0.0277959	0.000954701
0.0325807	0.00109262
0.0377468	0.00123768
0.0432941	0.0013895
0.049222	0.00154776
0.0555304	0.00171208
0.0622187	0.00188214
0.0692866	0.00205758
0.0767336	0.0022381
0.0845593	0.00242332
0.0927632	0.00261297
0.101345	0.00280667
0.110304	0.00300414
0.119639	0.00320502
0.12935	0.00340903
0.139437	0.00361578
0.149899	0.00382504
0.160734	0.00403638
0.171944	0.00424957
0.183526	0.00446418
0.19548	0.00467999
0.207805	0.00489655
0.220502	0.00511365
0.233567	0.00533082
0.247002	0.00554785
0.260806	0.00576426
0.274976	0.00597985
0.289513	0.00619412
0.304415	0.00640687
0.319682	0.00661758
0.335313	0.00682608
0.351307	0.00703182
0.367662	0.00723463
0.384379	0.00743395
0.401455	0.00762963
0.41889	0.0078211
0.436682	0.00800822
0.454831	0.00819039
0.473336	0.00836751
0.492195	0.00853897
0.511408	0.00870469
0.530973	0.00886404
0.550889	0.00901699
0.571155	0.0091629
0.591771	0.00930176
0.612734	0.00943294
0.634043	0.00955648
0.655699	0.00967173
0.677699	0.00977879
0.700042	0.00987703
0.722728	0.00996659
0.745755	0.0100468
0.769123	0.010118
0.792831	0.0101794
0.816877	0.0102314
0.841262	0.0102734
0.865983	0.0103056
0.891041	0.0103276
0.916436	0.0103398
0.942166	0.0103415
0.968232	0.0103334
0.994633	0.0103148
1.02137	0.0102863
1.04844	0.0102475
1.07585	0.010199
1.1036	0.0101404
1.13168	0.0100723
1.1601	0.0099943
1.18886	0.00990727
1.21797	0.00981076
1.24741	0.00970567
1.27721	0.00959158
1.30735	0.00946946
1.33784	0.00933892
1.36869	0.00920099
1.3999	0.00905529
1.43148	0.00890291
1.46342	0.00874347
1.49574	0.0085781
1.52844	0.00840641
1.56152	0.00822959
1.595	0.00804724
1.62889	0.00786058
1.66318	0.00766916
1.69789	0.00747425
1.73304	0.00727538
1.76862	0.00707381
1.80466	0.00686904
1.84117	0.00666236
1.87815	0.0064532
1.91563	0.00624285
1.95361	0.0060307
1.99212	0.00581804
2.03117	0.00560419
2.07077	0.00539045
2.11096	0.00517605
2.15175	0.00496229
2.19315	0.00474836
2.2352	0.00453551
2.27792	0.00432287
2.32133	0.00411169
2.36546	0.00390101
2.41034	0.00369209
2.456	0.00348388
2.50246	0.00327763
2.54977	0.00307223
2.59796	0.00286891
2.64705	0.00266649
2.6971	0.00246619
2.74814	0.00226676
2.80021	0.00206942
2.85336	0.00187285
2.90763	0.00167823
2.96307	0.00148421
3.01973	0.00129195
3.07767	0.0011
3.13693	0.000909508
3.19757	0.00071896
3.25966	0.000529461
3.32325	0.000339398
3.3884	0.000149827
3.45519	-4.09801e-05
3.52368	-0.000232046
3.59393	-0.000425244
3.66602	-0.000619713
3.74002	-0.000817512
3.816	-0.00101794
3.89404	-0.00122329
3.97422	-0.0014331
4.05659	-0.00164994
4.14126	-0.00187363
4.22828	-0.00210714
4.31773	-0.00235063
4.40969	-0.00260751
4.50422	-0.00287839
4.60141	-0.00316718
4.70132	-0.00347499
4.80402	-0.00380632
4.90957	-0.00416284
5.01805	-0.00454969
5.1295	-0.00496915
5.244	-0.00542702
5.3616	-0.00592625
5.48236	-0.00647334
5.60633	-0.00707193
5.73357	-0.00772929
5.86413	-0.00844979
5.99806	-0.00924151
6.13541	-0.0101097
6.27622	-0.0110632
6.42055	-0.0121083
6.56843	-0.0132548
6.7199	-0.01451
6.87501	-0.0158849
7.03379	-0.0173878
7.19628	-0.019031
7.3625	-0.020824
7.53249	-0.0227803
7.70629	-0.0249107
7.8839	-0.0272301
8.06537	-0.0297504
8.2507	-0.0324877
8.43992	-0.0354553
8.63304	-0.0386702
8.83009	-0.0421468
9.03106	-0.0459031
9.23598	-0.0499541
9.44485	-0.0543186
9.65768	-0.0590121
9.87447	-0.0640534
10.0952	-0.0694582
10.3199	-0.0752451
10.5486	-0.081429
10.7812	-0.0880278
11.0178	-0.0950553
11.2583	-0.102528
11.5028	-0.110457
11.7511	-0.118856
12.0034	-0.127735
12.2596	-0.137104
12.5196	-0.146968
12.7835	-0.157333
13.0512	-0.1682
13.3227	-0.179569
13.598	-0.191435
13.8771	-0.203793
14.1599	-0.21663
14.4463	-0.229933
14.7365	-0.243684
15.0303	-0.25786
15.3277	-0.272434
15.6286	-0.287377
15.9331	-0.30265
16.2411	-0.318217
16.5525	-0.334029
16.8674	-0.350041
17.1856	-0.366195
17.5072	-0.382436
17.832	-0.398699
18.1601	-0.414918
18.4914	-0.431021
18.8258	-0.446935
19.1633	-0.46258
19.5039	-0.477878
19.8475	-0.492743
20.1941	-0.507092
20.5436	-0.520834
20.8959	-0.533885
21.251	-0.546153
21.6089	-0.557552
21.9695	-0.567991
22.3328	-0.577386
22.6986	-0.58565
23.067	-0.592704
23.4379	-0.598465
23.8112	-0.602863
24.1869	-0.605823
24.5649	-0.607284
24.9452	-0.607183
25.3277	-0.605471
25.7123	-0.602099
26.0991	-0.597031
26.4879	-0.590234
26.8787	-0.581687
27.2714	-0.571376
27.666	-0.559297
28.0624	-0.545454
28.4606	-0.529861
28.8605	-0.51254
29.262	-0.493526
29.6651	-0.47286
30.0697	-0.450594
30.4759	-0.426789
30.8834	-0.401515
31.2923	-0.37485
31.7025	-0.346883
32.1139	-0.317707
32.5266	-0.287425
32.9403	-0.256147
33.3552	-0.223989
33.771	-0.191072
34.1878	-0.157523
34.6055	-0.123474
35.024	-0.0890593
35.4433	-0.0544165
35.8634	-0.0196872
36.2841	0.0149887
36.7054	0.0494673
37.1273	0.083608
37.5496	0.117268
37.9724	0.15031
38.3956	0.182595
38.8191	0.21399
39.2429	0.244365
39.6669	0.273596
40.091	0.301562
40.5152	0.328151
40.9394	0.353253
41.3637	0.376771
41.7878	0.39861
42.2118	0.418688
42.6356	0.436927
43.0592	0.453262
43.4824	0.467633
43.9053	0.479994
44.3278	0.490303
44.7497	0.498534
45.1712	0.504665
45.592	0.508688
46.0122	0.510601
46.4316	0.510415
46.8503	0.508149
47.2682	0.503831
47.6852	0.497498
48.1013	0.489196
48.5163	0.478979
48.9303	0.466911
49.3432	0.453058
49.755	0.437501
50.1655	0.420319
50.5747	0.401604
50.9826	0.38145
51.3891	0.359956
51.7941	0.337225
52.1977	0.313367
52.5997	0.288489
53	0.262706
53.3987	0.236132
53.7957	0.208883
54.1909	0.181075
54.5842	0.152825
54.9757	0.124248
55.3652	0.0954595
55.7527	0.0665708
56.1381	0.0376938
56.5214	0.00893549
56.9026	-0.0195987
57.2815	-0.0478087
57.6582	-0.0755966
58.0325	-0.102871
58.4044	-0.129543
58.7739	-0.15553
59.1409	-0.180755
59.5054	-0.205146
59.8673	-0.228636
60.2265	-0.251166
60.583	-0.27268
60.9368	-0.29313
61.2877	-0.312473
61.6358	-0.330674
61.981	-0.347701
62.3233	-0.36353
62.6625	-0.378142
62.9987	-0.391524
63.3318	-0.403669
63.6617	-0.414574
63.9884	-0.424241
64.3119	-0.43268
64.632	-0.439902
64.9488	-0.445924
65.2623	-0.450767
65.5722	-0.454456
65.8787	-0.457019
66.1816	-0.458488
66.481	-0.458897
66.7768	-0.458285
67.0688	-0.456691
67.3572	-0.454156
67.6418	-0.450723
67.9226	-0.446439
68.1995	-0.44135
68.4726	-0.435502
68.7417	-0.428943
69.0069	-0.421722
69.268	-0.413888
69.5251	-0.405489
69.7782	-0.396572
70.027	-0.387187
70.2718	-0.37738
70.5123	-0.367198
70.7486	-0.356685
70.9806	-0.345887
71.2083	-0.334847
71.4316	-0.323607
71.6506	-0.312206
71.8651	-0.300684
72.0752	-0.289079
72.2808	-0.277426
72.4819	-0.26576
72.6785	-0.254112
72.8704	-0.242514
73.0578	-0.230995
73.2405	-0.219582
73.4186	-0.208302
73.592	-0.197177
73.7606	-0.186231
73.9245	-0.175484
74.0837	-0.164956
74.238	-0.154665
74.3875	-0.144626
74.5322	-0.134856
74.672	-0.125367
74.8069	-0.116172
74.9369	-0.107282
75.062	-0.0987072
75.1821	-0.0904567
75.2972	-0.0825384
75.4074	-0.0749594
75.5125	-0.0677258
75.6127	-0.0608432
75.7077	-0.0543161
75.7978	-0.0481487
75.8828	-0.0423444
75.9626	-0.036906
76.0374	-0.0318361
76.1071	-0.0271367
76.1717	-0.0228094
76.2311	-0.0188555
76.2854	-0.015276
76.3346	-0.0120719
76.3786	-0.00924377
76.4174	-0.00679203
76.4511	-0.00471705
76.4796	-0.00301909
76.503	-0.00169831
76.5211	-0.000754824
76.5341	-0.000188709
